1,5392,true,0.702855
2,28381,false,0.413484
2,31319,false,0.112605
2,37263,false,1.008231
3,16952,false,0.770652
3,31659,false,0.698808
3,43110,false,0.726211
5,10460,false,0.747458
5,38474,false,0.830576
5,47210,false,0.324209
5,49053,false,0.39482
6,5443,true,0.052199
6,16567,false,0.894012
6,50747,false,0.588557
6,59032,false,0.617316
7,27860,false,0.209481
8,5442,true,0.6948
8,5558,true,0.128868
8,5933,true,0.961869
8,13289,false,0.76545
8,39407,false,0.38249
8,41951,false,0.474326
9,5720,true,0.060988
9,5833,true,0.813448
9,15109,false,0.26829
9,26541,false,0.856318
9,33666,false,0.015132
9,39667,false,0.30881
10,25590,false,0.043036
10,28702,false,0.238178
10,30402,false,0.710366
11,14042,false,0.185352
11,33861,false,0.152919
11,50407,false,0.889474
12,12437,false,0.430399
12,45759,false,0.548034
12,54802,false,0.934196
13,45850,false,0.194497
13,46870,false,0.703471
13,48504,false,0.059021
14,27866,false,0.24458
14,34898,false,0.803337
15,26795,false,0.119645
15,47197,false,0.031962
16,25927,false,0.750112
16,31207,false,0.994064
17,43734,false,0.986616
17,53010,false,0.059761
17,55771,false,0.460385
18,15746,false,0.149528
18,28362,false,0.825882
19,40104,false,0.630315
19,42782,false,0.665438
19,59797,false,0.287417
20,17241,false,0.032313
20,20153,false,0.746316
20,24464,false,0.564662
20,28363,false,0.670177
20,57687,false,1.003728
21,33945,false,0.98601
21,59069,false,0.440855
22,38371,false,0.734343
24,36150,false,0.229807
24,47772,false,0.916761
26,34018,false,0.029051
27,11646,false,0.11419
27,35589,false,0.472106
27,43176,false,0.109844
27,45289,false,0.559399
27,56764,false,0.45998
28,19691,false,0.473955
28,58293,false,0.981037
29,32251,false,0.969151
29,38048,false,0.523913
29,40609,false,0.555194
29,57113,false,0.226441
30,55182,false,0.406101
31,20754,false,0.266234
31,31066,false,0.655816
31,41042,false,0.102889
32,16774,false,0.488195
32,18165,false,0.666513
32,21150,false,0.952824
32,42318,false,0.330051
34,11331,false,0.402281
34,19758,false,0.554528
34,33300,false,0.152084
34,33602,false,0.789412
34,38876,false,0.178896
34,38918,false,0.843053
35,34895,false,1.014591
35,56751,false,0.775355
36,52564,false,0.58583
36,59382,false,0.782045
37,26108,false,0.052155
38,22586,false,0.9475
38,39958,false,0.683269
38,57918,false,0.506145
39,17058,false,0.759266
39,25060,false,0.670699
39,37745,false,0.540703
40,38366,false,0.901718
40,59800,false,0.097833
41,18386,false,0.12458
41,42044,false,0.788232
41,57636,false,0.092436
42,25567,false,0.76286
42,47740,false,0.098819
42,53309,false,0.635079
44,36005,false,0.535932
45,5011,true,0.376538
45,5294,true,0.360855
45,5779,true,0.01158
45,11633,false,0.016981
45,14050,false,0.515413
45,24613,false,0.457594
45,36396,false,0.984007
47,5082,true,0.789684
47,5233,true,0.856114
47,5506,true,0.816673
47,5514,true,0.263933
47,22535,false,0.698762
47,26276,false,0.420162
47,53624,false,0.303276
47,55012,false,0.438372
48,32957,false,0.574384
48,52458,false,0.594055
49,5170,true,0.088386
50,29764,false,0.319138
50,37836,false,0.734874
51,5602,true,0.88487
51,24537,false,0.423477
51,35842,false,0.512431
51,50934,false,0.291654
52,5234,true,0.218827
52,5903,true,0.412867
53,5235,true,0.508601
53,45470,false,0.15514
53,48581,false,0.111691
54,5431,true,0.776916
54,38116,false,0.504594
54,51319,false,0.703443
55,5489,true,0.76399
55,5816,true,0.307261
55,19479,false,0.81562
56,5620,true,0.030051
56,5847,true,0.525266
56,26715,false,0.97547
56,31480,false,0.417346
56,58827,false,0.942003
57,5270,true,0.092306
57,28082,false,0.846875
57,52884,false,0.480272
58,24997,false,0.766085
58,44867,false,0.15209
58,45049,false,0.896421
59,19052,false,0.767905
60,5302,true,0.344159
60,5351,true,0.268522
60,5497,true,0.864578
60,12506,false,1.014521
60,24315,false,0.209178
60,48996,false,0.789477
60,57502,false,0.319437
60,59089,false,0.074932
61,5017,true,0.877521
61,5323,true,0.732274
61,10607,false,0.273137
62,26791,false,0.689976
62,59025,false,0.530939
63,25385,false,0.508586
63,41221,false,0.847271
64,33590,false,0.028098
64,44255,false,0.341071
65,26713,false,1.003895
65,26908,false,0.063652
65,38080,false,0.061906
65,49302,false,0.818112
66,18949,false,0.706811
67,25027,false,0.330562
68,25442,false,0.017913
68,36212,false,0.231532
68,46372,false,0.839285
69,59149,false,0.274971
72,16415,false,0.995203
72,36838,false,0.570536
72,38636,false,0.614999
72,43174,false,0.429739
73,19869,false,0.308033
73,57109,false,0.064495
74,12091,false,0.855065
74,14940,false,0.388044
74,31707,false,0.605203
74,32488,false,0.694814
74,42156,false,0.512906
75,46411,false,0.120723
76,36313,false,0.517947
77,22731,false,0.667595
77,31569,false,0.812154
77,54781,false,0.492775
78,13980,false,0.612955
79,37938,false,0.463641
79,41423,false,0.703498
79,55465,false,0.71152
79,59218,false,0.525327
80,16982,false,0.798043
80,29649,false,0.560838
81,11124,false,0.039983
81,22577,false,0.320004
81,36970,false,0.870479
81,52559,false,0.682877
82,18519,false,0.943809
82,46836,false,0.888478
83,52655,false,0.436581
84,28086,false,0.710662
84,33565,false,0.079443
84,41130,false,0.047929
84,41936,false,0.080471
85,30790,false,0.161946
85,56064,false,0.708998
86,39396,false,0.537206
86,42902,false,0.31572
87,39094,false,0.092411
87,44252,false,0.6056
88,13975,false,0.877541
88,19569,false,0.135795
88,24139,false,0.513794
88,28824,false,0.336012
89,23071,false,0.585825
89,25738,false,0.030893
89,32854,false,1.031659
90,37021,false,0.545663
91,27674,false,0.9305
91,41896,false,0.751002
92,10370,false,0.908765
92,20938,false,0.906742
93,34520,false,0.678961
93,59981,false,0.909948
94,32677,false,0.200064
94,33217,false,0.767159
95,13515,false,0.07652
95,58660,false,0.526084
96,27409,false,0.675744
96,27710,false,0.689919
96,29848,false,0.023145
96,42805,false,0.349884
96,44669,false,0.98046
97,25694,false,0.462851
97,42066,false,0.418213
98,30714,false,0.365616
98,33967,false,0.719621
98,35665,false,0.121517
98,57962,false,0.224544
99,29129,false,0.673374
99,41747,false,1.009286
100,25874,false,0.504302
101,20206,false,0.276736
101,23848,false,0.043586
101,27019,false,0.339119
101,53768,false,0.13697
102,35635,false,0.872625
104,11666,false,0.298426
104,21898,false,0.130542
104,23840,false,0.714784
104,27824,false,0.042405
104,38027,false,0.203539
104,41028,false,0.505487
104,49163,false,0.457541
105,10884,false,0.96142
105,22319,false,0.404421
105,25008,false,0.60975
105,38085,false,0.238349
106,5136,true,0.291964
106,5946,true,0.808289
106,17786,false,0.080345
106,20794,false,0.221703
106,34722,false,0.668901
106,39678,false,0.244466
106,50144,false,0.470106
106,54355,false,0.510414
107,5059,true,0.194206
107,12875,false,0.211377
107,20112,false,0.997147
107,27305,false,0.020233
108,26405,false,0.348557
109,13172,false,0.734595
109,23465,false,0.774516
109,34398,false,1.002139
110,34080,false,0.311019
111,5036,true,0.669388
111,5064,true,0.263993
111,5199,true,0.760751
111,5282,true,0.666726
111,5640,true,0.798825
111,5690,true,0.409839
111,5867,true,0.770817
111,16562,false,0.607115
111,34471,false,0.543215
111,52651,false,0.570875
112,5192,true,0.282497
112,5407,true,0.534391
112,5486,true,0.253734
112,20239,false,0.171751
112,26650,false,0.373595
112,34486,false,0.229145
113,5421,true,0.389679
113,45771,false,1.008864
113,59833,false,0.925522
114,21579,false,0.061761
114,38536,false,0.411186
114,41983,false,0.827476
114,42084,false,0.281633
114,55169,false,0.989647
115,6003,true,0.619687
115,12572,false,0.848953
115,35670,false,0.939348
115,38438,false,0.389512
115,58529,false,0.913671
116,5215,true,0.811755
116,5556,true,0.86892
116,26927,false,0.271015
117,11994,false,0.669094
117,14897,false,0.817509
117,24952,false,0.664199
117,51819,false,0.081331
117,57161,false,0.058522
118,28898,false,0.881653
118,43764,false,0.278341
118,53378,false,0.49611
119,5904,true,0.160219
119,11551,false,0.556116
119,31525,false,0.704593
119,40103,false,0.427967
119,55311,false,0.665992
121,5403,true,0.241132
121,44270,false,0.673646
121,54627,false,0.157195
122,5321,true,0.894731
122,5879,true,0.990738
122,37323,false,0.639476
123,5054,true,0.35978
123,43570,false,0.763488
124,5883,true,0.328947
124,37308,false,0.822515
125,5198,true,0.673442
126,5062,true,0.751371
126,18261,false,0.896299
126,18570,false,0.436852
126,41631,false,0.509802
126,41803,false,0.666056
127,5313,true,0.085437
127,35643,false,0.746543
128,5667,true,0.815722
128,13009,false,0.581513
128,44256,false,0.630835
128,44770,false,0.235641
129,5138,true,0.070579
129,5425,true,0.512053
129,43037,false,0.657522
129,49971,false,0.263651
129,53936,false,0.723238
130,5872,true,0.865201
130,25623,false,0.93968
130,43040,false,0.878725
130,43692,false,0.998531
131,5331,true,0.977176
131,5447,true,0.825027
131,5801,true,0.170877
131,28162,false,0.895343
131,39569,false,0.540202
132,12022,false,0.470793
132,41475,false,0.38537
132,42366,false,0.59914
132,55745,false,0.223438
133,5617,true,0.943791
133,5994,true,0.570252
133,48799,false,0.35061
133,55853,false,0.478919
134,5180,true,0.354497
134,12332,false,0.344622
134,16913,false,0.051618
134,47741,false,0.247728
134,52332,false,0.038642
134,56044,false,0.660818
135,5293,true,0.138874
135,5397,true,0.09099
135,5633,true,0.731032
136,5066,true,0.603685
137,15245,false,0.721031
138,5194,true,0.148328
138,24716,false,0.129661
138,28018,false,0.233429
138,28289,false,0.965201
138,54558,false,0.3748
139,28495,false,1.011238
140,21664,false,0.533691
141,5147,true,0.426467
141,5434,true,0.968526
141,5912,true,0.055482
141,10389,false,0.890341
141,18650,false,0.931387
141,19898,false,0.58542
141,40686,false,0.439949
142,5643,true,5.75E-4
142,12652,false,0.665172
142,20261,false,0.939236
143,5441,true,0.867475
143,5742,true,0.552769
143,31324,false,0.097815
143,43475,false,0.287714
144,5249,true,0.802066
144,44442,false,0.210845
144,47098,false,0.114324
145,45189,false,0.296104
146,5897,true,0.349749
146,13790,false,0.932309
146,49265,false,0.837558
147,24577,false,0.115825
147,27659,false,0.526508
147,27927,false,0.029161
148,39116,false,0.952684
148,40301,false,0.678561
149,16595,false,0.766279
150,32125,false,0.01493
150,42264,false,0.100089
150,51572,false,0.638046
151,47427,false,0.403865
152,25528,false,0.913493
152,53269,false,0.472582
153,31788,false,0.927905
154,13422,false,0.418433
154,23647,false,0.899059
154,39941,false,0.043593
155,25058,false,0.276871
157,22028,false,0.887862
158,23787,false,0.401694
158,52935,false,0.733047
159,11386,false,0.622984
161,25805,false,0.597709
161,36878,false,0.498877
161,54042,false,0.042829
162,11446,false,0.727884
162,40295,false,0.84295
163,20366,false,0.368922
164,10246,false,0.862538
164,10871,false,0.900824
165,18287,false,0.037521
165,33592,false,0.50265
165,42389,false,0.437109
165,49908,false,0.166476
166,12370,false,0.772478
166,13640,false,0.152914
166,49385,false,0.398186
167,58917,false,0.342181
168,18882,false,0.565981
168,26014,false,0.412788
168,37283,false,1.005059
168,48071,false,0.571531
168,50484,false,0.901408
168,58899,false,0.083518
168,59194,false,0.040349
169,54761,false,0.283427
170,27247,false,0.031254
170,36827,false,0.367786
171,14284,false,0.507216
171,15328,false,0.073808
171,19576,false,0.932499
171,45456,false,0.881138
172,12414,false,0.654785
172,44393,false,0.898574
172,49305,false,0.233434
173,13735,false,0.949353
173,38828,false,0.662278
174,11615,false,0.832818
174,42166,false,0.597093
174,52254,false,0.612644
175,17314,false,0.814097
176,22038,false,0.214694
176,24497,false,0.649297
176,44901,false,0.427654
177,29666,false,0.283982
177,30199,false,0.876197
177,36637,false,0.191509
178,48572,false,0.73946
179,38241,false,0.701459
180,10554,false,0.791832
180,28825,false,0.989739
180,37937,false,0.971156
180,57768,false,0.93364
181,18855,false,0.84097
181,44917,false,0.803874
181,55748,false,0.201247
182,14339,false,0.316612
182,21443,false,0.073182
182,26949,false,0.639648
182,33789,false,0.075367
182,44838,false,0.915793
183,14714,false,0.502723
183,22732,false,0.444265
183,29699,false,0.036993
183,40150,false,0.468221
183,44803,false,0.281837
184,31938,false,0.227435
184,35843,false,0.138655
184,55064,false,0.145854
185,28262,false,0.513354
185,43274,false,0.372469
186,27907,false,0.228137
186,43271,false,0.681491
187,12356,false,0.799077
187,44548,false,0.793348
188,51739,false,1.003585
189,22633,false,0.778819
190,44989,false,0.226594
190,58134,false,0.838286
191,29472,false,0.696994
191,52184,false,0.692799
192,12564,false,0.856396
192,32485,false,0.206223
192,35371,false,0.859114
193,12160,false,0.318718
193,12338,false,0.09226
193,29796,false,0.450277
193,36477,false,0.113559
194,13795,false,0.629134
194,17709,false,0.088173
194,31720,false,0.627904
194,42433,false,1.020655
195,35969,false,0.388253
195,56739,false,0.107717
196,20022,false,0.125442
196,41577,false,0.933517
197,44744,false,0.137457
197,51955,false,0.243404
197,54672,false,0.438707
198,41310,false,0.793562
198,53139,false,0.809665
198,56683,false,0.815771
199,12175,false,0.762856
200,12227,false,0.258423
200,15303,false,0.745782
200,26681,false,0.625312
200,50135,false,0.841264
200,57960,false,0.45074
201,14959,false,0.826926
201,19015,false,0.252779
201,32105,false,0.74941
201,50691,false,0.892338
201,54685,false,0.324673
202,46969,false,0.522995
202,56502,false,0.593161
203,10534,false,0.303931
203,47624,false,0.126597
203,59821,false,0.985126
204,12874,false,0.058558
205,16211,false,0.867148
205,20934,false,0.961524
205,33972,false,0.136856
206,33308,false,0.094771
207,16174,false,0.640137
207,51916,false,0.246561
207,53707,false,0.973747
208,20927,false,0.878446
209,15499,false,0.605918
210,10365,false,0.370767
210,24521,false,0.704795
211,40308,false,0.323042
211,45101,false,0.16354
212,17662,false,0.127724
212,36569,false,0.675891
213,11369,false,0.253513
213,38247,false,0.317643
213,42875,false,0.104779
213,53061,false,0.298155
215,49807,false,0.617293
215,56063,false,0.329217
217,18109,false,0.979255
218,40205,false,0.964882
219,22720,false,0.269927
219,33815,false,0.414057
219,41625,false,0.458188
219,46148,false,0.821359
220,31557,false,0.024566
220,34062,false,0.378507
220,36470,false,0.719317
220,46209,false,0.407014
221,46558,false,0.772462
221,50685,false,0.120682
221,57995,false,0.155955
223,20265,false,0.053845
223,21023,false,0.627283
223,21973,false,0.736338
223,25733,false,0.554162
223,43967,false,0.769468
224,49975,false,0.311427
225,36689,false,0.746578
225,41030,false,0.579737
225,53411,false,0.55573
226,20600,false,0.978376
226,20808,false,0.755431
226,22511,false,0.460899
226,24112,false,0.068617
226,40943,false,0.171007
227,34172,false,0.658603
227,34602,false,0.921475
228,14919,false,0.285442
228,32045,false,0.364174
228,41334,false,0.277375
228,48219,false,0.151557
231,15060,false,1.001789
231,35751,false,0.90064
231,50507,false,0.279544
232,23489,false,0.760918
232,33641,false,0.24784
232,44000,false,0.027466
233,14931,false,0.835554
233,32272,false,0.542132
233,51468,false,0.550987
234,59132,false,0.345642
235,57735,false,0.205976
236,28858,false,0.832503
237,15103,false,0.559587
237,33096,false,0.70351
238,13081,false,0.68258
238,32248,false,0.284747
239,38488,false,0.293002
239,50909,false,0.74416
240,27954,false,0.250629
240,32216,false,0.287166
240,33709,false,0.631214
240,37588,false,0.032907
240,41473,false,0.688881
240,51411,false,0.210963
242,18176,false,0.690765
242,35775,false,0.615172
242,48679,false,0.339272
243,10320,false,0.468411
243,59640,false,0.716359
244,22592,false,0.065941
245,36706,false,0.572166
245,40046,false,0.199287
246,11494,false,0.279841
246,17644,false,0.211817
246,36188,false,0.691053
246,59067,false,0.003035
247,25342,false,0.085104
247,54896,false,0.63659
248,16499,false,0.871004
248,28125,false,0.557372
249,15697,false,0.704475
249,37303,false,0.406951
249,49976,false,0.195712
251,46093,false,0.71497
251,55806,false,1.009966
251,56213,false,0.855821
252,10456,false,0.07544
252,53942,false,0.917327
252,59450,false,0.346037
253,51070,false,0.928531
253,51254,false,0.784448
253,59235,false,0.291384
254,16598,false,0.227664
254,51364,false,0.582452
255,20120,false,0.131663
255,20663,false,0.662075
255,34988,false,0.352344
256,23528,false,0.464646
256,32175,false,0.123387
256,46559,false,0.866843
256,48230,false,0.223689
256,57309,false,0.993145
257,13763,false,0.289035
257,38696,false,0.056153
257,52407,false,0.92587
258,10677,false,0.268354
258,18837,false,0.790503
258,42874,false,0.426565
258,46328,false,0.769241
259,32751,false,0.708333
259,33234,false,0.320059
259,53301,false,0.805438
261,15021,false,0.001575
261,36535,false,0.036439
261,56352,false,0.913806
262,44146,false,0.34127
262,57782,false,0.169182
263,31983,false,0.318239
263,44128,false,0.058426
263,47645,false,0.396645
264,49524,false,0.095979
265,56825,false,0.91399
265,57253,false,0.464224
266,11914,false,0.84874
267,5406,true,0.451341
267,5713,true,0.95366
267,5990,true,0.888042
267,37780,false,0.229152
267,47759,false,0.224098
268,5095,true,0.918447
268,15663,false,0.432888
269,21110,false,0.431277
269,32038,false,0.784174
269,51717,false,0.913151
269,53156,false,0.886596
270,5453,true,1.000714
270,5830,true,0.404057
270,22380,false,0.035605
270,45123,false,0.478845
270,49411,false,0.602634
270,49578,false,0.818255
271,39633,false,0.951867
271,41187,false,0.498625
271,42846,false,0.905319
272,5068,true,0.512199
272,5622,true,0.036171
272,5978,true,0.216661
272,17178,false,0.751622
272,21139,false,0.751183
272,28433,false,0.407078
273,38701,false,0.388957
273,41107,false,0.616727
273,43499,false,0.012715
273,43586,false,0.578183
273,50013,false,0.33952
274,5274,true,0.540067
274,29880,false,1.011475
274,48482,false,0.248228
274,50754,false,0.580033
275,40916,false,0.272684
275,43710,false,0.732029
275,50151,false,0.379741
278,18615,false,0.119084
278,21428,false,0.980846
278,21723,false,0.613745
278,22935,false,0.930523
278,38958,false,0.314957
278,44195,false,0.931056
278,57071,false,0.208375
279,32423,false,0.075377
279,51037,false,0.827026
279,57249,false,0.420627
280,15424,false,0.483386
280,20878,false,0.025719
280,24200,false,0.669802
280,50486,false,0.280914
282,52427,false,0.083456
283,29576,false,0.307531
283,35973,false,0.65619
283,52059,false,0.117804
284,30977,false,0.578368
285,23184,false,0.871723
285,47916,false,0.136491
285,53097,false,0.621296
286,19228,false,0.529689
286,32448,false,0.04451
286,43595,false,0.693064
286,55811,false,0.609432
286,56221,false,0.441301
287,54438,false,0.798003
288,38244,false,0.766476
288,49047,false,0.840369
289,41947,false,0.055016
290,21585,false,0.691833
290,38448,false,0.335597
291,20134,false,0.76252
291,32220,false,0.798963
292,20575,false,0.802132
294,17710,false,0.793861
294,55593,false,0.154074
295,15265,false,0.860865
296,11132,false,0.537793
296,17807,false,0.19957
296,27113,false,0.61244
296,49368,false,0.391809
298,48580,false,0.285974
298,58445,false,0.836116
299,26491,false,0.270184
299,53059,false,0.77396
300,10959,false,0.115143
300,24597,false,0.667665
300,25091,false,0.084763
300,33833,false,0.276006
300,36618,false,0.250224
301,11080,false,0.761207
301,40370,false,0.628975
301,49951,false,0.658004
302,28372,false,0.363355
303,10361,false,0.05782
304,16105,false,0.907094
305,5437,true,0.944102
306,5381,true,0.059562
307,14898,false,0.172989
307,22820,false,0.709219
307,28448,false,0.842274
308,38942,false,0.36561
308,42091,false,0.052463
309,5344,true,0.892944
309,5759,true,0.612642
309,5826,true,0.197995
310,5642,true,0.777023
310,21938,false,0.713675
310,24313,false,0.136767
310,27765,false,0.290587
310,29333,false,0.157307
310,51919,false,0.470824
311,5172,true,0.384399
311,5659,true,1.000564
311,5803,true,0.910566
311,19991,false,0.126248
311,32360,false,0.951634
312,10723,false,0.789447
312,10966,false,0.868317
312,46241,false,0.321077
312,46735,false,0.645694
312,51768,false,0.931493
313,6000,true,0.601206
313,6004,true,0.892868
313,55037,false,0.539618
314,5047,true,0.487313
314,5459,true,0.282955
314,5510,true,0.780809
315,5210,true,0.376621
315,5866,true,0.207346
315,31304,false,0.595901
316,5477,true,0.771965
316,11052,false,0.573603
317,5789,true,0.97403
317,5975,true,0.264187
317,46880,false,0.024951
317,47993,false,0.425331
317,56170,false,0.720751
318,21686,false,0.864446
318,26873,false,0.200619
318,37108,false,0.635576
319,15577,false,0.591134
319,27202,false,0.101683
319,28795,false,0.957742
319,53302,false,0.543704
320,5169,true,0.465788
320,26754,false,0.910502
320,31459,false,0.183316
321,5196,true,0.146907
321,5955,true,0.545914
321,29032,false,0.126727
321,40496,false,0.485611
322,5091,true,0.359145
322,16719,false,0.094954
322,24510,false,0.506647
322,50840,false,0.003422
323,5628,true,0.422255
323,28488,false,0.141744
324,47079,false,1.008978
325,5603,true,0.991626
325,5863,true,0.947272
325,28239,false,0.034351
325,28743,false,0.227545
326,17850,false,0.720671
326,41115,false,0.414094
326,41224,false,0.98575
327,31910,false,0.884045
327,40752,false,0.111539
328,10139,false,0.130133
328,11689,false,0.926918
328,30278,false,0.918478
328,46401,false,0.644169
329,12331,false,0.804795
329,57531,false,0.445214
330,10875,false,0.902105
330,14936,false,0.726584
330,27488,false,0.74461
330,43567,false,0.690954
331,35311,false,0.146882
331,50814,false,1.00632
332,31640,false,0.654771
332,46045,false,0.678614
333,16259,false,0.220202
333,16298,false,0.234709
333,18282,false,0.30628
333,38757,false,0.205336
334,10021,false,0.681718
334,29731,false,0.173612
334,30390,false,0.218306
334,47335,false,0.130974
334,50029,false,0.593638
335,5258,true,0.559458
335,5800,true,0.348861
336,5083,true,0.031803
336,18419,false,0.463664
336,46348,false,0.616953
336,50592,false,0.086004
337,5283,true,0.213247
337,5595,true,0.730227
337,5657,true,0.146937
338,5223,true,0.905381
339,5085,true,0.141109
339,50565,false,0.660587
340,5535,true,0.436261
340,44206,false,0.334355
341,5303,true,0.146162
341,5957,true,0.372542
341,52345,false,0.950356
342,5968,true,0.254971
342,33997,false,0.792666
342,36897,false,0.251588
342,50766,false,0.78828
343,5956,true,0.187743
343,44321,false,0.364739
343,53215,false,0.987593
343,58127,false,0.812872
344,5025,true,0.483312
344,5817,true,0.733815
344,48462,false,0.662693
344,54177,false,0.367787
345,16220,false,0.034216
345,31448,false,0.414797
345,39249,false,0.226157
345,40471,false,0.699267
345,46072,false,0.588606
346,22870,false,0.014805
346,24413,false,0.717558
346,25466,false,0.248942
346,48057,false,0.338933
346,57887,false,0.953654
348,54772,false,0.96501
349,46722,false,0.429722
349,55003,false,0.881063
349,59269,false,0.355163
350,41336,false,0.993494
350,58004,false,0.512275
351,47583,false,0.425797
351,50739,false,0.30995
351,53807,false,0.850077
352,48885,false,0.936876
353,39414,false,1.017549
353,39657,false,0.033251
354,5118,true,0.623303
354,20922,false,0.685661
354,22482,false,0.358225
355,5287,true,0.618559
355,24526,false,0.23058
355,44780,false,0.614064
355,55110,false,0.343422
356,13364,false,0.468494
356,23319,false,0.651591
357,15439,false,0.182886
357,49594,false,0.957269
357,58235,false,0.932216
358,25001,false,0.88028
358,25239,false,0.670782
358,32589,false,0.291
358,56469,false,0.867502
359,15320,false,0.124253
359,37135,false,0.98377
359,50710,false,0.125778
359,58157,false,0.144298
360,19574,false,0.055215
362,11469,false,0.998175
362,24104,false,0.579291
362,40061,false,0.050198
362,44467,false,0.229213
362,53379,false,0.930391
363,5055,true,0.57156
363,5214,true,0.661258
363,5227,true,0.841418
364,5362,true,0.75764
364,5423,true,0.540483
364,5928,true,0.016683
364,57631,false,0.046365
365,18812,false,0.400893
365,31939,false,1.023652
365,42609,false,0.548729
366,29470,false,0.158069
366,35404,false,0.471471
366,38550,false,0.415608
366,47273,false,0.154107
367,45483,false,0.332197
367,58284,false,0.530371
368,5598,true,0.662558
368,5984,true,0.93251
368,39950,false,0.765749
369,25660,false,0.543695
370,5269,true,0.733322
370,25127,false,0.986582
371,19974,false,0.681158
371,53594,false,0.880226
371,55938,false,0.271298
372,5016,true,0.953399
372,5652,true,0.441277
373,17455,false,0.702751
373,24815,false,0.844548
373,44955,false,0.240546
373,59565,false,0.943469
374,5424,true,0.180181
374,15976,false,0.206259
374,17679,false,1.026287
374,25755,false,0.579916
374,30666,false,0.515652
374,40311,false,0.241963
374,49613,false,0.564751
375,15584,false,0.579041
375,32252,false,0.269681
376,5272,true,0.02859
376,5299,true,0.87738
376,5559,true,0.852528
376,10918,false,0.62835
376,18643,false,0.211434
376,28961,false,0.06258
376,51710,false,1.00082
377,17213,false,0.832348
377,40803,false,0.93923
378,20083,false,0.142226
380,14024,false,0.369411
380,47064,false,0.157174
381,35480,false,0.808359
381,43895,false,0.617304
381,57165,false,0.868897
382,30366,false,0.411627
382,59973,false,0.345913
383,12047,false,0.688618
383,23610,false,0.252043
383,29546,false,0.995918
383,37516,false,0.18104
384,31798,false,0.320315
385,32473,false,0.169091
386,35206,false,0.849839
386,58252,false,0.676603
387,11450,false,0.69465
388,24285,false,0.354736
388,33109,false,0.616715
388,34306,false,0.828721
388,36538,false,0.949507
388,39743,false,1.009889
388,55088,false,0.347343
388,56643,false,0.227189
389,5074,true,0.523409
389,5935,true,0.457623
390,5181,true,0.190427
390,5852,true,0.75239
390,17576,false,0.315304
390,48194,false,0.316087
391,5629,true,0.948405
391,26735,false,0.920898
391,51704,false,0.493929
392,5100,true,0.43299
392,49543,false,0.772121
393,5108,true,0.63226
393,47527,false,0.151535
393,49864,false,0.943881
394,5979,true,0.813434
394,26675,false,0.900654
394,46724,false,0.760836
394,51953,false,0.743998
394,58100,false,0.631044
395,5533,true,0.334527
396,5655,true,0.867604
396,11831,false,0.38796
396,20183,false,0.291024
396,48855,false,0.725953
397,15765,false,0.661133
397,32456,false,0.681185
397,34122,false,0.426249
397,48489,false,0.007138
398,5014,true,0.038773
398,5266,true,0.389498
398,5448,true,0.968161
398,25873,false,0.313656
398,47770,false,0.120413
399,5970,true,0.161554
400,5802,true,0.351246
400,10156,false,0.977362
400,20872,false,0.413259
400,30234,false,0.107846
400,34601,false,0.148533
401,5648,true,0.433458
402,5271,true,0.90918
402,5859,true,0.497604
402,37979,false,0.626747
402,46335,false,0.81026
403,5363,true,0.634301
403,5906,true,0.237016
403,30421,false,0.702749
403,34429,false,0.747507
403,37155,false,0.270484
403,52612,false,0.924872
404,10613,false,0.996282
404,23889,false,1.001687
404,51492,false,0.880246
405,17002,false,0.123805
405,24781,false,0.012999
406,5216,true,0.175162
409,54388,false,0.745664
410,5851,true,0.866282
410,32070,false,0.53539
410,38717,false,0.056794
410,39220,false,0.972929
410,48195,false,0.185025
411,5870,true,0.340362
411,40612,false,0.117734
412,5073,true,0.706922
412,5093,true,0.694961
412,5541,true,0.671988
412,58575,false,0.173711
413,49209,false,0.384237
414,19086,false,0.71567
414,43014,false,0.960848
415,5049,true,0.063092
415,36023,false,0.970736
415,49102,false,0.539233
416,5950,true,0.494402
416,41778,false,0.889463
417,5035,true,0.102883
417,12741,false,0.677929
417,17903,false,0.861435
417,30817,false,0.324903
418,5208,true,0.581046
418,5725,true,0.965317
419,5107,true,0.98918
419,40028,false,0.230158
420,5020,true,0.239977
420,32062,false,0.897151
420,40545,false,1.004201
420,44565,false,0.090676
421,5116,true,0.475318
421,15508,false,0.881529
421,23849,false,0.801664
421,32592,false,0.709149
421,55327,false,0.125905
422,18280,false,0.476817
422,24280,false,0.122901
422,24523,false,1.008356
423,5176,true,1.034366
423,5206,true,0.919682
423,5735,true,0.460409
423,5911,true,0.646653
423,13035,false,0.850677
423,26453,false,0.287655
424,10424,false,0.060066
424,45931,false,0.363368
425,5237,true,0.437084
425,52560,false,0.827866
426,5649,true,0.410124
426,5793,true,0.350441
426,5963,true,0.764445
426,57884,false,0.187621
427,5300,true,0.196798
427,14201,false,0.02189
427,18136,false,0.641516
427,38966,false,0.627194
427,45445,false,0.751974
428,5481,true,0.16431
428,34966,false,0.751891
428,52528,false,0.636361
429,5308,true,0.633339
429,5389,true,0.257002
430,24063,false,0.277705
430,56185,false,0.79477
431,5367,true,0.61513
431,13676,false,0.005296
431,21191,false,0.27969
431,37415,false,0.010173
431,41650,false,0.409551
431,47551,false,0.671038
432,5877,true,0.659052
432,13605,false,0.348421
432,42739,false,0.611787
432,49812,false,0.708551
432,56190,false,0.731096
433,10186,false,0.175155
433,48586,false,0.585172
434,5500,true,0.973077
434,5524,true,0.309993
434,19237,false,0.420802
434,50372,false,0.864401
435,5751,true,0.265671
435,5905,true,0.66134
436,5518,true,0.230591
436,19565,false,0.350352
436,22283,false,0.491862
436,46120,false,0.566942
436,48070,false,0.180131
437,34498,false,0.018259
437,59416,false,0.62194
438,5006,true,0.090324
438,5186,true,0.112793
438,5825,true,0.957281
438,17535,false,0.425108
438,33868,false,0.300003
439,10132,false,0.482131
439,20281,false,0.252355
439,39879,false,0.747109
439,50031,false,0.610785
440,5315,true,0.951605
440,5417,true,0.483032
440,18852,false,0.91305
440,28384,false,0.886538
440,47060,false,0.337253
441,18999,false,0.030339
442,5849,true,0.088137
442,21832,false,0.406631
442,32171,false,0.840619
442,44689,false,0.783862
443,22047,false,0.878693
443,34906,false,0.705222
443,41966,false,0.927594
444,36940,false,0.559381
445,12266,false,0.625656
445,30261,false,1.016157
445,44211,false,0.016733
445,54877,false,0.103194
446,5589,true,0.475602
446,18924,false,0.909397
446,57438,false,0.703085
447,5377,true,0.466827
447,29521,false,0.686435
448,5166,true,0.392993
448,23753,false,0.027716
448,29044,false,0.867066
448,32482,false,0.224633
448,32863,false,0.213559
448,44096,false,0.830356
448,46579,false,0.183184
449,5316,true,0.274114
449,39960,false,0.884327
449,58418,false,0.616042
450,34435,false,0.716047
451,5860,true,0.589584
451,57146,false,0.583535
452,5075,true,0.536552
452,5621,true,1.006376
452,5854,true,0.937626
452,12886,false,0.884741
452,51960,false,0.845615
453,5727,true,0.393405
453,25219,false,0.914
453,54752,false,0.037648
454,5242,true,0.128876
455,12542,false,0.849198
455,40369,false,0.81201
455,52730,false,0.863463
455,58260,false,1.012844
457,5534,true,0.148206
457,11901,false,0.841995
457,29293,false,0.003364
457,43876,false,0.30252
457,57225,false,0.731804
458,5032,true,0.480753
458,5570,true,0.755486
458,53335,false,0.713795
459,5090,true,0.836995
459,12187,false,0.888408
459,37014,false,0.105167
460,5907,true,0.852933
460,44607,false,0.566359
460,52064,false,0.175667
460,54535,false,0.746044
461,5158,true,0.302575
461,13159,false,0.351219
461,56367,false,0.0024
462,55178,false,0.278247
463,5901,true,0.979541
463,59343,false,0.470013
464,5229,true,0.175204
464,5530,true,0.152392
464,17745,false,0.434158
464,29852,false,0.400283
464,32004,false,0.235203
464,44646,false,0.378678
464,45969,false,0.070966
464,48444,false,0.790486
465,10606,false,0.336112
465,21392,false,0.116813
465,57434,false,0.972079
466,13194,false,0.820778
466,55216,false,0.837726
466,55960,false,0.941918
467,5167,true,0.86008
468,44265,false,0.742051
468,48232,false,0.325828
469,17190,false,0.19641
469,30254,false,0.778482
469,56254,false,0.709181
470,5965,true,0.765075
470,26231,false,0.088923
470,28921,false,0.017689
471,5173,true,0.496401
471,5470,true,0.317624
471,5768,true,0.411424
471,5782,true,0.317127
471,5920,true,0.126722
471,17358,false,0.536144
471,18862,false,0.289181
472,5298,true,0.450367
472,5318,true,0.349962
472,5885,true,0.666252
472,50601,false,1.041646
472,51369,false,0.05608
473,24179,false,0.114069
473,30717,false,0.907851
473,49461,false,0.387538
473,52271,false,0.749705
474,20928,false,0.960915
474,23067,false,0.543785
474,30951,false,0.066587
474,32753,false,0.84058
474,35433,false,1.002972
474,36526,false,0.668764
475,37250,false,0.709541
476,5069,true,0.94601
476,27845,false,0.595975
476,58943,false,0.85687
477,5552,true,0.383411
477,19411,false,0.813214
477,33246,false,0.836604
477,36927,false,0.470222
477,44851,false,0.585237
477,59651,false,0.813428
478,5221,true,0.108742
478,5493,true,0.048299
478,10579,false,0.674379
478,10789,false,0.364426
478,30667,false,0.460458
479,5433,true,0.580332
480,12888,false,0.866061
480,33183,false,0.112728
481,26904,false,0.779362
481,30848,false,0.0566
481,50179,false,0.952538
482,15156,false,0.692545
482,23705,false,0.350974
482,37141,false,0.617105
482,47921,false,0.839104
482,48484,false,0.499205
483,15196,false,0.354933
483,20576,false,0.709163
484,42866,false,0.576514
484,44992,false,0.860227
485,47249,false,0.062097
486,22554,false,0.935149
486,35746,false,0.087507
486,38055,false,0.523152
488,17256,false,0.420443
488,39356,false,0.814897
489,5396,true,0.484216
489,42503,false,0.557861
489,45860,false,0.730247
489,46747,false,0.753644
490,5179,true,0.32371
490,20739,false,0.684861
490,21096,false,1.035799
490,25190,false,0.052728
490,31587,false,1.030743
490,43748,false,0.154818
490,51956,false,0.778295
491,5792,true,0.031786
491,5842,true,0.848599
491,19331,false,0.594937
491,47043,false,0.979591
491,50403,false,0.423327
492,22231,false,0.582228
493,42275,false,0.305034
494,28251,false,0.809766
494,43248,false,0.203015
495,14892,false,0.190121
495,19163,false,0.784275
496,12593,false,0.545413
496,29072,false,0.595798
497,12330,false,0.969805
497,32774,false,0.644634
497,34203,false,0.907228
499,14529,false,0.517618
499,32068,false,0.503065
499,32415,false,0.767483
499,52138,false,0.370602
500,47812,false,0.64741
501,21173,false,0.042524
502,37503,false,0.576383
502,58770,false,0.541079
503,19236,false,0.354653
503,20616,false,0.064786
503,35334,false,0.633236
503,52714,false,0.364409
503,54301,false,0.517994
504,16021,false,0.318021
504,21448,false,0.582093
505,38202,false,0.437387
505,40124,false,0.103491
505,55925,false,0.384302
507,54363,false,0.898984
508,34715,false,0.610912
508,42592,false,0.712268
508,48876,false,0.447382
508,49671,false,0.7754
509,53544,false,0.37395
509,59253,false,0.850244
510,21197,false,0.483099
511,13079,false,0.817524
511,18677,false,0.940072
511,19055,false,0.274102
511,19327,false,0.396261
511,29930,false,0.527604
512,10816,false,0.531427
513,27526,false,0.5416
513,27541,false,0.586709
513,33023,false,0.595383
513,33188,false,0.084339
514,31950,false,0.005571
514,46185,false,0.558912
514,53924,false,0.305671
514,58042,false,0.669891
515,29085,false,1.000191
517,31903,false,0.691025
518,16717,false,0.182444
518,48931,false,0.199846
520,39666,false,0.702799
520,44797,false,0.644558
520,47276,false,0.11319
521,19367,false,0.852814
521,44388,false,0.611153
522,13002,false,0.825944
522,53835,false,0.48305
523,28450,false,0.022231
523,58159,false,0.062505
524,15046,false,0.884577
524,21262,false,0.840765
524,54088,false,0.328909
525,15457,false,0.658968
525,35254,false,0.19087
526,13005,false,0.269568
526,19396,false,0.425522
527,42848,false,0.584078
527,49653,false,0.902164
528,14474,false,0.020987
528,15459,false,0.174736
528,32747,false,0.820423
529,22307,false,0.320262
529,22337,false,0.148294
529,33221,false,0.347134
530,14649,false,0.627071
530,17031,false,0.770445
530,19420,false,0.889377
530,27230,false,0.517992
530,27811,false,0.37886
530,59953,false,0.766634
532,5660,true,0.038335
532,5987,true,0.922704
532,16167,false,0.90379
532,34029,false,0.5797
532,36301,false,0.064964
532,51937,false,0.355228
533,5707,true,0.728964
533,5953,true,0.863246
533,31265,false,0.16737
533,44460,false,0.32183
534,5882,true,0.202837
534,30496,false,0.397649
534,31115,false,0.027725
534,50330,false,0.88162
535,26708,false,0.812272
535,51896,false,0.804639
536,18742,false,1.003585
536,36238,false,0.853872
536,47535,false,0.758509
537,5503,true,0.894733
537,36096,false,0.395721
537,39440,false,0.719452
538,24668,false,0.327568
538,26562,false,0.87651
538,33542,false,0.296459
538,45933,false,0.324597
538,55781,false,0.324283
538,59613,false,0.976187
539,5752,true,0.690253
539,5991,true,0.525818
539,14283,false,0.345691
540,5087,true,0.604213
540,13964,false,0.475371
540,18211,false,0.24673
540,57939,false,0.933738
541,5376,true,0.4647
541,5650,true,0.113394
542,5416,true,0.692183
542,50819,false,0.967633
543,5161,true,0.069783
543,35948,false,0.824519
544,5232,true,0.518745
544,5889,true,0.622262
544,5945,true,0.907158
544,31513,false,0.657559
544,33163,false,0.5579
544,33746,false,0.3182
544,39908,false,0.874022
544,42662,false,0.520265
545,5106,true,0.979556
545,5284,true,0.095865
545,20555,false,0.625742
545,21014,false,0.494113
545,50298,false,0.562464
545,52865,false,0.503736
545,57236,false,0.664372
547,5704,true,0.58308
547,15841,false,0.339859
547,56931,false,0.823822
548,5543,true,0.699757
548,17247,false,0.590461
548,44540,false,0.79158
548,44599,false,0.264177
549,5828,true,0.852068
549,16629,false,0.818129
549,21156,false,0.847686
549,31383,false,0.94663
549,41609,false,0.353355
549,54548,false,0.79586
549,54702,false,0.585089
550,13840,false,0.135398
550,19373,false,0.196531
550,29583,false,0.122984
550,48628,false,0.683944
550,55236,false,0.894333
551,53017,false,0.639077
552,5568,true,0.26329
552,5658,true,0.678895
552,19776,false,0.597376
552,51071,false,0.610905
553,5641,true,0.885003
553,35101,false,0.885546
553,43121,false,0.054806
553,45523,false,0.423874
554,5162,true,0.227288
554,5498,true,0.409851
554,5668,true,0.954539
554,15768,false,0.315521
555,5532,true,0.483017
555,14089,false,0.959447
555,20382,false,0.896378
555,27501,false,0.324762
556,5527,true,0.865746
556,5791,true,0.413656
556,18194,false,0.875316
556,30025,false,0.521985
556,37325,false,0.826726
556,39159,false,0.061023
556,48223,false,0.264147
557,24177,false,0.547732
557,32465,false,0.312513
557,34588,false,0.992186
557,42466,false,0.364253
557,44015,false,0.680314
557,57207,false,0.425315
558,11317,false,0.162141
558,19201,false,0.544976
558,45370,false,0.512828
558,51553,false,0.133826
558,57065,false,0.480171
559,47869,false,0.4836
560,22489,false,0.762875
560,38279,false,0.743434
561,34261,false,0.062543
561,42238,false,0.794171
561,49581,false,0.099414
562,13695,false,0.1838
564,11261,false,0.005491
565,15087,false,0.511376
565,45532,false,0.458711
567,58368,false,0.119261
568,33598,false,1.005696
569,17121,false,0.241401
570,19521,false,0.593455
571,50057,false,0.274139
571,51735,false,0.371399
572,19313,false,0.162093
572,54626,false,0.669986
572,58387,false,0.291075
573,51328,false,0.31206
573,53115,false,0.145849
574,39583,false,0.092387
574,44813,false,0.27696
574,52794,false,0.330795
574,58189,false,0.195714
575,16789,false,0.834262
575,30375,false,0.03647
575,30888,false,0.214218
575,34465,false,0.926497
575,36007,false,0.927072
576,12472,false,0.97835
577,23653,false,0.673672
577,30745,false,0.917519
578,57575,false,0.65949
579,11210,false,0.287135
580,45914,false,0.829644
581,32439,false,0.896981
582,18500,false,0.825584
582,58662,false,0.044305
583,12551,false,0.890293
583,46037,false,0.154841
583,49896,false,0.445494
584,12025,false,0.123627
584,33810,false,0.124832
584,43445,false,0.581877
584,56142,false,0.712231
585,22986,false,0.147371
585,24564,false,0.74932
586,21127,false,0.982128
587,14448,false,0.668674
587,39510,false,0.517724
588,27063,false,0.788356
588,27855,false,0.494693
588,32603,false,0.660078
588,45788,false,0.26905
589,35319,false,0.550684
590,55838,false,0.870058
591,31658,false,0.288291
591,46354,false,0.93008
591,50373,false,0.881037
592,10471,false,0.193473
592,10649,false,0.579225
592,23960,false,0.050935
592,35236,false,0.205952
592,36919,false,0.929584
595,22325,false,0.19651
595,39998,false,0.473246
595,48941,false,0.998805
595,53140,false,0.998626
596,29878,false,0.766651
596,39778,false,0.809161
596,57364,false,0.780496
596,57701,false,0.371919
597,25013,false,0.026404
597,26616,false,0.070645
597,51095,false,0.906911
598,32495,false,0.914899
599,48598,false,0.946267
600,16917,false,0.848582
600,25197,false,0.77841
601,17275,false,0.63457
602,44521,false,0.359338
603,18951,false,0.733291
603,37594,false,0.790589
604,47149,false,0.922963
604,55029,false,0.361968
605,10742,false,0.353266
605,19554,false,0.863427
605,59406,false,0.98057
606,5548,true,0.189671
606,12486,false,0.460438
606,24890,false,0.36957
606,31593,false,0.124973
607,5511,true,0.316765
607,5696,true,0.788849
607,5820,true,0.306289
607,35906,false,0.978269
607,49617,false,0.534851
608,30162,false,0.281755
609,5220,true,0.458668
609,10788,false,0.928739
609,37951,false,0.521416
610,11156,false,0.525546
610,11538,false,0.480602
610,21893,false,0.276982
612,5966,true,0.101182
612,17306,false,0.438417
612,23586,false,0.273381
612,49651,false,0.585784
613,31020,false,0.419172
614,5228,true,0.029518
614,5326,true,0.661402
614,5962,true,0.379332
614,29156,false,0.311859
614,47320,false,0.868714
615,5675,true,0.425995
615,16318,false,0.134972
615,19000,false,0.92718
615,39200,false,0.786851
615,42618,false,0.308758
615,43047,false,0.452472
615,57375,false,0.662054
616,5191,true,0.921306
616,5569,true,0.692685
616,19269,false,0.658876
617,5330,true,0.463069
617,5756,true,0.80777
617,17588,false,0.363346
617,18593,false,0.249831
618,55129,false,0.444959
619,5050,true,0.715754
619,5371,true,0.987785
619,5492,true,0.455971
620,19792,false,0.140924
620,27995,false,0.631164
620,28181,false,0.826977
620,34762,false,0.02354
620,37637,false,0.378269
620,39466,false,0.962572
621,5281,true,0.958324
621,5922,true,0.005224
621,19482,false,0.940801
621,51190,false,0.753093
622,28815,false,0.802194
622,43398,false,0.06438
622,57238,false,0.90753
623,5156,true,0.529613
623,5973,true,0.866245
623,41944,false,0.617735
624,23908,false,0.590927
625,5305,true,0.094454
625,5432,true,0.618237
625,24879,false,0.546991
625,35136,false,0.505368
625,36616,false,0.273566
625,37577,false,0.202358
626,5231,true,0.65891
626,28963,false,0.662978
626,52942,false,0.16372
627,5104,true,0.227296
627,5677,true,0.381311
627,58066,false,0.379512
628,5154,true,0.375018
628,11457,false,0.684328
628,17547,false,0.455695
629,5033,true,0.900415
629,5580,true,0.980091
629,5627,true,0.141104
629,33662,false,0.66593
630,5018,true,0.48117
630,52622,false,0.378702
631,5157,true,0.090673
631,5645,true,0.63548
631,12819,false,0.152936
632,5653,true,0.048753
632,20319,false,0.33716
634,22366,false,0.737532
634,29008,false,0.560508
634,43329,false,0.380686
634,45566,false,0.006225
635,5404,true,0.794111
635,15485,false,0.91179
635,57975,false,0.577673
636,5868,true,0.930831
636,27067,false,0.310234
636,30900,false,0.543561
636,46920,false,0.283353
637,5213,true,0.727821
637,15979,false,0.723245
637,57393,false,0.240567
638,6,true,0.633378
638,23986,false,0.49534
638,33389,false,0.531456
639,5061,true,0.612414
639,5375,true,0.465026
639,5798,true,0.386428
640,5637,true,0.12245
640,5959,true,0.760613
640,6002,true,0.260254
640,43677,false,0.311267
640,53063,false,0.422273
641,5539,true,0.376003
641,5864,true,0.988806
641,20087,false,0.217297
641,42193,false,0.25788
641,49061,false,0.141512
642,5251,true,0.115443
642,5746,true,0.350621
642,10872,false,0.215626
642,47365,false,0.79594
643,5086,true,0.211994
643,38939,false,0.067231
644,5480,true,0.735913
644,21864,false,0.911059
644,27628,false,0.069165
644,42778,false,0.778273
645,41073,false,0.810586
645,44027,false,0.266871
645,51766,false,0.417572
646,5131,true,0.523381
646,53566,false,0.564783
647,5244,true,0.80726
647,5261,true,0.535093
647,5286,true,0.389068
647,5651,true,0.035719
647,11413,false,0.065175
647,14811,false,0.295863
647,38418,false,0.503681
647,49727,false,1.015184
648,5278,true,0.301733
648,5680,true,0.446861
648,20882,false,0.72278
648,34262,false,0.249356
649,5072,true,0.032513
649,5342,true,0.315063
649,26264,false,0.447686
649,28676,false,0.421356
649,47615,false,0.791306
650,23457,false,0.519077
651,5818,true,0.042128
651,23113,false,0.797936
652,35960,false,0.437964
652,40584,false,0.088212
652,46696,false,0.438703
652,55642,false,0.247254
653,5322,true,0.571217
653,5702,true,0.334787
653,21038,false,0.510808
653,30604,false,0.979158
653,47216,false,0.334455
653,48792,false,0.007979
653,56580,false,0.868575
654,5101,true,0.680483
654,5137,true,0.64778
654,5185,true,0.415637
654,5592,true,0.703203
654,11516,false,0.307834
655,30434,false,0.519545
655,30486,false,0.116652
655,39064,false,0.191172
656,5846,true,0.516849
656,44662,false,0.284262
656,51615,false,0.107072
657,16885,false,0.856349
657,17944,false,0.088073
657,29652,false,0.194501
657,39767,false,0.653811
659,23980,false,0.54921
659,38985,false,0.540237
660,49254,false,0.275439
660,52054,false,0.540484
661,11038,false,0.991502
661,28893,false,0.53865
662,51653,false,0.964884
663,47378,false,0.435292
664,11801,false,0.935438
664,17753,false,0.825874
664,27131,false,0.456937
664,34967,false,0.11519
665,16677,false,0.902179
666,11654,false,0.465438
666,11707,false,0.238763
666,27645,false,0.722415
666,35139,false,0.449337
666,49826,false,0.314035
667,13208,false,0.310052
667,27760,false,0.168069
667,39380,false,0.731484
667,49953,false,0.171402
668,20833,false,0.436565
668,37545,false,0.172196
668,51612,false,0.147947
669,12340,false,0.805532
669,32547,false,0.940277
669,39433,false,0.359619
669,40783,false,0.660282
669,47164,false,0.887486
669,53468,false,0.156332
669,55471,false,0.161093
670,33264,false,0.859785
670,36780,false,0.355053
670,39527,false,0.468412
670,49654,false,0.379111
671,34475,false,0.607149
671,39379,false,0.093821
672,10685,false,0.514582
672,42395,false,0.412057
672,57822,false,0.585642
674,19661,false,0.242236
677,10982,false,0.4988
677,15924,false,0.265158
677,16386,false,0.323345
677,54338,false,0.358179
678,31427,false,0.527638
678,33395,false,0.259977
678,46405,false,0.406447
678,48990,false,0.742341
679,34218,false,0.150203
679,41921,false,0.681733
680,15327,false,0.066096
680,50635,false,1.009469
681,18788,false,0.12343
681,47333,false,0.533643
682,11391,false,0.016126
682,44024,false,0.470238
683,25069,false,0.899317
683,29479,false,0.365967
684,14631,false,0.750104
684,39992,false,0.51571
684,43031,false,0.811604
684,49549,false,0.191516
684,56038,false,0.356505
685,5247,true,0.065702
685,5646,true,0.367295
685,5936,true,0.597193
685,10226,false,0.665814
685,20945,false,0.972792
685,28409,false,0.91824
685,37443,false,0.510726
685,52362,false,0.640423
686,5153,true,0.732559
686,5380,true,0.459328
687,18792,false,0.935677
687,31296,false,0.556086
687,33124,false,0.821007
687,50052,false,0.364543
688,5771,true,0.163937
688,5840,true,0.844628
688,13825,false,0.422091
688,44661,false,0.141597
688,47252,false,0.014001
689,21675,false,0.170071
689,49582,false,0.435113
690,24779,false,0.413449
690,26174,false,0.901542
690,28989,false,0.23618
690,32075,false,0.61809
691,10559,false,0.957015
691,13139,false,0.67106
691,17074,false,0.986724
691,38906,false,0.437967
691,43952,false,0.791953
692,14377,false,0.757984
692,23970,false,0.452805
692,37015,false,0.77728
692,53796,false,0.826773
692,56203,false,0.808568
693,37693,false,0.891448
694,43537,false,0.313425
695,43049,false,0.220253
697,16352,false,0.935409
697,46087,false,0.619508
698,12277,false,0.788297
698,36375,false,0.011288
698,51326,false,0.712959
699,5328,true,0.680323
699,11224,false,0.546114
699,35062,false,0.703015
699,39266,false,0.901008
699,39727,false,0.06408
699,46566,false,0.487722
700,12398,false,0.833014
701,5515,true,0.019416
701,39411,false,0.033962
701,47557,false,0.622573
703,5175,true,0.838713
703,5754,true,0.72653
703,10464,false,0.338941
703,17442,false,0.127036
703,18204,false,0.836268
703,33407,false,0.853419
703,43209,false,0.792496
704,5354,true,0.187703
704,5596,true,0.006588
704,5682,true,0.056091
704,21195,false,0.578242
704,28821,false,0.834234
705,5537,true,0.583476
705,53755,false,0.702047
707,5865,true,0.288242
707,24566,false,0.860222
708,15815,false,0.221052
708,22653,false,0.535011
708,32622,false,0.21178
709,26457,false,0.904847
710,5722,true,0.861644
710,5733,true,0.074155
710,54585,false,0.376506
710,59143,false,0.695801
711,5418,true,0.81329
711,5464,true,0.522053
711,5764,true,0.379911
711,28241,false,0.87351
711,41961,false,0.546355
712,5456,true,0.178598
712,5529,true,0.045017
712,5827,true,0.239474
712,15826,false,0.100662
712,25593,false,0.797252
713,10349,false,0.102425
714,5689,true,0.85059
714,5691,true,0.190106
714,5723,true,0.469795
714,5730,true,0.311324
714,13167,false,0.447067
714,15298,false,0.769928
714,53865,false,0.320114
715,5291,true,0.122807
715,5676,true,0.201044
715,52320,false,0.336786
716,5292,true,1.028869
717,5671,true,0.568678
717,17491,false,0.911487
717,37893,false,0.753907
717,57290,false,0.497539
718,35413,false,0.487335
718,42094,false,0.412801
719,11035,false,0.452978
719,20589,false,0.586789
719,53694,false,0.532795
719,55824,false,0.90402
720,15659,false,0.922771
721,5387,true,0.580293
721,5916,true,0.820698
721,17606,false,0.22216
721,47261,false,0.341845
721,51012,false,0.947671
722,5369,true,0.61409
722,5693,true,0.586365
722,51855,false,0.589612
724,5019,true,0.696243
724,15078,false,0.026055
724,20526,false,0.132119
725,5042,true,0.061809
725,5410,true,0.10371
725,5420,true,0.611034
725,22157,false,0.851315
725,24843,false,0.164534
725,25165,false,0.980802
726,29362,false,0.078668
726,36720,false,0.009902
727,5114,true,0.158946
727,5134,true,0.77252
727,15637,false,0.474819
727,17564,false,0.445698
728,5806,true,0.150477
728,12520,false,0.487555
728,17732,false,0.238539
728,54089,false,0.214073
728,58758,false,0.657285
729,5540,true,0.024534
729,19518,false,0.655065
729,24291,false,0.399245
729,53679,false,0.239686
730,49458,false,0.301584
731,5998,true,0.968769
731,25581,false,0.894035
731,32826,false,0.17936
731,35178,false,0.159484
731,55271,false,0.81293
732,5766,true,0.627462
732,11431,false,0.880542
733,53467,false,0.449132
734,5012,true,0.24415
734,5099,true,0.688042
734,5446,true,0.421816
734,5780,true,0.939076
734,5819,true,0.547727
734,25474,false,0.826532
734,58617,false,0.600446
734,58789,false,0.931451
735,26343,false,0.628646
736,42062,false,0.341299
737,25602,false,0.35099
738,5226,true,0.925378
738,5838,true,0.928576
738,15648,false,0.524462
738,54546,false,0.118111
739,22556,false,0.365217
739,25057,false,0.334502
739,26440,false,0.377873
740,5805,true,0.526517
740,19695,false,0.76705
740,25978,false,0.92231
740,33232,false,0.896471
740,34282,false,0.558552
740,44355,false,0.72608
740,54411,false,0.711635
740,55786,false,0.280204
741,5366,true,0.538957
741,17899,false,0.752604
741,27082,false,0.213308
741,46441,false,0.561678
742,5794,true,0.977368
743,5111,true,0.931944
743,5461,true,0.842501
743,32777,false,0.643447
744,5329,true,0.490461
744,5401,true,0.086009
744,22199,false,0.135843
744,27191,false,0.412217
744,43636,false,0.296224
745,43185,false,1.010903
746,5601,true,0.955791
746,5894,true,0.845534
746,22728,false,0.556684
747,5761,true,0.538407
747,12240,false,0.300768
747,49572,false,0.384287
747,55532,false,0.462952
749,22035,false,1.006651
749,25512,false,0.53701
749,29078,false,0.433467
749,45651,false,0.72949
749,59788,false,0.503515
750,5121,true,0.002919
750,5178,true,0.945657
751,5769,true,0.514087
751,12478,false,0.645637
751,27746,false,0.987811
751,34340,false,0.063289
752,14944,false,0.585327
752,22485,false,0.829864
752,26827,false,0.13958
752,27232,false,0.114021
752,45011,false,0.136585
753,5159,true,0.256271
753,5993,true,0.947887
753,18934,false,0.62312
753,44566,false,0.058359
753,53132,false,0.319713
754,5615,true,0.466132
754,5721,true,0.99712
754,24639,false,0.50044
754,47607,false,0.031884
755,5608,true,0.851383
755,12798,false,0.982524
755,15360,false,0.046787
756,5941,true,0.198982
756,12070,false,0.196505
756,12579,false,0.399173
756,28039,false,0.063497
756,30367,false,0.671369
756,35235,false,0.46693
756,37896,false,0.680536
756,38946,false,0.004527
756,41038,false,0.100395
757,5325,true,0.822297
757,5654,true,0.480303
757,18330,false,0.46103
757,25042,false,0.827326
757,38599,false,0.62624
757,47878,false,0.111376
758,5685,true,0.028344
758,5717,true,0.900408
758,5923,true,0.374006
758,19699,false,0.314299
758,41453,false,0.894144
758,45971,false,0.632154
758,47224,false,0.993979
759,5255,true,0.631906
759,5744,true,0.938179
759,5980,true,0.324274
759,21380,false,0.471139
759,32792,false,0.229432
759,54511,false,0.273573
760,5174,true,0.453879
760,5635,true,0.142507
760,5757,true,0.407405
760,22097,false,0.176163
760,42416,false,0.285859
760,54638,false,0.74157
760,56578,false,0.184882
761,5398,true,0.293022
761,5892,true,0.58043
761,10696,false,0.809996
761,26989,false,0.523345
761,30805,false,0.469847
762,5862,true,0.960951
762,50539,false,0.391065
762,53737,false,0.872376
763,5117,true,0.025426
763,5884,true,0.860977
763,37466,false,0.118155
763,39144,false,0.495073
763,42825,false,0.92501
764,12917,false,0.642557
764,21028,false,0.991189
765,5030,true,0.123667
765,12589,false,0.859176
766,10602,false,0.115178
766,11913,false,0.037073
766,34034,false,0.121446
766,42937,false,0.297366
766,50310,false,0.009638
768,14341,false,0.83916
768,46263,false,0.123941
769,46609,false,0.531509
770,49478,false,0.047621
771,25921,false,0.570371
771,44090,false,0.636395
772,19462,false,0.91867
772,36651,false,0.240352
772,39972,false,0.853515
772,40595,false,0.623612
772,46167,false,0.210756
772,46868,false,0.469138
773,15211,false,0.953628
773,17053,false,0.184618
773,31337,false,0.44778
774,17771,false,0.455488
774,35916,false,0.643136
774,40315,false,0.12107
775,19345,false,0.605629
775,19648,false,0.48829
775,22846,false,0.644379
775,25168,false,0.591991
776,22209,false,0.991216
776,41942,false,0.29661
776,44479,false,0.436635
776,45104,false,0.236864
776,47595,false,0.027834
777,38185,false,0.370224
778,13413,false,0.406942
778,25367,false,0.330878
778,28405,false,0.530385
778,41118,false,0.883556
778,51993,false,0.334573
778,54804,false,0.364232
779,30360,false,0.132149
779,34319,false,0.125532
780,36578,false,0.186591
782,23741,false,0.411968
782,40459,false,0.213866
783,11879,false,0.708249
783,35423,false,0.002848
785,10093,false,0.093291
785,11638,false,0.745884
785,12471,false,0.117327
785,28445,false,0.060535
785,39793,false,0.030789
786,13554,false,0.097339
787,10850,false,0.963795
787,19343,false,0.448979
788,16261,false,0.79414
788,44378,false,0.965163
789,48845,false,0.394861
789,49229,false,0.585534
790,17493,false,0.515349
790,24962,false,0.35568
790,25453,false,0.976744
790,32242,false,0.335445
790,59807,false,0.729504
791,34066,false,0.941921
791,59709,false,0.703164
792,17683,false,0.614464
792,57669,false,0.009298
794,22164,false,0.961846
794,48503,false,0.549374
794,51926,false,0.943744
795,10031,false,0.808795
795,41568,false,0.311317
795,58376,false,0.109992
796,16821,false,0.610585
796,23827,false,0.304497
797,23821,false,0.720233
797,40069,false,0.831432
798,42069,false,0.165061
799,24236,false,0.815814
799,46299,false,0.553766
800,10356,false,0.871175
800,30485,false,0.036598
800,39484,false,0.674214
800,46852,false,0.207589
801,40951,false,0.981777
801,49195,false,0.695353
801,53701,false,0.293883
802,10179,false,0.184633
802,12017,false,0.92319
802,37117,false,0.16385
802,39841,false,0.484485
803,19815,false,0.264441
803,35081,false,0.381177
803,51288,false,0.332077
804,21699,false,0.228357
804,22103,false,1.013444
804,30563,false,0.341196
804,47085,false,0.041457
805,57985,false,0.646208
806,11217,false,0.053797
807,23153,false,0.86381
807,27227,false,0.6735
807,29568,false,0.053241
807,59471,false,0.434732
808,56543,false,0.807825
809,59667,false,0.007823
810,44185,false,0.494387
810,50694,false,0.53713
811,47455,false,0.532156
812,13151,false,0.706054
812,21067,false,0.271078
812,47957,false,1.005222
812,55300,false,0.489788
813,14116,false,0.347589
813,55365,false,0.705311
814,12824,false,0.816754
814,45576,false,0.334951
815,45001,false,0.094063
816,37666,false,0.049939
816,49751,false,0.301925
818,57683,false,0.499482
819,14134,false,0.308792
819,47429,false,0.276594
820,30061,false,0.546085
820,36984,false,0.555601
821,12141,false,0.313214
821,18175,false,0.833415
821,40514,false,0.830807
822,43934,false,0.046932
822,52467,false,0.223025
823,15411,false,0.674271
823,48083,false,0.754018
824,56730,false,0.775263
825,15652,false,0.952842
825,22222,false,0.932208
825,42752,false,0.244188
826,20148,false,0.42878
826,55080,false,0.680438
827,13793,false,0.686169
827,26659,false,0.558957
828,21771,false,0.808444
829,46957,false,0.858384
830,44919,false,0.93077
831,13199,false,0.16125
831,33379,false,0.095453
831,55877,false,0.528394
832,16176,false,0.985496
832,33915,false,0.755169
832,34427,false,0.503848
832,50159,false,0.566108
833,5509,true,0.3049
833,25073,false,0.919797
833,52270,false,0.530165
834,5319,true,0.835261
834,18358,false,0.919121
834,29024,false,0.66569
834,30864,false,0.361389
834,48389,false,0.750659
834,59775,false,0.376333
835,5736,true,0.94411
835,27420,false,0.211143
835,36013,false,0.429933
835,58028,false,0.894895
836,5898,true,0.862113
836,23378,false,0.539535
836,31237,false,0.412469
836,35147,false,0.709547
836,47703,false,0.458406
837,5491,true,0.593514
837,15404,false,0.552152
837,30153,false,0.954487
837,31335,false,0.765277
838,39726,false,0.243003
839,5207,true,0.537879
839,14996,false,0.005039
839,37267,false,0.20817
839,39110,false,0.866251
839,52750,false,0.637531
839,58824,false,0.162306
840,5577,true,0.67526
840,26819,false,0.080716
840,37631,false,0.888183
840,42506,false,0.774619
840,49075,false,0.004413
841,5224,true,0.737616
841,15689,false,0.143051
841,16507,false,0.568365
841,25853,false,0.201194
841,50017,false,0.626217
842,5553,true,0.938746
842,36257,false,0.320719
842,38215,false,0.813345
843,5834,true,0.466733
844,5152,true,0.673078
844,55140,false,0.196257
845,18803,false,0.54166
845,28900,false,0.455683
846,5467,true,0.177971
846,42660,false,0.376996
847,5619,true,0.468573
847,23510,false,0.737708
847,30937,false,0.829557
847,44828,false,0.136737
848,5350,true,0.634674
848,16488,false,0.842146
848,21569,false,0.517639
848,22613,false,0.456149
848,53811,false,0.676749
849,5148,true,0.727086
849,5699,true,0.722057
850,5632,true,0.703264
850,5811,true,0.612572
850,5918,true,0.856149
851,5755,true,0.888514
851,20221,false,0.485567
851,20947,false,0.58371
851,43305,false,0.409471
851,47094,false,0.750051
851,54756,false,0.250819
852,5015,true,0.725269
852,5895,true,1.000965
852,18632,false,0.294004
852,32230,false,0.517204
853,29543,false,0.021696
853,51878,false,0.525549
853,57982,false,0.305856
854,17220,false,0.688069
854,20086,false,0.995659
854,44804,false,0.49881
854,55670,false,0.478681
855,5041,true,0.781511
855,5327,true,0.90737
855,16568,false,0.115665
855,23172,false,0.123359
855,36259,false,0.768332
855,45303,false,0.781499
856,5257,true,0.952202
856,5405,true,0.969064
856,59993,false,0.270125
857,5013,true,0.71732
857,45502,false,0.105132
858,5555,true,0.529114
859,5753,true,0.366021
859,12489,false,0.133252
859,29585,false,0.85925
859,43474,false,0.089986
859,57758,false,0.864782
859,57866,false,0.192502
860,5571,true,0.384576
860,50783,false,0.630169
861,13015,false,0.438743
861,28033,false,0.964134
861,44541,false,0.115836
862,5630,true,0.792837
862,17500,false,0.450175
862,47966,false,0.676252
863,12417,false,0.456703
863,20133,false,0.283391
863,21185,false,0.431518
863,39091,false,0.446959
864,47597,false,0.419192
864,54237,false,0.391199
865,5395,true,0.844822
865,5429,true,0.997875
865,5784,true,0.533682
865,31060,false,0.43709
865,38654,false,0.617206
866,5150,true,0.746499
866,5301,true,0.184955
866,5910,true,0.954093
867,5241,true,0.433447
867,12780,false,0.412143
867,13714,false,0.067867
867,23167,false,0.490649
867,24878,false,0.465084
867,34301,false,0.635631
867,52556,false,0.145565
868,29609,false,0.062735
868,30304,false,0.518668
869,5574,true,0.753404
869,5853,true,0.621019
869,11983,false,0.766314
869,20717,false,0.037818
869,23522,false,0.428681
869,26025,false,0.214263
870,5034,true,0.178041
870,26237,false,0.442203
870,42955,false,0.041935
871,5276,true,0.994589
871,5337,true,0.955394
871,25420,false,0.018895
871,43068,false,0.041705
871,55698,false,0.235334
871,56951,false,0.905799
872,5523,true,0.956277
872,36294,false,0.317627
873,5588,true,0.881765
873,51447,false,0.601349
874,19084,false,0.903899
874,55001,false,0.025791
875,33903,false,0.084412
876,18945,false,0.17847
876,20956,false,0.731725
876,40923,false,1.007156
876,41524,false,0.497977
876,57855,false,0.560899
877,19552,false,0.196549
877,38219,false,0.893614
877,53903,false,0.739003
878,37970,false,0.887655
878,46237,false,0.65399
878,49560,false,0.583532
878,51784,false,0.687346
879,12684,false,0.300236
879,16520,false,0.011837
879,45673,false,0.384926
879,46305,false,0.005384
879,56650,false,0.752367
881,33727,false,0.464506
881,42638,false,0.8631
881,45346,false,0.161106
881,53510,false,0.485957
883,22718,false,0.122804
883,40998,false,0.064073
884,10633,false,0.788242
884,17694,false,0.540814
884,36756,false,0.450844
884,43770,false,0.321759
884,59020,false,0.13646
885,10989,false,1.009595
885,19432,false,0.939567
885,21870,false,0.796682
885,38457,false,0.002198
886,19251,false,0.413236
886,56728,false,0.396527
886,56927,false,0.050748
887,15587,false,0.038839
888,5857,true,0.193095
889,28681,false,0.22224
889,35622,false,0.414975
890,30626,false,0.349813
891,50241,false,0.654135
892,5845,true,0.380301
892,15077,false,0.363694
892,16396,false,0.324412
892,29043,false,0.17174
892,36786,false,0.65791
892,49263,false,0.542357
893,5774,true,0.941199
893,14054,false,0.261938
893,29369,false,0.507598
893,38530,false,0.682335
894,16899,false,0.540546
894,29386,false,0.826039
894,51954,false,0.67976
895,5297,true,0.266433
895,5908,true,0.92848
895,29798,false,0.401388
895,29944,false,0.070846
895,39959,false,0.609903
896,5662,true,0.742198
896,14905,false,0.184758
896,33748,false,0.217217
897,5203,true,0.971086
897,5748,true,0.48943
897,6001,true,0.097357
897,42952,false,0.595522
898,5383,true,0.354641
898,5402,true,0.040173
898,54353,false,0.346727
898,56099,false,0.140519
899,5575,true,0.576706
899,36183,false,0.350284
899,43129,false,0.713834
900,5778,true,0.267011
900,38657,false,0.486309
900,40578,false,0.355643
901,5372,true,0.078442
901,5896,true,0.007284
902,5201,true,0.577448
902,5545,true,0.922517
902,14214,false,0.373609
902,37212,false,0.194751
903,41489,false,0.265278
903,50993,false,0.261166
904,5399,true,0.716862
904,5473,true,0.360967
904,54448,false,0.802123
904,57823,false,0.432617
905,10152,false,0.261314
905,35819,false,0.416607
907,5977,true,0.792457
908,14492,false,0.061765
908,59173,false,0.173421
908,59393,false,0.869506
909,5917,true,0.50584
909,13839,false,0.702289
909,41391,false,0.924634
909,46410,false,0.831549
909,57974,false,0.152888
910,5160,true,0.251817
911,5767,true,0.096653
911,11223,false,0.644788
911,30502,false,0.087713
911,41876,false,0.294279
911,45309,false,0.212763
912,5193,true,0.454891
912,27566,false,0.868105
913,5165,true,0.378071
913,5358,true,0.171564
913,15728,false,0.809902
913,48924,false,0.052806
913,53436,false,0.051176
914,5236,true,1.010511
914,5385,true,0.032814
914,14457,false,0.556954
915,5561,true,0.055963
915,5777,true,0.361062
915,16540,false,0.630951
915,23690,false,0.882485
916,5077,true,0.533904
916,33283,false,0.974968
916,57487,false,0.801494
917,5887,true,0.169529
917,20043,false,0.970132
918,5009,true,0.201025
918,5988,true,0.834506
918,28279,false,0.216267
918,32884,false,0.687407
918,55836,false,0.686816
919,5960,true,0.728815
919,42903,false,0.988186
920,5339,true,0.092228
920,37186,false,0.06098
921,5349,true,0.325854
921,16989,false,0.87317
921,23054,false,0.250558
921,25031,false,0.314332
921,48341,false,0.244107
921,57384,false,0.927061
922,5547,true,0.472022
922,32469,false,0.876455
922,38093,false,0.85638
923,5312,true,0.989164
923,5551,true,0.893892
923,41652,false,0.539603
923,54106,false,0.387278
924,5458,true,0.620429
924,5772,true,1.015705
924,31662,false,0.285543
924,46585,false,0.51693
925,5475,true,0.369013
925,5678,true,0.330428
925,5949,true,0.246973
925,58498,false,0.268379
926,5373,true,0.892956
926,5750,true,0.227514
926,49552,false,0.943359
927,42967,false,0.320279
927,56436,false,0.338424
928,47352,false,0.019546
929,5155,true,0.938209
929,11462,false,0.993159
929,20521,false,0.729593
929,49421,false,0.024775
930,5113,true,0.309773
930,13905,false,1.053272
930,18718,false,0.31513
930,42968,false,0.230802
931,5681,true,0.657538
931,17974,false,0.102151
931,18323,false,0.944738
931,52552,false,0.962287
932,5188,true,0.819439
932,16455,false,0.741307
932,21656,false,0.162366
933,5067,true,0.119534
934,5254,true,0.262188
934,21124,false,0.287184
934,30155,false,0.443117
934,30741,false,0.983345
934,56236,false,0.437086
935,5110,true,0.014535
935,24014,false,0.39329
935,33896,false,0.489348
935,39516,false,0.760916
936,5343,true,1.01594
936,11057,false,0.887632
936,32389,false,0.081001
938,46603,false,0.229638
939,24256,false,0.43262
939,26198,false,0.766567
939,49160,false,0.687013
940,56332,false,0.510954
941,28746,false,0.202313
941,39098,false,0.475172
942,15410,false,0.76436
942,22703,false,0.866985
942,24509,false,0.093872
943,11882,false,0.360412
943,28766,false,0.859358
943,35618,false,0.26125
944,26234,false,0.78891
944,30024,false,0.975366
944,34976,false,0.730576
944,45738,false,0.980649
945,34426,false,0.231212
946,43594,false,0.567977
948,50718,false,0.9308
949,23869,false,0.849763
949,30709,false,0.306787
949,36996,false,0.178568
949,46341,false,0.507284
949,58613,false,0.571473
950,13705,false,0.918386
950,19660,false,0.604961
950,22461,false,0.926082
950,22503,false,0.127011
950,55504,false,0.279512
951,35762,false,0.696269
951,43814,false,0.165569
952,12298,false,0.060819
952,13147,false,0.031064
952,18909,false,0.707832
953,31076,false,0.184601
953,45367,false,0.802627
954,11797,false,0.094196
954,57732,false,0.31496
957,21474,false,0.929187
957,32007,false,0.520526
957,37403,false,0.426529
958,18145,false,1.015445
958,26428,false,0.178595
958,55208,false,0.748533
959,29271,false,0.126959
961,5230,true,0.791513
961,32144,false,0.344328
961,37634,false,0.442162
961,44084,false,0.694897
961,48645,false,0.52439
962,5368,true,0.674529
962,5426,true,0.120085
962,5687,true,0.268955
962,53182,false,0.354255
963,5737,true,0.672423
963,12391,false,0.564024
963,25641,false,0.003015
963,48785,false,0.183673
963,49725,false,0.029083
963,52392,false,0.982003
964,5096,true,0.100323
964,20656,false,0.767544
964,28756,false,0.370204
964,38127,false,0.992668
966,35372,false,0.991906
967,28962,false,0.55105
967,40777,false,0.747792
967,44587,false,0.974193
967,57862,false,0.00917
968,5997,true,0.876541
968,30619,false,0.222801
968,31943,false,0.017892
969,18242,false,0.865112
969,18681,false,0.444894
969,54357,false,0.953169
969,54454,false,0.311151
970,45783,false,0.466601
970,58497,false,0.21389
970,59005,false,0.552469
971,11181,false,0.91027
971,18036,false,0.704916
971,18691,false,0.260268
971,34258,false,0.780653
971,56214,false,0.881774
973,12259,false,0.335285
973,26846,false,0.610581
973,50880,false,0.74091
974,11182,false,0.412285
974,32321,false,0.659549
975,27816,false,0.522557
975,28232,false,0.914555
975,48440,false,0.956393
976,27084,false,0.289691
976,50531,false,0.18772
976,52443,false,0.689241
977,14068,false,0.664235
977,25237,false,0.041384
978,34342,false,0.013014
979,26122,false,0.995921
979,48898,false,0.45787
980,14754,false,0.18151
981,16959,false,0.406935
981,17603,false,0.460562
981,21304,false,0.49951
981,53600,false,0.450867
982,32552,false,0.65164
982,33798,false,0.419575
982,36567,false,0.64146
982,36572,false,0.915487
982,41834,false,0.885055
982,42373,false,0.676667
982,53043,false,0.330965
983,23269,false,0.738215
983,32940,false,0.17895
983,45218,false,0.39231
983,47141,false,0.416421
984,17402,false,0.416055
986,16928,false,0.727274
987,18301,false,0.393802
987,19402,false,0.565635
987,29307,false,0.381298
987,32492,false,0.770502
988,24793,false,0.001489
988,42043,false,0.355633
989,16610,false,0.733754
990,15220,false,0.625668
990,24953,false,0.757771
990,25839,false,0.677956
990,39217,false,0.125326
991,20525,false,0.914457
991,24259,false,0.745831
991,42002,false,0.477775
991,43519,false,0.312708
991,58668,false,0.331487
992,19557,false,0.790072
992,21441,false,0.704586
992,29359,false,0.94591
992,40007,false,0.769803
993,48811,false,0.858352
994,28175,false,0.952469
994,42096,false,0.815278
995,30427,false,0.368577
995,48597,false,0.994691
995,59796,false,0.803968
996,12161,false,0.954659
996,19641,false,0.324807
996,29918,false,0.924898
996,36015,false,0.904142
997,11260,false,0.516917
997,46810,false,0.919954
998,16274,false,0.652213
998,34817,false,0.342399
998,35477,false,0.407587
999,19195,false,0.669121
999,31054,false,0.643871
999,32645,false,0.626918
999,34404,false,0.550428
1000,18336,false,0.57927
1000,23689,false,0.57515
1001,37408,false,0.969661
1002,32578,false,0.278709
1003,35675,false,0.154114
1003,48335,false,0.0068
1003,50367,false,0.296261
1004,28347,false,0.499089
1004,29233,false,0.678066
1004,46138,false,0.432839
1004,50436,false,0.409279
1005,41383,false,0.233598
1006,41857,false,0.655322
1007,14941,false,0.738692
1007,29109,false,0.234692
1007,30081,false,0.800816
1007,30982,false,0.548191
1007,31553,false,0.715469
1008,15723,false,0.629138
1008,29050,false,0.706492
1008,36266,false,0.755316
1008,42117,false,0.75817
1008,51072,false,0.873042
1009,13064,false,0.748722
1009,13718,false,0.748654
1009,27278,false,0.560519
1010,22376,false,0.538538
1010,58052,false,0.492389
1011,14577,false,0.254744
1011,26116,false,0.42923
1011,33400,false,0.207315
1011,40387,false,0.959666
1012,20513,false,0.983013
1012,55797,false,0.686523
1012,57227,false,0.422317
1013,45648,false,0.493347
1014,15837,false,0.833715
1015,29892,false,0.713828
1016,11460,false,0.354536
1016,33129,false,0.567874
1017,46813,false,0.554378
1018,22961,false,0.013786
1018,33143,false,0.217947
1018,47281,false,0.203853
1018,53934,false,0.4831
1018,55018,false,0.683483
1018,58328,false,0.971684
1019,55774,false,0.994337
1020,36395,false,0.433609
1020,51874,false,0.530719
1021,13076,false,0.890243
1021,27326,false,0.750653
1021,49630,false,0.544303
1022,43075,false,0.687957
1023,5345,true,0.499781
1023,20443,false,0.602453
1024,5856,true,0.293677
1024,14324,false,0.968719
1025,19566,false,0.64032
1025,31657,false,0.837981
1025,33983,false,0.892264
1026,5439,true,0.654154
1026,40999,false,0.804006
1027,5673,true,0.178119
1027,5876,true,0.591419
1027,45768,false,0.958849
1028,47373,false,0.684304
1029,15073,false,0.609205
1029,38428,false,0.188753
1030,5665,true,0.715374
1030,5809,true,0.129226
1030,18431,false,0.889348
1030,19724,false,0.552987
1032,41692,false,0.709679
1033,16636,false,0.652806
1033,26044,false,0.323301
1033,37540,false,1.008584
1034,16178,false,0.77088
1034,20447,false,0.753914
1034,57159,false,0.626504
1035,16229,false,0.456456
1035,24103,false,0.53659
1035,31102,false,0.610556
1035,36884,false,0.096921
1035,57865,false,0.886339
1036,14133,false,0.572473
1036,59157,false,0.562168
1037,13783,false,0.622272
1037,36369,false,0.775196
1037,42384,false,0.181374
1037,50763,false,1.021632
1038,32162,false,0.32239
1040,5624,true,0.497183
1040,5919,true,0.53478
1040,15752,false,0.737364
1040,17142,false,0.553056
1040,32796,false,0.509813
1040,59174,false,0.447939
1041,45889,false,0.901534
1041,47805,false,0.118527
1041,53271,false,0.855724
1041,53613,false,0.833035
1041,55253,false,0.640992
1042,10828,false,0.295087
1042,11537,false,0.212109
1042,29210,false,0.738293
1042,31742,false,0.475149
1042,43647,false,0.529542
1042,49275,false,0.974312
1044,20399,false,0.269764
1044,58214,false,0.840247
1045,54061,false,0.416249
1046,11986,false,0.887104
1046,17029,false,0.34088
1046,17602,false,0.061626
1046,31390,false,0.381832
1046,39881,false,0.498417
1046,50412,false,0.445609
1047,5517,true,0.171314
1047,5583,true,0.096087
1047,18534,false,0.20462
1047,28020,false,0.466788
1047,59518,false,0.659373
1047,59735,false,0.791079
1048,5163,true,0.806281
1048,56312,false,0.104757
1049,5616,true,0.978883
1049,37413,false,0.742871
1049,48404,false,0.13757
1050,5338,true,0.847179
1051,5268,true,0.976271
1051,5479,true,0.824629
1052,5353,true,0.280808
1052,16833,false,0.747404
1052,22055,false,0.133403
1052,22174,false,0.851222
1052,34829,false,0.538695
1053,5422,true,0.832232
1053,5674,true,0.503292
1053,42887,false,0.962166
1053,59843,false,0.003089
1053,59887,false,0.863871
1054,5031,true,0.037578
1054,5457,true,0.761173
1054,5705,true,0.060311
1054,14306,false,0.054661
1054,28253,false,1.010046
1054,28601,false,0.237956
1055,5128,true,0.29607
1055,11892,false,0.519828
1055,34146,false,0.015322
1055,49504,false,0.173623
1056,5526,true,0.247063
1056,5762,true,0.644139
1056,13782,false,0.324777
1056,35416,false,0.566247
1057,16852,false,0.964272
1057,20030,false,0.200701
1057,48531,false,0.801193
1057,49898,false,0.141398
1057,59811,false,0.380533
1058,20315,false,0.064907
1059,47611,false,1.009971
1059,49856,false,0.152049
1060,21757,false,0.358956
1060,39538,false,0.745849
1060,59664,false,0.063852
1061,26224,false,0.235866
1061,37795,false,0.470147
1062,28505,false,0.263615
1062,29933,false,0.795213
1062,38363,false,0.334291
1062,38516,false,0.115162
1062,43218,false,0.424137
1062,48769,false,0.74719
1062,57202,false,0.878527
1063,32231,false,0.216033
1063,42109,false,0.311023
1064,35978,false,0.424658
1064,56180,false,0.970654
1066,29225,false,0.668324
1066,41262,false,0.737463
1066,53046,false,0.755371
1066,54057,false,0.07236
1067,12862,false,0.656211
1067,16252,false,0.841101
1068,13084,false,0.46175
1068,27206,false,0.181615
1069,14356,false,0.653151
1070,26288,false,0.698023
1070,26994,false,0.445132
1071,24923,false,0.619531
1071,38656,false,0.040352
1071,58593,false,0.099319
1072,26605,false,0.857123
1072,46026,false,0.953771
1072,46279,false,0.726358
1072,51719,false,0.19884
1072,56452,false,0.635542
1073,17036,false,0.074203
1073,54138,false,0.699827
1074,12518,false,0.393051
1075,37441,false,0.370664
1075,44800,false,0.354349
1075,55223,false,0.450308
1075,56443,false,0.355275
1076,13457,false,0.117517
1076,40333,false,0.919861
1077,25440,false,0.129854
1078,38662,false,0.768602
1079,44544,false,0.266821
1080,27848,false,0.665317
1080,30458,false,0.800601
1081,26381,false,0.46688
1081,28071,false,0.914409
1081,29489,false,0.778437
1082,25616,false,0.250999
1082,32147,false,0.424058
1082,41116,false,0.078134
1082,43388,false,0.775579
1083,42420,false,0.980881
1083,45297,false,0.301312
1084,17304,false,0.565847
1084,56729,false,0.203748
1084,58151,false,0.920432
1085,19189,false,0.323794
1085,40500,false,0.465359
1085,45012,false,0.601354
1087,17649,false,0.697735
1087,30248,false,0.377381
1087,56688,false,0.951468
1088,39137,false,0.454395
1089,27708,false,0.218714
1089,28986,false,0.232089
1089,53304,false,0.981989
1089,59846,false,0.221078
1090,11580,false,0.202885
1090,36639,false,0.308596
1090,38189,false,0.630922
1090,46543,false,0.015879
1091,19288,false,0.751299
1091,36524,false,0.047777
1092,21410,false,0.160212
1092,28770,false,0.150105
1092,49496,false,0.502557
1092,54250,false,0.487676
1093,17839,false,0.997468
1093,31279,false,0.076588
1093,54911,false,0.737809
1094,26127,false,0.326798
1095,15642,false,0.811694
1095,54853,false,0.645501
1096,20287,false,0.617655
1096,23076,false,0.512711
1096,30381,false,0.472255
1096,36374,false,1.09E-4
1096,36511,false,0.385553
1096,38144,false,0.392939
1096,45026,false,0.036149
1097,45597,false,0.066903
1097,50590,false,0.332446
1097,51500,false,0.783555
1097,53982,false,0.368385
1098,39061,false,0.697301
1098,58805,false,0.853905
1100,22749,false,0.771975
1100,29151,false,1.005995
1100,56533,false,0.18413
1101,24936,false,0.598978
1101,54993,false,0.989582
1102,33942,false,0.66293
1102,55493,false,0.075149
1104,59777,false,0.774201
1106,25494,false,0.474874
1106,33294,false,0.553085
1107,11358,false,0.533358
1107,18238,false,0.051824
1107,37916,false,0.88185
1107,52351,false,0.789641
1107,56346,false,0.283489
1108,5360,true,0.569991
1108,21276,false,0.804673
1108,39087,false,0.960706
1108,44142,false,0.363662
1108,51313,false,0.518036
1109,5008,true,0.219048
1109,5361,true,0.825474
1109,15031,false,0.315689
1109,27740,false,0.216769
1110,5219,true,0.378636
1110,5285,true,1.004844
1110,5336,true,0.407207
1110,5428,true,1.007723
1111,5021,true,0.643313
1111,41156,false,0.388649
1111,53565,false,0.807546
1111,54720,false,0.288689
1112,5476,true,0.573792
1112,5586,true,0.178714
1112,5749,true,0.997375
1112,24917,false,0.572242
1112,50505,false,0.200756
1112,53239,false,0.323846
1113,5332,true,0.628022
1113,5415,true,0.710081
1113,5488,true,0.126405
1113,5770,true,0.473306
1113,20579,false,0.869294
1113,51532,false,0.956647
1113,55047,false,0.859464
1114,5765,true,0.152928
1114,13408,false,0.98267
1114,19323,false,0.771588
1114,53021,false,0.241952
1115,5306,true,0.757286
1115,20177,false,0.046315
1115,30008,false,0.018317
1115,33969,false,0.747262
1116,5938,true,0.60549
1116,43351,false,0.328262
1116,52163,false,0.746015
1117,5804,true,0.835718
1117,14252,false,0.866118
1117,20209,false,0.039795
1118,5123,true,3.84E-4
1118,5205,true,0.995044
1118,5239,true,0.46205
1118,5296,true,0.195705
1119,5743,true,0.511146
1119,13832,false,0.787606
1119,28846,false,0.415811
1120,5022,true,0.235729
1120,5195,true,0.513797
1120,34171,false,0.556109
1120,41891,false,0.414501
1121,5924,true,0.576661
1121,16284,false,0.298844
1121,26854,false,0.974116
1121,42289,false,0.27292
1122,39943,false,0.357862
1122,49039,false,0.975879
1123,5513,true,0.881495
1123,5607,true,0.501715
1123,5679,true,0.779077
1123,37116,false,0.031478
1123,54478,false,0.752986
1124,5280,true,0.373865
1124,16069,false,0.949837
1125,5311,true,0.452767
1125,5947,true,0.097509
1125,28596,false,0.592876
1125,39931,false,0.932307
1126,29573,false,0.851481
1127,45202,false,0.020505
1128,5334,true,0.771051
1128,27507,false,0.050526
1128,35631,false,0.573706
1128,36021,false,0.524335
1128,44979,false,0.53161
1130,5238,true,0.682281
1130,57378,false,0.145383
1131,5594,true,0.128522
1131,11664,false,0.926826
1131,17305,false,1.007544
1131,35437,false,0.804082
1132,5714,true,0.231772
1132,5790,true,0.94428
1132,11851,false,0.785846
1132,32886,false,0.634357
1132,49327,false,0.33783
1133,17119,false,0.400828
1133,20467,false,0.313654
1133,27142,false,0.274952
1133,40414,false,0.582885
1133,44747,false,1.006866
1133,47307,false,0.968991
1134,5370,true,0.621702
1134,5487,true,0.006047
1134,5815,true,0.889953
1134,5992,true,0.551622
1134,52768,false,0.357014
1135,37209,false,0.191747
1135,55011,false,0.618461
1136,21712,false,0.062185
1136,46527,false,0.007039
1137,20385,false,0.724377
1137,27443,false,0.851536
1137,27963,false,0.232941
1137,28609,false,0.034083
1137,40318,false,0.92327
1137,42840,false,0.481692
1137,58065,false,0.981822
1138,22529,false,0.697548
1139,28499,false,0.002761
1139,29547,false,0.667899
1139,48097,false,0.863972
1139,48686,false,0.076642
1139,56556,false,0.341464
1140,22921,false,0.093509
1140,28204,false,0.599444
1142,10212,false,0.361737
1142,18970,false,1.023023
1142,26861,false,0.195036
1142,32245,false,0.698007
1143,32452,false,0.661345
1143,32695,false,0.271361
1143,36354,false,0.1669
1143,43186,false,0.230471
1144,40573,false,0.168781
1145,10847,false,0.18541
1145,49761,false,0.906883
1146,34479,false,0.787519
1146,43684,false,0.873807
1147,23189,false,0.543459
1147,34714,false,0.575482
1148,31025,false,0.969932
1149,27865,false,0.536561
1149,33703,false,0.791013
1149,34198,false,0.317895
1149,44403,false,1.009878
1149,54038,false,0.319072
1150,44288,false,0.632198
1151,37086,false,0.231337
1151,49340,false,0.724079
1152,22094,false,0.174128
1152,47232,false,0.235233
1153,14305,false,0.722368
1153,20275,false,0.126117
1153,32674,false,0.515412
1153,37268,false,0.151842
1154,26375,false,0.539285
1154,44768,false,0.875787
1154,46942,false,0.679337
1155,16968,false,0.482927
1155,18124,false,0.366466
1155,34022,false,0.64769
1155,44510,false,0.606869
1156,11328,false,0.065563
1156,16068,false,0.889145
1156,16420,false,0.093651
1156,54475,false,0.390616
1157,20963,false,0.528783
1157,51493,false,0.748889
1158,51925,false,0.085279
1159,33809,false,0.675417
1160,36645,false,0.134704
1160,42218,false,0.550816
1160,59902,false,0.935654
1162,21432,false,0.165051
1162,22435,false,0.931919
1162,25658,false,0.857212
1162,28881,false,0.115596
1162,48668,false,0.152878
1162,48892,false,0.616287
1164,29906,false,0.79553
1164,39804,false,0.936066
1164,41053,false,1.002709
1165,21606,false,0.835962
1165,34578,false,0.326011
1165,58627,false,0.245989
1166,42429,false,0.681702
1167,11495,false,0.616321
1167,14223,false,0.089344
1167,14229,false,0.07201
1167,15079,false,0.572841
1167,39638,false,0.049482
1167,45878,false,0.028347
1167,53637,false,0.519277
1168,44601,false,0.893866
1169,30198,false,0.152901
1169,31391,false,0.998973
1169,32563,false,0.03456
1169,55268,false,0.235166
1170,18248,false,0.394203
1170,49168,false,0.270969
1172,16175,false,0.569348
1172,27027,false,0.369273
1172,45458,false,0.164805
1173,45742,false,0.222605
1174,32199,false,0.499405
1174,33252,false,0.247495
1174,48713,false,0.998826
1175,30865,false,0.979842
1175,37395,false,0.665862
1175,48905,false,0.372009
1176,23513,false,0.01649
1176,24052,false,0.892795
1176,50345,false,0.53331
1176,56593,false,0.733108
1177,17011,false,0.895639
1177,45724,false,0.476923
1177,50408,false,0.818723
1178,33527,false,0.199365
1178,36244,false,0.286198
1178,46174,false,0.072417
1179,11718,false,0.472719
1180,18246,false,0.963198
1180,29400,false,0.447627
1180,33424,false,0.458112
1180,52475,false,0.157785
1181,29773,false,0.597972
1181,31253,false,0.426698
1181,34341,false,0.741667
1181,44261,false,0.623303
1182,5724,true,0.28074
1182,18489,false,0.446008
1183,5445,true,0.356985
1183,5695,true,0.491247
1183,31705,false,0.964713
1184,5028,true,0.468276
1184,10164,false,0.170075
1184,27442,false,0.381994
1185,5496,true,0.189782
1186,39099,false,0.716962
1187,5669,true,0.166872
1187,5921,true,0.485785
1187,25357,false,0.008882
1188,5781,true,0.132306
1188,18505,false,0.190322
1188,47279,false,0.670056
1189,5455,true,0.11267
1189,5967,true,0.767189
1189,16830,false,0.869188
1189,19920,false,0.516023
1190,5925,true,1.019644
1190,40276,false,0.965447
1191,5053,true,0.776229
1191,19614,false,0.874007
1192,5265,true,0.11322
1192,5463,true,0.78886
1192,5902,true,0.870896
1192,25645,false,0.259041
1193,5850,true,0.211977
1193,45628,false,0.506673
1193,51514,false,0.539921
1193,53753,false,0.743251
1194,40218,false,0.683634
1194,45401,false,0.29551
1195,10167,false,0.623707
1195,30600,false,0.535861
1195,41621,false,0.635711
1195,53534,false,0.575487
1196,25259,false,0.025797
1196,37706,false,0.875313
1196,51990,false,0.465142
1197,35577,false,0.986301
1197,46539,false,0.053722
1198,5572,true,0.491639
1198,5612,true,0.615858
1198,5715,true,0.445081
1198,5814,true,0.369408
1198,34630,false,0.120316
1198,42055,false,0.05155
1198,45962,false,0.279994
1199,5522,true,0.785818
1199,5587,true,0.169263
1199,22819,false,0.574935
1199,39788,false,0.310781
1199,46805,false,0.059596
1200,5581,true,0.703479
1200,5732,true,0.174146
1200,41044,false,0.35413
1200,51721,false,0.463545
1201,5451,true,0.373082
1201,5893,true,0.061675
1201,5915,true,0.977126
1201,18214,false,0.051909
1201,20707,false,0.334414
1201,51479,false,0.71908
1202,5656,true,0.954887
1202,5760,true,0.811801
1202,20560,false,0.469848
1202,46402,false,0.389331
1203,5081,true,1.011782
1203,5356,true,0.943343
1203,13611,false,0.149043
1203,22317,false,0.208503
1203,42023,false,0.786302
1204,5040,true,0.832938
1204,5823,true,0.30884
1204,25496,false,0.14631
1204,26815,false,0.352618
1205,5365,true,0.464089
1205,5686,true,0.219266
1205,13068,false,0.380451
1205,19322,false,1.007372
1206,32232,false,0.987784
1206,55708,false,0.099376
1207,5508,true,0.464542
1208,5576,true,0.642608
1208,5829,true,0.930515
1208,5943,true,0.146599
1208,15491,false,0.357909
1208,38921,false,0.434969
1208,39235,false,0.179614
1208,40440,false,0.968081
1209,10930,false,0.521992
1209,12573,false,0.453813
1209,29219,false,0.501903
1210,5171,true,0.426225
1210,11296,false,1.002315
1210,22812,false,0.539539
1210,38633,false,0.588853
1211,5706,true,0.087515
1211,31368,false,0.807792
1211,41922,false,0.856128
1212,11409,false,0.515479
1212,13543,false,0.164985
1212,20654,false,0.146676
1212,31745,false,0.161394
1213,26424,false,0.150879
1213,39895,false,0.288409
1213,44451,false,0.254062
1214,15823,false,0.85522
1214,21539,false,0.887278
1215,12742,false,0.248615
1215,14437,false,0.943305
1215,31929,false,0.288233
1215,48505,false,0.615182
1215,50208,false,0.211003
1215,56465,false,0.353765
1216,58507,false,0.022138
1217,10059,false,0.981982
1217,15229,false,0.436396
1217,38809,false,0.876356
1217,58184,false,1.008676
1218,20884,false,0.112763
1218,23117,false,0.540436
1218,46296,false,0.508571
1218,48216,false,0.972734
1218,49536,false,0.063521
1219,34069,false,0.600383
1220,38172,false,0.339206
1222,38480,false,0.400485
1222,42131,false,0.815667
1224,31895,false,0.428012
1224,42179,false,1.002144
1224,49576,false,0.567185
1225,5146,true,0.930079
1225,5384,true,0.127159
1225,5412,true,0.216457
1225,36017,false,0.751856
1226,5495,true,0.947597
1226,13091,false,0.094834
1226,30495,false,0.753158
1226,49015,false,0.722568
1227,5582,true,0.432568
1227,5810,true,0.462168
1227,26301,false,0.017639
1227,41086,false,0.548558
1227,53383,false,0.02561
1228,5519,true,0.845228
1229,5119,true,0.481313
1229,12166,false,0.512406
1229,40180,false,0.195714
1229,58963,false,0.76978
1230,5246,true,0.924838
1230,5460,true,0.375151
1230,5472,true,0.008921
1230,5729,true,0.81809
1230,20838,false,0.813759
1230,23353,false,0.560096
1230,41078,false,0.535037
1230,45106,false,0.761841
1230,49537,false,0.416123
1231,15852,false,0.41201
1231,18328,false,0.127139
1231,20592,false,0.299698
1231,21176,false,0.612375
1231,27120,false,0.401213
1231,33507,false,0.047123
1231,40171,false,0.293221
1232,5044,true,0.773641
1232,34144,false,0.717296
1233,5071,true,0.952119
1233,13111,false,0.590053
1233,17971,false,0.941059
1233,40474,false,0.674982
1233,40876,false,0.427221
1233,55901,false,0.283333
1234,5634,true,0.635724
1234,5839,true,0.223213
1234,35899,false,0.394383
1234,56672,false,0.460374
1235,5023,true,0.865104
1235,11732,false,0.088137
1235,58279,false,0.983185
1236,5701,true,0.389787
1236,5763,true,0.609946
1236,5871,true,0.755385
1236,29280,false,0.519223
1236,52819,false,0.215764
1237,5324,true,0.929245
1237,5951,true,0.299779
1237,10287,false,0.529403
1238,5710,true,0.331757
1238,40326,false,0.091124
1238,48864,false,0.747968
1239,41439,false,0.897906
1240,5557,true,0.053043
1240,5688,true,0.352721
1240,5740,true,0.476093
1240,23486,false,0.492687
1240,40692,false,0.711758
1241,5010,true,0.099418
1241,5355,true,1.00736
1241,10846,false,0.154779
1241,15646,false,0.036279
1241,18719,false,0.407142
1242,5436,true,0.97705
1242,21697,false,0.076233
1242,33043,false,0.091047
1242,36166,false,0.625513
1243,5597,true,0.896199
1243,17271,false,0.276088
1243,22517,false,0.95656
1243,32860,false,0.417218
1243,49522,false,0.948824
1243,50676,false,0.187373
1243,59665,false,0.900486
1244,5078,true,0.695444
1244,5142,true,0.973509
1244,5430,true,0.384813
1244,13243,false,0.367416
1244,26593,false,0.043674
1244,44878,false,0.576873
1244,56863,false,0.130724
1245,11237,false,0.195824
1245,25374,false,0.118451
1246,5240,true,0.39849
1246,5944,true,0.121304
1246,14737,false,0.360573
1247,5874,true,0.750292
1247,13118,false,0.578404
1247,30230,false,0.378573
1247,52116,false,0.568047
1247,55448,false,0.552558
1248,21418,false,0.253238
1248,22881,false,0.409218
1248,25295,false,0.978279
1248,56559,false,0.035543
1249,5562,true,0.669128
1249,39840,false,1.004873
1249,57474,false,0.700757
1250,5145,true,0.320543
1250,40622,false,0.978803
1250,59092,false,0.768616
1251,5245,true,0.848881
1251,32934,false,0.677185
1252,41892,false,0.515205
1252,51422,false,0.366514
1253,5400,true,0.453214
1253,5531,true,0.832813
1253,46685,false,0.873454
1253,50418,false,0.414295
1253,55206,false,0.752246
1254,5197,true,0.979715
1254,5565,true,0.813457
1254,5599,true,0.575188
1255,5341,true,0.200268
1255,44368,false,0.901529
1255,49050,false,0.086398
1256,5731,true,0.219448
1256,39113,false,0.69843
1256,40750,false,0.46461
1256,59834,false,0.229379
1257,5450,true,0.830709
1257,28032,false,0.531699
1257,29808,false,0.484865
1257,32712,false,0.855957
1258,14216,false,0.121889
1258,31019,false,0.555008
1258,39201,false,0.766349
1259,5060,true,0.342035
1259,5127,true,0.211718
1259,5139,true,0.910794
1259,5799,true,0.895469
1259,5899,true,0.103956
1259,31294,false,0.813192
1260,14156,false,0.640809
1260,23588,false,0.207889
1261,5310,true,0.583397
1261,58095,false,0.656662
1262,53176,false,0.252588
1263,5880,true,0.476869
1263,14404,false,0.976632
1264,5045,true,0.085167
1264,19622,false,0.891316
1264,29955,false,0.640115
1265,52145,false,0.194897
1266,15688,false,0.509555
1266,18221,false,0.586324
1266,30766,false,0.015465
1266,40554,false,0.889472
1267,5694,true,0.864312
1267,16371,false,0.008632
1267,34217,false,0.121836
1267,39755,false,0.61617
1267,46846,false,0.776017
1267,56212,false,0.27029
1268,43300,false,0.461433
1268,53001,false,0.033841
1269,46861,false,0.385236
1269,58352,false,0.960427
1270,5122,true,0.373248
1270,5712,true,0.902813
1270,27991,false,0.030698
1270,29341,false,0.234567
1270,31852,false,0.670782
1271,5027,true,0.747417
1271,5149,true,0.068079
1271,44244,false,0.361435
1271,58692,false,0.051959
1272,5985,true,0.130639
1272,11389,false,0.026804
1272,51172,false,0.822578
1273,5112,true,0.45544
1273,22907,false,0.735814
1273,28323,false,0.092141
1273,32829,false,1.00912
1273,59462,false,0.629521
1274,28873,false,1.015541
1274,34833,false,0.400949
1275,37476,false,0.226487
1275,59756,false,0.773966
1276,5844,true,0.247006
1276,32997,false,0.66804
1276,56305,false,0.375497
1277,14353,false,0.795875
1277,16473,false,0.375206
1277,29865,false,0.206622
1277,37334,false,0.679032
1277,42514,false,0.56758
1277,43298,false,0.062067
1277,57326,false,0.933793
1278,5168,true,0.27899
1279,50446,false,0.254706
1280,5209,true,0.396203
1280,5605,true,0.680211
1280,44869,false,0.963293
1281,5413,true,0.614245
1281,53179,false,0.118103
1282,5465,true,0.364748
1282,5499,true,0.998778
1282,23640,false,0.007357
1282,29866,false,0.470952
1282,39621,false,0.85922
1282,46878,false,0.265692
1282,55717,false,0.75494
1283,5843,true,0.347214
1283,21232,false,0.547606
1283,53739,false,0.306046
1284,52087,false,0.575524
1285,5052,true,0.339302
1285,5502,true,0.666468
1285,19483,false,0.425658
1286,5346,true,0.072582
1286,48922,false,0.495438
1287,23475,false,0.255236
1287,34313,false,0.510275
1288,5521,true,0.898791
1288,21263,false,0.680584
1288,40056,false,0.905901
1288,58412,false,0.203448
1289,32505,false,0.482557
1289,36936,false,0.47177
1290,5140,true,0.851526
1290,5971,true,0.787207
1290,59040,false,0.172579
1291,14991,false,0.482637
1291,16523,false,0.179973
1291,19258,false,0.73771
1291,42060,false,0.357507
1291,55052,false,0.946596
1292,5225,true,0.227891
1292,22071,false,0.129438
1292,37917,false,0.155704
1292,46562,false,0.99313
1293,5927,true,0.979867
1293,56938,false,1.003413
1294,12145,false,0.651546
1294,35515,false,0.168686
1294,46833,false,0.805496
1296,5105,true,0.409314
1296,5135,true,0.086799
1296,41761,false,0.970044
1296,56702,false,0.78804
1298,17991,false,0.740231
1298,43089,false,0.336331
1299,5080,true,0.606044
1299,5474,true,0.236044
1299,5726,true,0.262891
1299,24920,false,0.682344
1299,57711,false,0.067121
1300,5039,true,0.471761
1300,5056,true,0.321457
1300,5264,true,0.82824
1300,5631,true,0.951443
1300,5999,true,0.038126
1301,5388,true,0.653592
1301,5546,true,0.567251
1301,5832,true,0.867349
1301,17407,false,0.385298
1301,25215,false,0.381587
1301,39040,false,0.595022
1303,29561,false,0.909242
1303,32720,false,0.235222
1304,16485,false,0.706252
1304,18284,false,0.259819
1304,20045,false,0.741718
1304,46638,false,0.284477
1305,37036,false,0.461671
1305,40302,false,0.338064
1307,15373,false,0.018767
1308,59429,false,0.738277
1309,16072,false,0.3388
1309,31737,false,0.538474
1309,39697,false,0.090439
1309,43270,false,0.287489
1310,12585,false,0.641076
1310,18151,false,0.127622
1310,46955,false,0.131443
1311,22896,false,0.067336
1311,26619,false,0.098216
1311,34266,false,0.696395
1311,36530,false,0.113847
1312,15181,false,0.549435
1312,15530,false,0.952768
1313,13202,false,0.55538
1313,51292,false,0.291523
1314,23011,false,0.094693
1314,31375,false,0.802637
1314,37234,false,0.033699
1314,46156,false,0.050974
1314,59504,false,0.440904
1316,17387,false,0.869475
1316,29680,false,0.444507
1316,58903,false,0.491245
1316,59488,false,0.537221
1317,39247,false,0.150118
1317,50472,false,0.272047
1318,11327,false,0.539782
1318,48552,false,0.277456
1319,57836,false,0.183804
1320,26265,false,0.624824
1321,58562,false,0.853065
1322,10870,false,0.503835
1322,34064,false,0.508674
1322,53861,false,0.911883
1322,59350,false,0.693165
1324,22185,false,0.033499
1324,30313,false,0.475104
1325,20257,false,0.889122
1325,21297,false,0.189318
1325,33722,false,0.602638
1326,48762,false,0.970399
1327,25408,false,0.169475
1327,40004,false,0.145979
1327,55830,false,0.589951
1328,22756,false,0.236591
1328,23604,false,0.820886
1329,14600,false,0.594267
1329,14863,false,0.154434
1329,27949,false,0.245334
1329,57203,false,0.920199
1329,57343,false,0.526508
1330,15052,false,0.630157
1330,24706,false,0.866392
1330,33553,false,0.099014
1330,42708,false,0.560682
1331,5942,true,0.332285
1332,19727,false,0.964457
1332,33208,false,0.214685
1332,43400,false,0.385416
1333,20203,false,0.474836
1333,21500,false,0.35288
1334,26389,false,0.680029
1334,28562,false,0.4163
1334,38291,false,0.393436
1335,11679,false,0.605921
1335,14178,false,0.694312
1335,45075,false,0.80384
1335,56024,false,0.653412
1336,43666,false,0.563331
1336,51073,false,0.950671
1336,52671,false,0.691926
1337,17143,false,0.807897
1337,18156,false,0.421213
1337,20931,false,0.887883
1337,33597,false,1.010155
1338,29281,false,0.721949
1338,54006,false,0.19951
1338,55671,false,0.117205
1339,10600,false,0.475633
1339,36669,false,0.590932
1339,59673,false,0.515014
1340,33758,false,0.248624
1340,52631,false,0.362984
1340,54066,false,0.154076
1342,14780,false,0.328547
1342,22689,false,0.228219
1342,41854,false,0.856601
1342,45298,false,0.134111
1342,50001,false,0.825823
1343,55480,false,0.693233
1344,48553,false,0.032161
1346,29475,false,0.093896
1346,34739,false,0.875807
1346,39016,false,0.471262
1346,55394,false,0.129387
1346,58834,false,0.159547
1347,29224,false,0.655157
1347,43584,false,0.75131
1348,13198,false,0.091994
1348,18937,false,0.73222
1348,56915,false,0.817507
1349,26981,false,0.043389
1349,52690,false,0.849739
1349,59047,false,0.743569
1351,13061,false,0.963675
1351,19255,false,0.806687
1351,51218,false,0.614284
1352,5252,true,0.10307
1352,33724,false,0.524334
1352,38588,false,0.045153
1353,27950,false,0.477507
1353,32430,false,0.539978
1353,48019,false,0.72821
1353,53284,false,0.401139
1354,12473,false,0.559747
1354,19999,false,0.500347
1354,28959,false,0.433817
1354,39084,false,0.837809
1354,41201,false,0.316661
1354,43361,false,0.667613
1355,16161,false,0.3284
1356,29882,false,0.436651
1357,5092,true,0.99983
1357,11396,false,0.930241
1357,17238,false,0.263917
1357,41133,false,0.57946
1357,57532,false,0.052475
1358,5590,true,0.664941
1358,17796,false,0.666992
1358,27075,false,0.438148
1358,46943,false,0.619909
1358,47436,false,0.235185
1358,57926,false,0.416486
1359,19426,false,0.423172
1359,55941,false,0.54526
1360,26540,false,0.548201
1360,34577,false,0.372967
1360,46578,false,0.445147
1360,59894,false,0.936553
1361,11677,false,0.929843
1361,12086,false,0.045103
1361,40776,false,0.722245
1362,29432,false,0.751376
1362,42931,false,0.930717
1362,56279,false,0.212148
1363,27525,false,0.696539
1363,35184,false,0.045856
1363,41069,false,0.00999
1363,57972,false,0.646284
1364,28779,false,0.924587
1364,43286,false,0.105435
1365,52815,false,0.939959
1366,17021,false,0.325749
1366,47198,false,0.595627
1367,29086,false,0.130869
1367,43010,false,0.807695
1367,56440,false,0.539145
1368,42957,false,0.085242
1368,43582,false,0.516483
1369,53726,false,0.059764
1370,20869,false,0.516434
1370,28952,false,0.918436
1370,46706,false,0.151013
1371,12061,false,0.341597
1371,58840,false,0.415462
1372,56587,false,0.598607
1373,12894,false,0.861274
1373,17498,false,0.424697
1373,27602,false,0.571479
1373,30525,false,0.303315
1373,52487,false,0.909129
1374,15894,false,0.497396
1375,13145,false,0.223824
1375,25953,false,0.311484
1376,16739,false,0.78115
1376,32202,false,0.546039
1376,55112,false,0.237091
1377,14072,false,0.022783
1378,30975,false,0.694907
1379,25088,false,0.784149
1379,26868,false,0.283896
1379,31028,false,0.994119
1379,54909,false,0.3615
1379,55568,false,0.211745
1380,46728,false,0.706767
1381,13966,false,0.190004
1381,26683,false,0.836447
1383,16553,false,0.410529
1383,49164,false,0.01035
1385,14170,false,0.125933
1385,31186,false,0.989279
1386,32212,false,0.53611
1386,55496,false,1.020453
1387,33584,false,0.836447
1387,37488,false,0.402281
1388,14446,false,0.006077
1388,16146,false,0.305754
1388,19098,false,0.28714
1388,37449,false,0.066178
1388,37623,false,0.363181
1388,46260,false,0.978544
1388,48661,false,0.825928
1388,56769,false,0.116456
1389,18200,false,0.386757
1389,30403,false,0.075259
1390,10970,false,0.110571
1390,16937,false,0.809392
1390,17902,false,0.320409
1390,38278,false,0.197922
1390,44434,false,0.528603
1390,44616,false,0.584864
1391,14951,false,0.126544
1391,50178,false,0.745983
1391,54633,false,0.038116
1392,16788,false,0.205357
1392,59921,false,0.653537
1393,37622,false,0.113206
1393,43393,false,0.854137
1393,46412,false,0.649922
1394,37521,false,0.371817
1395,49840,false,0.39249
1395,55137,false,0.279129
1396,35337,false,0.609244
1396,45187,false,0.464663
1397,22074,false,0.600248
1397,44328,false,0.271543
1398,15337,false,0.29642
1398,22364,false,0.576599
1398,24532,false,0.828888
1398,54240,false,0.066453
1398,56978,false,0.981773
1399,44629,false,0.271563
1399,48688,false,0.329984
1400,22798,false,0.932421
1400,23357,false,0.251668
1400,24676,false,0.898005
1400,26872,false,0.347791
1400,50479,false,0.430633
1401,33070,false,0.114348
1402,20102,false,0.950746
1402,30157,false,0.900425
1402,37425,false,0.289879
1403,26109,false,0.240493
1404,54846,false,0.804511
1404,58576,false,0.294824
1405,18597,false,0.978979
1406,58729,false,0.720613
1407,27081,false,0.655
1407,30924,false,0.066573
1407,43246,false,0.361778
1408,21469,false,0.359759
1408,31302,false,0.494199
1408,33820,false,0.252262
1409,39594,false,0.019805
1409,41721,false,0.020725
1409,50326,false,0.222749
1409,53666,false,0.944484
1410,11423,false,0.727747
1410,23219,false,0.18457
1410,26517,false,0.502867
1411,20881,false,0.955825
1412,26588,false,0.824944
1412,59580,false,0.423417
1413,21212,false,0.239088
1413,32970,false,0.047701
1413,33358,false,0.633521
1413,37070,false,0.387408
1413,40840,false,0.397909
1413,43558,false,0.324774
1413,52579,false,0.769136
1414,19753,false,0.645173
1415,15309,false,0.575274
1415,26119,false,0.049986
1415,29719,false,0.931018
1415,45519,false,0.475298
1416,21645,false,0.682281
1416,26285,false,0.619847
1417,53031,false,0.710744
1418,23594,false,0.480404
1418,24604,false,0.876387
1419,10049,false,0.305215
1419,21147,false,0.489351
1419,37543,false,0.23197
1419,42015,false,0.241275
1420,13930,false,0.697703
1420,56250,false,0.268358
1421,27687,false,0.513713
1421,38033,false,0.74025
1421,41490,false,0.965018
1422,33744,false,0.369882
1422,35227,false,0.929042
1422,50877,false,0.603586
1423,11161,false,0.290218
1424,50020,false,0.39478
1426,15206,false,0.584535
1426,19536,false,0.758773
1427,55890,false,0.408593
1429,23186,false,0.186054
1429,32403,false,0.06111
1429,34314,false,0.673854
1429,43464,false,0.711156
1430,36465,false,0.242364
1430,38360,false,0.559801
1431,12633,false,0.748852
1431,18821,false,0.030894
1431,25412,false,0.229227
1431,32798,false,0.6321
1432,24216,false,0.376784
1434,5253,true,0.830006
1434,5821,true,0.244288
1434,22114,false,0.307205
1434,33062,false,0.824201
1435,5564,true,1.037216
1436,5133,true,0.744413
1436,5606,true,0.501743
1436,5738,true,0.053061
1436,5888,true,0.685916
1436,32725,false,0.005124
1437,5141,true,0.374866
1437,5776,true,0.451835
1437,5848,true,0.085577
1437,5929,true,0.127957
1437,21876,false,0.056737
1437,22873,false,0.270937
1438,5578,true,0.344579
1438,5795,true,0.42587
1438,5824,true,0.556227
1438,41706,false,0.266927
1438,43301,false,0.183436
1438,53686,false,0.276076
1439,44569,false,0.96471
1440,45543,false,0.397606
1440,56807,false,0.378638
1441,5807,true,0.098317
1441,29279,false,0.749771
1442,5126,true,0.063701
1442,5623,true,0.433659
1442,5812,true,0.832831
1442,28631,false,0.135283
1443,29495,false,0.570084
1444,5037,true,0.276992
1444,5386,true,0.379131
1444,5822,true,0.879023
1444,19068,false,0.261995
1445,5038,true,0.802384
1445,24574,false,0.847563
1445,38758,false,0.227351
1446,15182,false,0.677836
1446,19175,false,0.159758
1446,26845,false,0.283573
1446,49435,false,0.44869
1447,5452,true,0.091264
1447,15391,false,0.822427
1448,5189,true,0.227498
1448,5462,true,0.041865
1448,24848,false,0.715442
1448,27345,false,0.732021
1448,35469,false,0.216066
1449,5504,true,0.491307
1449,45671,false,0.310169
1449,52783,false,0.338947
1450,5151,true,0.438028
1450,5309,true,0.410623
1450,5573,true,0.221885
1450,41840,false,0.139881
1450,48449,false,0.719263
1451,5716,true,0.516663
1451,5913,true,0.20475
1451,20373,false,0.318568
1451,27473,false,0.725566
1451,47887,false,0.834502
1452,5029,true,0.492786
1452,5869,true,0.906611
1452,52627,false,0.503914
1453,28077,false,0.862202
1453,45146,false,0.206568
1454,5554,true,0.105442
1454,37007,false,0.082177
1454,41979,false,0.375811
1454,53252,false,0.160416
1454,57217,false,0.979283
1455,5288,true,0.069232
1455,5614,true,0.291776
1455,34443,false,0.831266
1455,36332,false,0.234724
1455,53333,false,0.450011
1456,10580,false,0.521698
1456,40984,false,0.40321
1457,5143,true,0.700072
1457,5144,true,0.5908
1457,5610,true,0.692753
1457,13945,false,0.201523
1457,31946,false,0.852737
1457,55171,false,0.240987
1458,5484,true,0.301141
1458,5808,true,0.619279
1458,5861,true,0.803234
1458,5972,true,0.619466
1458,21661,false,0.487564
1458,43732,false,0.722692
1458,52409,false,0.459779
1459,5937,true,0.266155
1459,54572,false,0.423565
1460,5886,true,0.176669
1460,17582,false,0.720851
1460,27763,false,0.095956
1461,43334,false,0.500156
1462,5414,true,0.578315
1462,14113,false,0.767107
1462,29102,false,0.942967
1463,5664,true,0.614228
1463,37677,false,0.928884
1464,5007,true,0.207404
1464,59990,false,0.602543
1465,55847,false,1.015842
1466,5304,true,0.346421
1466,5536,true,0.563334
1466,32827,false,0.339567
1467,5177,true,0.742601
1467,5516,true,0.599301
1467,5692,true,0.314263
1469,5046,true,0.242383
1469,5468,true,0.148606
1470,5124,true,0.112109
1470,5989,true,0.416016
1470,20238,false,0.058885
1471,30895,false,0.773344
1471,42049,false,0.346558
1473,44258,false,0.792645
1473,48274,false,0.016572
1474,10027,false,0.637446
1474,28479,false,0.975203
1474,51054,false,0.620315
1475,16290,false,0.888197
1475,23148,false,0.273225
1476,43789,false,0.188955
1476,44980,false,0.472747
1477,30017,false,0.065764
1477,33508,false,0.79932
1477,53213,false,0.139365
1480,36286,false,0.8531
1481,17531,false,0.461076
1481,34132,false,0.567241
1481,46494,false,0.400548
1481,50487,false,0.591231
1482,42174,false,0.162242
1483,14781,false,0.052121
1483,33987,false,0.784486
1483,35578,false,0.304875
1483,45613,false,0.049154
1485,13287,false,0.117962
1485,35134,false,0.282544
1485,44082,false,1.02691
1486,22083,false,0.565562
1486,23362,false,0.349442
1486,25735,false,0.963782
1486,34416,false,0.237687
1486,38520,false,0.533076
1486,53605,false,0.783212
1488,43909,false,0.212085
1489,20784,false,0.183455
1489,56373,false,0.967754
1490,44777,false,0.204157
1490,53314,false,0.847892
1491,13206,false,0.519835
1492,19947,false,0.661809
1492,43563,false,0.054072
1493,25786,false,0.376909
1493,55842,false,0.878728
1495,11742,false,0.004918
1496,12203,false,0.180536
1496,32135,false,0.642987
1497,16721,false,0.254586
1497,26060,false,0.538814
1497,37217,false,0.058571
1497,44626,false,1.000453
1497,58732,false,0.362638
1498,27386,false,0.47878
1498,56505,false,0.199015
1499,37288,false,0.755633
1500,11094,false,0.355626
1500,20035,false,0.29369
1500,47866,false,0.597529
1500,48831,false,0.968269
1501,34075,false,0.194563
1502,12975,false,0.742652
1502,15754,false,0.094167
1502,31599,false,0.291083
1503,44162,false,0.085656
1503,52245,false,0.992788
1504,16894,false,0.767722
1504,30736,false,0.603411
1504,53498,false,0.998821
1504,58102,false,0.239016
1505,20608,false,0.937005
1505,23747,false,0.271957
1505,24591,false,0.230784
1506,21765,false,0.247936
1506,31912,false,0.048669
1506,38389,false,0.093689
1507,34037,false,0.567299
1508,36409,false,0.676322
1508,45847,false,0.623075
1509,28759,false,0.037764
1509,32909,false,0.832941
1509,33628,false,0.74912
1511,28965,false,0.10732
1511,50820,false,0.684128
1512,36115,false,0.628551
1512,48926,false,0.932039
1513,16958,false,0.389037
1513,18978,false,0.551881
1513,23307,false,0.399509
1513,34236,false,0.31529
1515,18518,false,0.190368
1515,33954,false,0.153646
1516,20293,false,0.158006
1516,30550,false,0.743023
1516,48225,false,0.906001
1516,48475,false,0.960708
1517,13272,false,0.766843
1517,14519,false,0.166358
1517,33893,false,0.672741
1517,48015,false,0.688659
1517,56310,false,6.19E-4
1517,57611,false,0.38426
1518,13395,false,0.200284
1518,20462,false,0.72463
1519,11180,false,0.294616
1519,39794,false,0.976256
1520,23651,false,0.863962
1521,37456,false,0.736045
1521,54755,false,0.404051
1522,5542,true,0.057685
1522,5604,true,0.859757
1522,20807,false,0.168643
1522,21611,false,0.892999
1522,36133,false,0.288004
1523,5129,true,0.261861
1523,5469,true,0.412572
1523,23737,false,0.179488
1524,5672,true,0.145194
1524,24215,false,0.807231
1525,24445,false,0.949445
1526,22433,false,0.824231
1526,24544,false,0.812451
1526,38877,false,0.627881
1526,50488,false,0.192889
1526,59324,false,0.08852
1527,27197,false,0.236036
1527,53539,false,0.679325
1528,5243,true,0.715225
1528,5544,true,0.81878
1528,21144,false,0.178273
1528,22606,false,0.195879
1529,5644,true,0.826621
1529,5745,true,0.53361
1529,43069,false,0.100129
1530,5785,true,0.193613
1530,5914,true,0.772642
1530,52246,false,0.738593
1531,5088,true,0.686194
1531,5611,true,0.460049
1531,47926,false,0.337184
1532,26101,false,0.41458
1532,27074,false,0.848881
1532,42287,false,0.859661
1533,5520,true,0.085483
1533,5875,true,1.011094
1533,50323,false,0.926206
1534,5709,true,0.718164
1534,35456,false,0.69072
1535,5204,true,0.757209
1535,5940,true,0.675633
1535,21884,false,0.18801
1535,29665,false,0.728862
1535,49883,false,0.548124
1535,50721,false,0.163291
1536,5954,true,0.717629
1536,15812,false,0.329954
1536,28905,false,0.696825
1536,31870,false,0.580231
1536,55118,false,0.019607
1537,5593,true,0.001117
1537,10397,false,0.612784
1538,5900,true,0.265512
1538,52055,false,0.958074
1539,5394,true,0.842269
1539,25329,false,0.364154
1539,42750,false,0.975255
1539,56115,false,0.54946
1540,52901,false,0.870194
1540,53833,false,0.543372
1541,5333,true,0.300721
1541,16561,false,0.701561
1541,17472,false,0.908771
1541,33793,false,0.133671
1542,5256,true,0.133104
1542,58361,false,0.562405
1544,5277,true,0.059469
1544,46135,false,0.811534
1544,48884,false,0.768909
1544,53209,false,1.001171
1545,12677,false,0.652381
1545,27733,false,0.160968
1545,29953,false,0.779946
1545,36710,false,0.94257
1546,5026,true,1.005449
1546,5065,true,0.211506
1546,5926,true,0.348435
1546,5974,true,0.337197
1546,11816,false,0.469059
1546,43520,false,0.373102
1546,50860,false,0.495502
1546,53108,false,0.596976
1547,5024,true,0.187808
1547,5512,true,0.642016
1547,27180,false,0.014486
1547,35788,false,0.85533
1547,43862,false,0.440672
1547,44300,false,0.08099
1547,49922,false,0.118181
1547,51354,false,0.059189
1548,5048,true,0.013276
1548,13729,false,0.82366
1549,5560,true,0.387583
1549,19087,false,0.658678
1549,26611,false,0.392776
1549,35772,false,1.006527
1550,5538,true,0.629457
1550,11236,false,0.503981
1550,25193,false,0.152849
1550,52437,false,0.305955
1551,22112,false,0.83123
1551,32779,false,0.052107
1551,34756,false,0.462936
1552,5314,true,0.904342
1552,5683,true,0.131327
1552,32818,false,0.070583
1552,34047,false,0.517834
1553,53568,false,0.076635
1554,15385,false,0.24034
1554,34592,false,0.899723
1554,43948,false,1.016115
1554,50413,false,0.189569
1554,52663,false,0.179109
1555,10932,false,0.61186
1555,40247,false,0.117067
1556,28830,false,0.858603
1557,49342,false,0.658503
1557,53332,false,0.800202
1558,58407,false,0.050462
1559,16360,false,0.589364
1559,47654,false,0.248238
1559,57712,false,0.421317
1560,12392,false,0.473181
1560,47990,false,0.676946
1560,52932,false,0.68034
1560,59982,false,0.424485
1562,12313,false,0.260459
1562,31524,false,0.251741
1563,28969,false,0.82828
1563,30857,false,0.406754
1564,15042,false,0.632997
1564,20863,false,0.350928
1564,40981,false,0.559829
1566,38952,false,0.309742
1566,46226,false,0.238676
1567,27467,false,0.160852
1567,44141,false,0.328164
1567,54680,false,0.969271
1568,14385,false,0.687259
1568,27353,false,0.852779
1569,36724,false,0.9972
1569,45942,false,0.313544
1569,51879,false,0.527498
1569,53901,false,0.723233
1570,24983,false,0.996362
1570,33974,false,0.640741
1571,15667,false,0.783115
1571,35934,false,0.157019
1571,47439,false,0.876268
1571,58081,false,0.1211
1572,55352,false,0.141135
1573,14687,false,0.760083
1573,34609,false,0.472245
1574,18016,false,0.724581
1574,51078,false,0.884458
1574,56899,false,0.539288
1575,10994,false,0.210096
1576,37193,false,0.841005
1576,40629,false,0.517883
1577,17704,false,0.56331
1578,21701,false,0.790198
1579,48006,false,0.559003
1580,14554,false,0.052234
1580,39450,false,0.07043
1580,41444,false,0.109154
1580,56107,false,0.727391
1581,5741,true,0.835373
1582,5931,true,0.390855
1582,56311,false,0.807151
1583,5891,true,0.884303
1583,18586,false,0.591477
1583,23166,false,0.258533
1583,27648,false,0.706364
1583,51407,false,0.527256
1584,5057,true,0.388158
1585,5317,true,0.349852
1585,5378,true,0.13789
1585,5639,true,0.984179
1585,5890,true,0.217535
1585,35651,false,1.024638
1585,39033,false,0.829988
1586,5094,true,0.311104
1586,5320,true,0.722835
1586,5647,true,0.439117
1586,13960,false,0.741787
1586,29270,false,0.553009
1586,42396,false,0.609996
1587,5262,true,0.730432
1588,5787,true,0.695297
1588,47613,false,0.784049
1589,5340,true,0.019505
1589,5482,true,0.378161
1589,34864,false,0.705304
1589,38844,false,0.874601
1590,5528,true,0.816325
1590,41617,false,0.5933
1590,56903,false,0.155323
1591,5120,true,0.979182
1591,5125,true,1.014294
1591,5788,true,0.071003
1591,10286,false,0.896546
1591,17866,false,0.267018
1592,43668,false,0.023358
1592,48880,false,0.973239
1593,5307,true,0.250892
1594,27505,false,0.310179
1594,35987,false,0.233499
1594,36734,false,0.877267
1594,52916,false,0.435871
1595,5043,true,0.147572
1595,5051,true,0.059552
1595,5758,true,0.401867
1595,45923,false,0.618203
1595,55222,false,0.965489
1596,5505,true,0.568289
1596,5964,true,0.641589
1596,45449,false,0.039295
1596,47614,false,0.52835
1596,52369,false,0.61998
1597,40713,false,0.930685
1597,45125,false,0.420787
1597,59489,false,0.715843
1598,53593,false,0.807659
1598,54656,false,0.177516
1599,5279,true,0.010162
1599,11954,false,0.062934
1599,15209,false,0.545504
1599,34247,false,0.968251
1600,5930,true,0.025015
1600,29497,false,0.757572
1600,29639,false,0.126525
1600,48296,false,0.400057
1600,52442,false,0.840333
1601,5478,true,0.663987
1601,32298,false,0.684881
1602,5335,true,0.987392
1602,5835,true,0.990393
1602,5934,true,0.083934
1602,35267,false,0.533161
1603,5263,true,0.001154
1603,26290,false,0.629131
1603,47774,false,0.85806
1604,5878,true,0.619754
1604,26054,false,0.860184
1605,5248,true,0.077138
1605,5797,true,0.413785
1605,5932,true,0.004311
1605,10834,false,0.334653
1605,13850,false,0.160136
1605,51220,false,0.740042
1605,53131,false,0.749141
1606,22980,false,0.25141
1606,37732,false,0.380715
1606,40791,false,0.565351
1607,5618,true,0.512799
1607,5831,true,0.151348
1607,24287,false,0.285323
1607,26766,false,0.604507
1607,47400,false,0.871991
1608,5103,true,0.778507
1608,5184,true,0.879695
1608,5267,true,0.78714
1608,5609,true,0.260329
1609,5485,true,0.966988
1609,5703,true,0.551948
1609,16351,false,0.350253
1609,58470,false,0.920387
1611,5250,true,0.043844
1611,5260,true,0.807831
1611,20924,false,0.02454
1611,21903,false,0.941081
1611,26698,false,0.230169
1611,28041,false,0.260588
1611,34894,false,0.088155
1611,57239,false,0.826059
1612,5438,true,0.889682
1612,27826,false,0.014058
1613,5063,true,0.599659
1613,5719,true,0.486752
1613,21578,false,0.693562
1613,27561,false,0.231621
1613,32188,false,0.431636
1613,32317,false,0.815279
1613,42150,false,0.801448
1613,57698,false,0.960052
1614,5836,true,0.957654
1614,33230,false,0.293264
1614,54015,false,0.189085
1615,5289,true,0.289011
1615,5390,true,0.829351
1615,15803,false,0.472189
1615,34392,false,0.891462
1615,58851,false,0.564373
1616,44606,false,0.198531
1617,5584,true,0.424722
1617,5775,true,0.437042
1618,5626,true,0.264682
1620,29868,false,0.098554
1620,46541,false,0.983141
1620,48433,false,0.192759
1620,50247,false,0.330377
1620,59890,false,0.627811
1621,5507,true,0.674391
1621,5981,true,0.636974
1621,33914,false,0.209002
1622,42950,false,0.686483
1622,44746,false,0.615033
1623,12623,false,0.525836
1623,46626,false,0.851713
1624,20532,false,0.384308
1624,38515,false,0.010827
1624,39740,false,0.534023
1624,52338,false,0.203211
1624,53559,false,0.48381
1625,5102,true,0.834935
1625,38823,false,0.050707
1625,59516,false,0.092479
1626,36010,false,0.457926
1626,56805,false,0.824496
1627,5273,true,0.658219
1627,5983,true,0.089902
1627,16771,false,0.216739
1627,37552,false,0.779315
1627,46322,false,0.529226
1628,5786,true,0.537164
1628,14867,false,0.207202
1628,32937,false,0.06
1628,43711,false,0.966361
1629,28996,false,0.624405
1629,50585,false,0.949753
1630,5084,true,0.949692
1630,17843,false,0.254005
1630,23168,false,0.502262
1630,59600,false,0.66846
1631,5109,true,0.117277
1631,5747,true,0.059261
1631,33185,false,0.425967
1632,12388,false,0.476203
1632,44232,false,0.116791
1633,5190,true,0.63099
1633,5982,true,0.350554
1634,5483,true,0.736013
1634,5858,true,0.01409
1634,5909,true,0.222449
1634,10308,false,0.684235
1634,52906,false,0.427258
1634,57368,false,0.133937
1635,5550,true,0.457831
1635,23670,false,0.779293
1635,28656,false,0.440033
1635,31583,false,0.484974
1635,35839,false,0.148383
1636,5352,true,0.039342
1636,45874,false,0.729831
1637,5357,true,0.146047
1637,5393,true,0.017421
1637,13948,false,0.056188
1637,46057,false,0.977379
1637,46664,false,0.490487
1638,14619,false,0.581792
1638,21506,false,0.122276
1638,36068,false,0.936756
1638,42008,false,0.688403
1638,45248,false,0.712579
1638,56528,false,0.164294
1639,48494,false,0.668799
1640,50765,false,0.099476
1640,54465,false,0.961687
1642,16556,false,0.658951
1642,22349,false,0.199826
1642,48651,false,0.607903
1642,48748,false,0.140424
1643,20900,false,0.549991
1643,35420,false,0.083554
1644,19493,false,0.444003
1644,26029,false,0.442893
1644,28056,false,0.271992
1644,47489,false,0.83912
1644,56247,false,0.969179
1645,37057,false,0.328175
1645,51376,false,0.308295
1646,39608,false,0.540567
1647,33699,false,0.004898
1648,10104,false,0.576618
1651,12958,false,0.341405
1651,14350,false,0.172096
1651,26626,false,0.51211
1651,45088,false,0.60165
1651,53528,false,0.45069
1652,32959,false,0.256433
1652,57964,false,0.384573
1653,57418,false,0.461515
1654,30922,false,0.951503
1654,45476,false,0.374609
1655,27946,false,0.22961
1655,38476,false,0.349686
1655,39983,false,0.628823
1655,41522,false,0.701755
1656,47424,false,0.703016
1657,29212,false,0.530388
1657,30621,false,0.091984
1657,33931,false,0.616616
1657,43111,false,0.642902
1657,56223,false,0.89992
1658,38671,false,0.657681
1660,30542,false,0.948636
1660,34900,false,0.499856
1660,45611,false,0.718949
1661,40097,false,0.816679
1662,18229,false,0.583415
1662,20065,false,1.017864
1662,38026,false,0.066415
1663,59000,false,0.857168
1664,31420,false,0.818186
1664,42808,false,0.30258
1665,35673,false,0.077832
1665,51673,false,0.335222
1665,56855,false,0.928007
1666,24257,false,0.683702
1666,29013,false,0.422761
1666,36360,false,0.863115
1667,54007,false,0.193776
1668,13670,false,0.720635
1668,37151,false,0.352484
1671,21290,false,0.422754
1671,23214,false,0.348945
1671,28566,false,0.398902
1671,50622,false,0.398261
1672,12173,false,0.474282
1672,17769,false,0.573367
1672,30693,false,0.586461
1672,45872,false,0.749599
1672,48443,false,0.033168
1674,12019,false,0.965886
1674,16664,false,0.419398
1674,17434,false,0.254851
1674,42763,false,0.165683
1674,59079,false,0.683831
1675,21296,false,0.875833
1675,30302,false,0.12737
1675,32947,false,0.195607
1675,42483,false,0.723248
1676,15510,false,0.340481
1676,20871,false,0.530943
1676,28378,false,0.198734
1676,35608,false,0.836675
1676,37434,false,0.187497
1676,38196,false,0.966338
1677,42932,false,0.852291
1678,16359,false,0.957568
1678,20876,false,0.449754
1678,29740,false,0.19255
1678,55478,false,0.912298
1678,57333,false,0.154076
1679,19956,false,0.072584
1680,20188,false,0.836045
1680,33166,false,0.12896
1680,38769,false,0.71134
1680,43635,false,0.023598
1681,32342,false,0.179065
1682,32820,false,0.813068
1682,44935,false,0.148091
1683,14036,false,0.762276
1683,22771,false,0.152534
1683,57081,false,0.779109
1685,30179,false,0.218941
1686,10438,false,0.18598
1686,14000,false,0.460273
1686,15704,false,0.285537
1686,16688,false,0.929459
1686,39514,false,0.278053
1686,43344,false,0.301517
1689,18444,false,0.103167
1689,31859,false,0.384065
1689,32329,false,0.794106
1690,25914,false,0.240437
1690,48384,false,0.22416
1691,26085,false,0.992039
1691,31347,false,1.024251
1691,37549,false,1.00912
1691,41855,false,0.315201
1691,47846,false,0.647274
1691,56894,false,0.658002
1692,5419,true,0.728845
1692,5939,true,0.310292
1692,51042,false,0.543387
1692,52029,false,0.299161
1692,53373,false,0.162674
1693,12289,false,0.582794
1693,16456,false,0.517272
1693,35428,false,0.351343
1694,17338,false,0.16356
1694,25454,false,0.713714
1694,30124,false,0.526492
1694,37362,false,0.536984
1694,49919,false,0.046781
1694,50115,false,0.814309
1695,12528,false,0.130256
1695,26895,false,0.497831
1695,54986,false,0.67677
1696,27451,false,0.332724
1696,38238,false,0.134909
1696,50097,false,0.320561
1696,52761,false,0.036417
1697,5295,true,0.668862
1697,5986,true,0.661469
1697,17273,false,0.56638
1697,20887,false,0.998561
1697,59373,false,0.430785
1698,5718,true,0.950057
1698,28240,false,0.196155
1698,34237,false,0.69219
1698,44937,false,0.293317
1698,45558,false,0.123161
1698,51499,false,0.798958
1699,5490,true,0.967803
1699,50264,false,0.276901
1700,23994,false,0.061381
1700,51600,false,0.16422
1700,56562,false,0.225188
1700,57070,false,0.494399
1701,38113,false,0.139862
1701,46107,false,0.555909
1701,51608,false,0.516589
1702,16649,false,0.350209
1702,53889,false,0.366244
1703,43256,false,0.323681
1704,14282,false,0.871891
1704,15053,false,0.826174
1704,29587,false,0.463146
1705,12085,false,0.013484
1705,14748,false,0.902928
1705,44914,false,0.451022
1705,53159,false,0.997938
1706,51752,false,0.931361
1707,43416,false,0.318348
1707,50420,false,0.387833
1707,51603,false,0.51336
1707,57154,false,0.105551
1708,14598,false,0.810943
1708,17980,false,0.260792
1708,56088,false,0.646519
1709,41065,false,0.245721
1711,22258,false,0.616637
1711,50192,false,0.387669
1712,11353,false,0.365821
1712,14176,false,0.349823
1712,50146,false,0.287846
1713,33276,false,0.030346
1714,12077,false,0.308525
1714,52371,false,0.511273
1715,11158,false,0.247916
1715,19421,false,0.849214
1715,31361,false,0.019434
1715,42522,false,0.283989
1716,22200,false,0.123978
1716,29019,false,0.735842
1717,38108,false,0.913068
1717,41018,false,0.287434
1718,12032,false,0.843283
1718,19187,false,0.564576
1718,47637,false,0.586814
1718,59528,false,0.365963
1719,19813,false,0.764257
1719,29850,false,0.451916
1719,46113,false,1.004811
1720,22068,false,0.208709
1720,23706,false,0.718874
1720,26784,false,0.563173
1721,17112,false,0.690664
1721,43530,false,0.045072
1721,56176,false,0.129759
1722,19301,false,0.892006
1724,37100,false,0.933064
1724,45261,false,0.738487
1725,22788,false,0.055194
1725,24113,false,0.437118
1725,49482,false,0.234503
1725,55898,false,0.951469
1726,35037,false,0.257341
1726,53006,false,0.759046
1727,16519,false,0.938011
1727,49823,false,0.581422
1728,18537,false,0.089345
1728,47860,false,0.969235
1728,48809,false,0.9469
1729,10721,false,0.410319
1729,20602,false,0.381448
1729,20845,false,0.404896
1729,21851,false,0.310499
1729,29196,false,0.378253
1729,39713,false,0.907453
1729,55649,false,0.83064
1730,18385,false,0.950054
1730,46303,false,0.849602
1731,59581,false,0.713999
1732,10088,false,0.758726
1732,27945,false,0.850755
1732,34428,false,0.752758
1733,19065,false,0.129178
1733,31193,false,0.419193
1733,57562,false,0.09263
1734,12632,false,0.769707
1734,13579,false,0.971959
1734,28862,false,0.135386
1734,39225,false,0.756763
1735,21490,false,0.473462
1735,35485,false,0.927533
1735,36241,false,0.046058
1735,39177,false,0.368535
1735,42419,false,0.930154
1736,13098,false,0.450924
1736,31086,false,0.059536
1736,43451,false,0.666938
1737,5218,true,0.267062
1737,5567,true,0.453464
1737,27122,false,1.008062
1737,47766,false,0.959302
1737,58984,false,0.721049
1738,32586,false,0.610719
1738,59573,false,0.832866
1739,25349,false,0.610683
1740,54028,false,0.483298
1741,15484,false,0.430647
1741,56557,false,0.129652
1742,10112,false,0.644886
1742,16915,false,0.011127
1742,25577,false,0.877464
1743,15316,false,0.047542
1743,25063,false,0.283842
1743,41291,false,0.39119
1743,52192,false,0.490962
1743,53878,false,0.710454
1744,10660,false,0.303625
1744,19218,false,0.214175
1745,44702,false,0.852064
1745,57936,false,0.203004
1746,10124,false,0.824459
1746,41450,false,0.484999
1747,5098,true,1.002452
1747,5187,true,0.658095
1747,5996,true,0.120937
1747,11029,false,0.535921
1747,11584,false,0.57748
1747,20706,false,0.991919
1747,26912,false,0.330019
1747,52974,false,0.828791
1748,5995,true,0.605793
1748,22716,false,0.024989
1749,5259,true,1.031387
1749,5382,true,0.489285
1749,5471,true,0.205701
1749,39315,false,0.319602
1749,47661,false,0.145361
1749,58421,false,0.116642
1750,5222,true,0.36879
1750,28313,false,0.135555
1750,29161,false,0.543593
1750,47726,false,0.568085
1750,51489,false,0.178786
1751,5663,true,0.839426
1751,5813,true,0.94576
1751,53438,false,0.220425
1752,43347,false,0.515813
1752,43656,false,0.01351
1752,51915,false,0.479098
1752,56770,false,0.897589
1753,19636,false,0.567198
1753,58924,false,0.158766
1754,12410,false,0.15409
1754,16869,false,0.515079
1754,48646,false,0.708575
1755,26131,false,0.142347
1756,45833,false,0.304143
1756,48010,false,0.48258
1758,5440,true,0.321409
1758,5454,true,0.014939
1758,12057,false,0.864782
1758,35196,false,0.173084
1759,31668,false,0.996429
1759,43170,false,0.185018
1759,49234,false,0.972957
1760,5115,true,0.467187
1760,22897,false,0.711035
1760,50217,false,0.425257
1761,5501,true,0.112051
1761,14894,false,0.650405
1762,5409,true,0.154636
1762,5600,true,0.785031
1762,16900,false,0.442365
1762,25664,false,0.912864
1762,36268,false,0.098213
1762,38955,false,0.999073
1763,5379,true,0.316967
1763,5591,true,0.424716
1763,10401,false,0.190878
1763,12324,false,0.205853
1763,59076,false,0.542235
1764,5466,true,0.713663
1764,32348,false,0.715278
1764,50807,false,0.731116
1764,57400,false,0.502032
1765,5728,true,0.20386
1765,21302,false,0.777885
1765,56954,false,0.291486
1766,5058,true,0.003051
1766,15884,false,0.458391
1766,20709,false,0.725683
1766,37084,false,0.312821
1767,5183,true,0.06698
1767,5411,true,0.127332
1767,5435,true,0.535287
1767,5796,true,0.573802
1767,49590,false,0.205097
1767,52166,false,0.806751
1768,26046,false,0.776755
1768,47264,false,0.838576
1768,54426,false,0.326975
1768,58731,false,0.762814
1769,15537,false,0.879028
1769,25933,false,0.469323
1770,36390,false,0.703623
1771,5132,true,0.434151
1771,5613,true,0.830363
1771,5734,true,0.616642
1771,28781,false,0.137961
1772,5070,true,0.185391
1772,5275,true,0.394417
1772,5579,true,0.560803
1772,5636,true,0.404974
1772,40360,false,0.876209
1772,46593,false,0.687226
1773,42672,false,0.487375
1774,5670,true,0.979707
1774,33082,false,0.096902
1774,50210,false,0.577836
1774,59920,false,0.247272
1775,5217,true,0.645493
1775,5566,true,0.356893
1775,5837,true,0.394996
1775,51452,false,0.035157
1776,35340,false,0.696971
1776,46898,false,0.257371
1777,5200,true,0.268418
1777,5427,true,0.706188
1777,5773,true,0.026912
1777,10374,false,0.922376
1778,27930,false,0.707358
1778,44835,false,0.375539
1780,12404,false,0.893623
1781,7366,true,0.581679
1781,25998,false,0.901975
1781,46380,false,0.148992
1781,48545,false,0.136456
1782,39520,false,0.509131
1783,7010,true,0.45713
1783,7259,true,0.251619
1783,7661,true,0.856308
1783,7916,true,0.121511
1783,14768,false,0.18272
1783,28744,false,0.470653
1783,42051,false,0.22722
1783,57321,false,0.165486
1783,58133,false,0.846436
1784,16508,false,0.355293
1784,34380,false,0.44903
1784,48199,false,0.170431
1784,48656,false,0.89171
1785,27984,false,0.801364
1786,26990,false,0.723594
1786,35555,false,0.51606
1786,36613,false,0.913665
1786,39427,false,0.817392
1787,24217,false,0.362321
1787,29602,false,0.668189
1788,22993,false,0.501454
1788,34661,false,0.751744
1788,37969,false,0.276831
1788,57423,false,0.402062
1789,7292,true,0.834981
1789,47205,false,0.717407
1790,5079,true,1.001903
1790,12003,false,0.651216
1790,18134,false,0.6297
1791,5076,true,0.539619
1791,5391,true,0.559215
1791,5969,true,0.589705
1791,10128,false,0.485527
1791,50871,false,0.322059
1792,25837,false,0.663316
1792,27499,false,0.782053
1792,32021,false,0.210264
1792,37562,false,0.465945
1792,49801,false,0.364021
1792,57057,false,0.056162
1794,43821,false,0.030894
1794,54560,false,0.195556
1795,19538,false,0.588809
1796,38932,false,0.940187
1797,23605,false,0.854896
1797,30999,false,0.015918
1798,10947,false,0.122514
1798,21584,false,0.915012
1798,36555,false,0.250492
1798,39997,false,0.613104
1798,41228,false,0.386414
1799,41394,false,0.110996
1799,42547,false,0.163188
1799,53571,false,1.027858
1800,11698,false,0.263919
1800,14935,false,0.431625
1800,23762,false,1.021651
1800,24916,false,0.459179
1801,18998,false,0.020784
1801,31157,false,0.760359
1801,37596,false,0.198223
1801,41882,false,0.824452
1801,54587,false,0.089604
1802,28627,false,0.706745
1802,38731,false,0.839391
1802,49788,false,0.065781
1804,15465,false,0.658814
1804,37914,false,0.111992
1805,17019,false,0.424702
1805,18796,false,0.02819
1805,31397,false,0.456799
1806,11988,false,0.981773
1806,17228,false,0.999744
1806,21039,false,0.905914
1806,42616,false,0.857029
1806,47906,false,0.275326
1807,11589,false,0.157476
1807,19150,false,0.203902
1807,34740,false,0.090457
1807,49884,false,0.694318
1808,41456,false,1.003593
1808,52000,false,0.767769
1808,58783,false,0.751674
1809,33526,false,0.201121
1809,38874,false,0.694221
1809,47136,false,0.796275
1810,19294,false,0.968311
1810,37501,false,0.972258
1810,46758,false,0.494469
1810,59677,false,0.610856
1811,20213,false,0.672614
1812,12715,false,0.886691
1813,11142,false,0.826373
1813,14017,false,0.172561
1813,38398,false,0.251816
1815,10434,false,0.73941
1815,15208,false,0.566808
1815,21229,false,0.489737
1815,23695,false,0.508638
1815,51817,false,0.386811
1816,24517,false,0.003303
1817,10996,false,0.879779
1817,11950,false,0.813381
1817,25362,false,0.269072
1817,46214,false,0.638096
1818,13218,false,0.356384
1818,42666,false,0.844964
1818,46270,false,0.308247
1818,46834,false,0.359849
1818,54784,false,0.363169
1819,15668,false,0.664116
1819,25054,false,0.610057
1819,43917,false,0.078848
1819,54995,false,0.820793
1820,11185,false,0.515403
1820,47886,false,0.798536
1822,18559,false,0.949338
1822,28561,false,0.001677
1823,16000,false,0.860925
1823,47039,false,0.283946
1823,49860,false,0.874595
1823,58473,false,0.322481
1823,59604,false,0.407324
1824,30930,false,0.843129
1824,40581,false,0.049027
1825,49843,false,0.174033
1826,14145,false,0.66087
1826,18417,false,0.918578
1828,35388,false,0.619907
1828,45722,false,0.43694
1829,29752,false,0.550325
1829,33991,false,0.975957
1830,41467,false,0.907244
1830,59266,false,0.949888
1831,13142,false,0.301772
1832,34674,false,0.560394
1833,19638,false,0.25178
1833,24150,false,0.788139
1834,58781,false,0.258221
1835,30876,false,0.415552
1836,50455,false,0.128587
1837,32742,false,0.41276
1838,12847,false,0.15601
1838,14777,false,0.817773
1838,26703,false,0.399145
1839,16280,false,0.343178
1840,55743,false,0.799458
1841,15033,false,0.79233
1841,31920,false,0.060504
1843,22371,false,0.748777
1843,39815,false,0.27964
1843,43452,false,1.003264
1845,13251,false,0.578057
1845,13919,false,0.372797
1845,24318,false,0.658093
1845,32973,false,0.149959
1845,45414,false,0.12501
1847,46712,false,0.410814
1848,16451,false,0.078792
1848,21975,false,0.113531
1848,48175,false,0.447401
1849,29350,false,0.0735
1850,16428,false,0.958394
1850,19959,false,0.059223
1850,57195,false,0.887775
1851,13374,false,0.464445
1851,26146,false,0.418015
1851,26761,false,0.230667
1851,42531,false,0.643698
1851,45620,false,0.516589
1852,20433,false,0.188961
1852,49569,false,0.933339
1852,55467,false,0.269647
1853,14466,false,0.916159
1853,51058,false,0.907344
1853,53712,false,0.815815
1854,18222,false,0.085125
1854,23140,false,0.540159
1854,42208,false,0.716923
1855,7150,true,0.626742
1855,7216,true,0.784404
1855,7308,true,0.913502
1855,7977,true,0.685537
1855,33721,false,0.383181
1855,35126,false,0.749154
1855,46512,false,0.858009
1856,12592,false,0.395755
1856,14994,false,0.80503
1856,16411,false,0.959423
1856,29830,false,0.336139
1857,7542,true,0.417789
1857,7618,true,0.2857
1857,11574,false,0.527446
1857,17751,false,0.269385
1858,57325,false,0.199697
1859,47928,false,0.855883
1859,53420,false,0.557204
1860,51402,false,0.323547
1861,43125,false,0.901102
1863,11565,false,0.216437
1863,20691,false,0.530996
1864,5525,true,1.011894
1864,5684,true,0.240571
1864,16457,false,0.878282
1865,5700,true,0.934704
1865,33621,false,0.328624
1866,5961,true,0.886606
1866,45252,false,0.00684
1867,5130,true,0.191069
1867,5164,true,0.67549
1867,5873,true,0.629725
1867,43639,false,0.773645
1868,26677,false,0.741623
1869,5711,true,0.571704
1869,15345,false,0.110408
1869,28745,false,0.218466
1869,37939,false,0.664909
1869,57026,false,0.836099
1870,14891,false,0.853259
1870,39051,false,0.351982
1870,43617,false,0.473094
1871,32862,false,0.973162
1871,58205,false,0.196752
1872,5958,true,0.381703
1872,10900,false,0.726748
1872,25992,false,0.495752
1873,21758,false,0.955121
1873,47531,false,0.32518
1874,14131,false,0.606694
1874,39707,false,0.90646
1874,40384,false,0.764409
1875,11219,false,0.489166
1875,46583,false,0.058947
1875,50797,false,0.703105
1875,59660,false,0.164898
1876,36559,false,0.466518
1876,38646,false,0.399367
1876,48946,false,0.506237
1877,14884,false,0.627837
1877,23575,false,0.317304
1878,19684,false,0.203365
1878,54069,false,0.045754
1878,59240,false,0.882538
1879,26233,false,0.106925
1879,29637,false,0.653823
1880,19981,false,0.253148
1880,23868,false,0.166432
1881,59897,false,0.529764
1882,14295,false,0.899683
1883,24520,false,0.189139
1883,51725,false,0.251671
1884,15370,false,0.314068
1884,15840,false,0.595046
1884,30348,false,0.725979
1885,27291,false,0.874967
1885,28587,false,0.895117
1885,32293,false,0.452905
1885,32629,false,0.168891
1885,35400,false,0.390555
1885,43118,false,0.540989
1886,27546,false,0.340115
1886,44729,false,0.353883
1886,58991,false,0.402779
1887,10109,false,0.357956
1887,18720,false,0.676791
1887,37384,false,0.644374
1888,34332,false,0.48721
1888,52909,false,0.726506
1889,21575,false,0.167784
1889,32148,false,0.635686
1889,37779,false,0.642661
1889,40957,false,0.857273
1889,46356,false,0.823099
1889,47574,false,0.270924
1890,18262,false,0.558858
1890,29356,false,0.427248
1890,36854,false,0.522372
1890,45974,false,0.14528
1890,49428,false,0.225999
1891,15701,false,0.054762
1891,47188,false,0.070528
1892,21208,false,0.866509
1892,58315,false,0.932042
1893,10885,false,0.197722
1893,15318,false,0.313383
1894,24480,false,0.961376
1895,19023,false,0.292536
1895,53704,false,0.512693
1897,37876,false,0.959097
1898,13730,false,0.007925
1899,18497,false,0.085715
1899,36654,false,1.002475
1899,42985,false,0.089581
1899,52190,false,0.151407
1899,58512,false,0.389993
1900,42806,false,0.383752
1901,10792,false,0.277222
1901,54803,false,0.256558
1902,12354,false,0.56657
1902,58871,false,0.065535
1903,23900,false,0.422231
1903,29231,false,0.22726
1903,34510,false,0.34828
1903,53493,false,0.843347
1904,22701,false,0.05515
1905,29693,false,0.509249
1905,34886,false,0.880289
1905,55940,false,0.842841
1906,46008,false,0.848775
1907,15417,false,0.337791
1907,16592,false,0.163346
1907,26790,false,0.264857
1909,15647,false,0.153224
1909,28221,false,0.291624
1909,30753,false,0.220273
1909,40445,false,0.768899
1909,47857,false,0.636053
1909,56537,false,0.778189
1911,18762,false,0.367551
1911,48606,false,0.239867
1912,59816,false,0.84859
1913,43082,false,0.283346
1913,46063,false,1.008618
1913,49634,false,0.086003
1913,58848,false,0.076844
1914,34587,false,0.708585
1914,59819,false,0.956748
1915,12296,false,1.002556
1915,31998,false,0.339234
1915,42692,false,0.15488
1915,55628,false,0.425257
1916,16468,false,0.75012
1916,33409,false,0.372315
1916,45478,false,0.281166
1917,15523,false,0.48319
1917,40070,false,0.871097
1918,40504,false,0.530911
1918,49903,false,0.268267
1919,20019,false,0.07238
1919,35540,false,0.953502
1920,10874,false,0.477932
1921,7822,true,0.705568
1921,50558,false,0.040198
1921,58471,false,0.92162
1921,59043,false,1.013064
1922,18875,false,0.967705
1922,29588,false,0.165856
1923,11472,false,0.786204
1923,34632,false,0.69084
1923,47810,false,0.022504
1924,20103,false,0.559969
1924,53581,false,0.373075
1924,57242,false,0.200671
1925,12222,false,0.913677
1925,20396,false,0.723584
1925,32238,false,0.550778
1926,36876,false,0.065705
1927,14703,false,0.10209
1928,19357,false,0.404427
1928,56415,false,0.197297
1929,11147,false,0.878402
1929,24522,false,0.480561
1930,26147,false,0.795153
1930,44889,false,0.77921
1930,49485,false,0.52064
1931,5089,true,0.828796
1931,20835,false,0.202558
1931,38308,false,0.698574
1931,45053,false,0.428177
1932,21803,false,0.238203
1932,30180,false,0.911825
1932,30527,false,0.226604
1932,39766,false,0.892956
1932,48362,false,0.340322
1933,16513,false,0.341032
1933,31628,false,0.729704
1933,39052,false,0.231995
1933,48732,false,0.214974
1935,12615,false,0.505741
1935,43406,false,0.862056
1936,33085,false,0.051694
1936,38188,false,0.760553
1937,28226,false,0.435345
1938,5841,true,0.744514
1938,12895,false,0.317852
1938,56356,false,0.068822
1939,5698,true,0.208254
1939,23451,false,0.855376
1940,5182,true,0.262794
1940,5348,true,1.010084
1940,11483,false,0.511962
1940,24918,false,0.452989
1941,50153,false,0.280142
1942,12621,false,0.731457
1942,27974,false,0.944533
1943,34853,false,0.247442
1944,37237,false,0.325464
1944,56943,false,0.303466
1945,27577,false,0.667734
1945,44586,false,0.65622
1946,22715,false,0.309083
1946,27638,false,1.007012
1946,48570,false,0.46245
1946,55552,false,0.059935
1947,49668,false,0.429253
1948,45013,false,0.979816
1948,54785,false,0.82402
1949,26292,false,0.521231
1949,50263,false,0.811396
1950,21535,false,0.110439
1950,44760,false,1.006531
1950,53756,false,0.464716
1951,20515,false,0.465988
1951,28838,false,0.680745
1951,39588,false,0.077232
1952,12432,false,0.120252
1952,16676,false,0.949041
1952,29515,false,0.619951
1952,29841,false,0.17675
1953,11350,false,0.808186
1953,13400,false,0.574035
1953,23376,false,0.694856
1953,30534,false,0.587121
1953,50170,false,0.682988
1954,34841,false,0.376435
1954,52195,false,0.343748
1955,12885,false,0.184379
1955,29487,false,0.349298
1955,36615,false,0.644637
1955,46801,false,0.035455
1955,56198,false,0.319898
1956,19836,false,0.943795
1956,24481,false,0.324999
1956,53943,false,0.001762
1956,57387,false,0.89008
1956,59743,false,0.294688
1957,13995,false,0.748312
1957,54753,false,0.86079
1958,48771,false,0.589784
1959,23309,false,0.057878
1959,36595,false,0.472903
1959,47659,false,0.497957
1959,56620,false,0.856908
1960,31610,false,0.317377
1962,14539,false,0.531113
1962,52466,false,0.717782
1962,53045,false,0.812547
1963,17885,false,0.671046
1963,28028,false,0.993732
1963,50526,false,0.462824
1963,52295,false,0.738638
1963,58896,false,0.32107
1965,25287,false,0.121653
1965,28726,false,0.497427
1965,39324,false,0.383565
1965,44552,false,0.422355
1966,7406,true,0.42889
1966,7415,true,0.844347
1966,50660,false,0.493258
1967,7695,true,0.409479
1967,7707,true,0.497419
1967,10341,false,0.378763
1967,22638,false,0.527305
1967,31198,false,0.050135
1968,10790,false,0.022418
1968,15257,false,0.147646
1969,7481,true,0.077556
1969,7541,true,0.732807
1969,16916,false,0.74785
1969,26979,false,0.939225
1969,39890,false,0.847699
1969,55147,false,0.779096
1970,29138,false,0.099928
1970,40820,false,0.930602
1970,47322,false,0.888743
1972,57938,false,0.154886
1973,17415,false,0.819576
1973,54020,false,0.590139
1975,53673,false,0.565074
1976,26649,false,0.851973
1976,38575,false,0.190897
1976,53696,false,0.45488
1978,41634,false,0.554221
1978,52056,false,0.010563
1979,31622,false,0.791589
1980,42075,false,0.328055
1980,54630,false,0.706524
1980,57372,false,0.607968
1981,24518,false,0.354616
1981,29324,false,0.015376
1981,38927,false,0.331109
1982,41270,false,0.531642
1982,59533,false,0.472855
1983,23352,false,0.59733
1983,35848,false,0.294006
1984,45066,false,0.501269
1985,39878,false,0.091439
1985,42581,false,0.101668
1986,14139,false,0.755269
1986,24696,false,0.05775
1986,43319,false,0.150498
1986,56757,false,0.320032
1988,35677,false,0.009868
1989,12470,false,0.039094
1989,30781,false,0.740574
1990,27692,false,0.331007
1990,31445,false,0.379416
1991,21133,false,0.863629
1991,25051,false,0.150352
1991,32299,false,0.777507
1992,40416,false,0.234313
1993,18572,false,0.441606
1993,34082,false,0.88748
1993,40851,false,0.055985
1994,11715,false,0.650912
1995,11067,false,0.119139
1995,16876,false,0.183061
1995,48529,false,0.823084
1997,18429,false,0.603959
1997,22575,false,0.187456
1997,31653,false,0.085576
1997,43624,false,0.769626
1998,22161,false,0.93997
1998,23765,false,0.177048
1998,43108,false,0.234421
1999,37670,false,0.628911
1999,44047,false,0.915873
2000,42375,false,1.018581
2001,13475,false,0.565492
2001,30849,false,0.194186
2002,18942,false,0.718425
2003,12361,false,0.004015
2003,22636,false,0.567015
2003,38021,false,0.875657
2004,28432,false,0.847218
2004,38617,false,0.810477
2005,12919,false,0.704078
2005,35568,false,0.942548
2005,41002,false,0.689618
2006,22603,false,0.005521
2007,28977,false,0.064469
2008,32010,false,0.226643
2008,37544,false,0.265759
2009,48197,false,0.113255
2010,39156,false,0.534614
2011,50012,false,0.641015
2012,13501,false,0.958056
2012,19435,false,0.429597
2012,22275,false,0.896513
2012,23709,false,0.034842
2013,35453,false,0.629329
2013,44959,false,0.817662
2013,49728,false,0.317863
2013,51769,false,0.567595
2014,37373,false,0.117547
2015,14950,false,0.551048
2015,22204,false,0.486245
2015,33690,false,0.314286
2015,43588,false,0.600854
2016,20661,false,0.90946
2016,23297,false,0.422643
2016,32158,false,0.996664
2017,10781,false,0.822913
2017,51280,false,0.999363
2018,12464,false,0.585136
2018,40520,false,0.01407
2018,44923,false,0.155639
2019,17645,false,0.332325
2019,39653,false,0.225775
2019,41716,false,0.59847
2019,51091,false,0.485648
2020,50380,false,0.791355
2020,54009,false,0.89793
2021,58833,false,0.453394
2022,21032,false,0.302762
2022,44823,false,0.961765
2022,51585,false,0.614869
2023,56960,false,0.393244
2024,20550,false,0.038986
2024,34130,false,0.663779
2024,34136,false,0.048865
2024,45092,false,0.030486
2024,49316,false,0.220439
2024,56121,false,0.388741
2025,45637,false,0.556496
2026,17543,false,0.804945
2026,30120,false,0.545031
2026,36842,false,0.205378
2026,39006,false,0.664016
2026,44533,false,0.028603
2027,20831,false,0.451901
2027,36136,false,0.186118
2027,38741,false,0.115242
2027,40057,false,0.005757
2027,49136,false,0.357074
2028,49076,false,0.407992
2028,55363,false,0.014445
2029,14063,false,0.833097
2029,45959,false,0.207014
2030,26974,false,0.29831
2030,30506,false,0.57667
2031,20484,false,0.485434
2031,22933,false,0.708457
2031,39381,false,0.377846
2031,45954,false,0.790856
2032,14957,false,0.191739
2032,18695,false,0.399292
2032,29290,false,0.179803
2032,52580,false,0.110327
2033,51928,false,0.786019
2033,55837,false,0.279889
2033,57427,false,0.743624
2034,25264,false,0.848894
2034,46780,false,0.222586
2034,46970,false,0.436619
2035,12165,false,0.685176
2035,34160,false,0.268368
2036,18043,false,0.6547
2036,28660,false,0.585805
2036,40219,false,0.944032
2036,41518,false,0.880024
2036,42262,false,0.895812
2037,20687,false,0.689523
2037,50835,false,0.395869
2037,51049,false,0.506693
2038,12548,false,0.838657
2039,7040,true,0.735758
2039,28758,false,0.697567
2039,53758,false,0.699648
2040,19391,false,0.83049
2041,17293,false,0.107525
2041,45221,false,0.294195
2043,7396,true,0.673543
2043,7770,true,0.168469
2044,29591,false,0.103845
2044,31014,false,0.439208
2045,7084,true,0.186543
2045,26712,false,0.710714
2045,45676,false,0.936574
2045,46645,false,0.534797
2045,47605,false,0.49106
2045,55229,false,0.116648
2045,55712,false,0.177917
2046,7401,true,0.173621
2046,7668,true,0.560039
2046,12805,false,0.082117
2046,24418,false,0.789582
2046,27118,false,0.663426
2046,57213,false,0.631521
2047,7261,true,0.991872
2047,10451,false,0.725298
2047,17575,false,0.759957
2047,38505,false,0.802103
2047,47797,false,0.153556
2048,7860,true,0.989569
2048,8001,true,0.286911
2048,10747,false,0.12837
2048,32310,false,0.107551
2048,55503,false,0.926837
2048,57335,false,0.239891
2049,11792,false,0.676383
2049,38602,false,0.805439
2050,17064,false,0.503062
2051,28334,false,0.176792
2051,37696,false,0.033506
2051,50689,false,0.039947
2051,51476,false,0.616811
2052,27947,false,0.389136
2053,19362,false,0.482257
2053,37107,false,0.77708
2053,38270,false,0.446344
2054,18235,false,0.207199
2054,37126,false,0.290604
2054,41712,false,0.707549
2055,32949,false,0.250356
2056,16802,false,0.12263
2056,55734,false,0.425908
2056,56426,false,0.862141
2057,16010,false,0.533497
2057,16150,false,0.721904
2057,35656,false,0.619597
2058,7213,true,0.209681
2058,32379,false,0.547758
2058,50975,false,0.609031
2058,57158,false,0.657177
2059,52508,false,0.402558
2059,54552,false,0.023805
2061,23211,false,0.088127
2061,50520,false,0.209172
2061,51153,false,0.494107
2063,29899,false,0.143645
2063,34355,false,0.218956
2064,7100,true,0.594184
2064,16995,false,0.358859
2064,35925,false,0.927895
2064,42410,false,0.391082
2065,37847,false,0.644183
2065,39143,false,0.112631
2066,36290,false,0.354898
2066,37661,false,0.607161
2066,45755,false,0.939184
2066,48904,false,0.246556
2066,57659,false,0.916916
2067,7430,true,0.140929
2068,23947,false,0.893036
2068,28511,false,0.186836
2069,34298,false,0.319604
2069,35482,false,0.035043
2069,39060,false,0.066903
2070,14414,false,0.824395
2070,19529,false,0.825951
2070,29530,false,0.485542
2070,52566,false,0.074904
2071,7768,true,0.842824
2071,31732,false,0.764029
2072,7657,true,0.406614
2072,7891,true,0.189436
2072,22623,false,0.381404
2073,12394,false,0.443095
2074,7378,true,0.158833
2074,7466,true,0.552621
2074,19542,false,0.921576
2074,40585,false,0.469223
2074,51963,false,0.090079
2075,7560,true,0.33651
2075,7672,true,0.485366
2075,11818,false,0.776565
2075,22965,false,0.802675
2076,7119,true,0.737002
2076,12912,false,0.305653
2076,56981,false,0.357061
2077,38365,false,0.783575
2078,35583,false,0.932188
2078,43220,false,0.436768
2079,14610,false,0.069088
2079,21293,false,0.242841
2079,25319,false,0.510843
2079,56057,false,0.460176
2080,40221,false,0.496981
2080,49839,false,0.830172
2080,55281,false,0.349402
2081,39961,false,0.969714
2082,18545,false,0.023819
2082,23892,false,0.22149
2082,51075,false,0.63745
2083,12696,false,0.325895
2084,10376,false,0.843756
2084,20407,false,0.010987
2086,50813,false,0.034803
2088,46275,false,0.852279
2089,21435,false,0.474733
2089,34407,false,0.479268
2090,23708,false,0.925988
2090,50388,false,0.468271
2092,27921,false,0.786759
2093,25820,false,0.54289
2094,14514,false,0.613072
2094,24478,false,0.147766
2095,14045,false,0.871227
2095,34352,false,0.309292
2095,46731,false,0.79754
2096,5359,true,0.783416
2096,5408,true,0.981326
2096,5666,true,0.829838
2096,14580,false,0.216881
2096,17693,false,0.91553
2096,23832,false,0.907445
2096,36263,false,0.715037
2096,55027,false,0.417908
2097,22315,false,0.466751
2097,33640,false,0.464528
2097,44366,false,0.766369
2098,5444,true,0.960178
2098,5697,true,0.059557
2098,5948,true,0.286553
2098,26673,false,0.931624
2099,5202,true,0.750328
2099,5952,true,0.88007
2099,39818,false,0.707286
2100,5563,true,0.058496
2100,13453,false,0.500981
2101,16329,false,0.737852
2101,28183,false,0.497479
2101,35886,false,0.828705
2102,5976,true,0.589869
2102,43995,false,0.739068
2102,48135,false,0.513047
2103,5638,true,0.991583
2103,52238,false,0.163432
2104,5097,true,0.606168
2104,25607,false,0.610048
2104,51601,false,0.416671
2104,52235,false,0.361232
2105,5347,true,0.547043
2105,15695,false,0.765448
2105,27388,false,0.11205
2106,5211,true,0.250596
2106,5549,true,0.29069
2106,5625,true,0.12702
2106,37550,false,0.033503
2106,44936,false,0.162173
2106,54988,false,0.494002
2106,59392,false,0.427457
2108,14803,false,0.659163
2108,16652,false,0.074134
2108,34174,false,0.627647
2108,39371,false,0.555083
2108,52298,false,0.564674
2108,57439,false,0.684393
2109,7177,true,0.276771
2109,24902,false,0.8003
2109,51396,false,0.658642
2110,7335,true,0.705777
2110,36781,false,0.716815
2111,8000,true,0.177604
2111,30282,false,0.652555
2111,39193,false,0.776106
2112,18488,false,0.006537
2112,43785,false,0.552884
2114,7692,true,0.096368
2114,14501,false,0.251332
2114,30923,false,0.276747
2114,52007,false,0.25439
2115,7806,true,0.035069
2115,18467,false,0.165149
2115,35734,false,0.014211
2117,24979,false,0.290862
2117,25218,false,0.031898
2117,32025,false,0.245521
2117,36817,false,0.388799
2117,56392,false,0.564496
2118,7447,true,0.568717
2119,32286,false,0.030921
2119,46204,false,0.779684
2120,24834,false,0.575843
2120,34216,false,0.480108
2121,23273,false,0.473901
2121,34698,false,0.504132
2121,46522,false,0.856198
2121,52732,false,0.123254
2122,34181,false,0.937428
2122,52835,false,0.566205
2123,12075,false,0.917139
2123,59443,false,0.480525
2124,27406,false,0.669636
2124,34049,false,0.119689
2125,7240,true,0.593684
2125,35545,false,0.055126
2126,12541,false,0.442343
2126,21468,false,0.864642
2128,49702,false,0.063623
2129,37659,false,0.567541
2129,44464,false,0.366954
2129,57379,false,0.576533
2131,50641,false,0.259878
2132,7955,true,0.36742
2132,39129,false,0.997624
2133,33477,false,0.757099
2133,50109,false,0.09294
2134,7836,true,0.711971
2134,12114,false,0.494379
2134,28335,false,0.147057
2134,58884,false,0.995167
2135,7480,true,0.832266
2135,7548,true,0.19701
2135,20168,false,0.236084
2135,25421,false,0.538618
2135,35671,false,0.96068
2135,37950,false,0.442921
2135,41504,false,0.301474
2136,7106,true,0.002083
2137,45729,false,0.177278
2137,49662,false,0.375838
2138,7041,true,0.07759
2138,29360,false,0.383278
2138,43568,false,0.782523
2138,45677,false,0.215467
2138,55545,false,0.257657
2139,7160,true,0.764942
2139,7845,true,0.400438
2139,18058,false,0.54962
2139,18902,false,0.348583
2140,7492,true,0.95575
2140,29671,false,0.978065
2140,31519,false,0.441719
2140,34028,false,0.741016
2140,38084,false,0.344138
2140,57642,false,0.458869
2141,7318,true,0.089643
2141,7484,true,0.845118
2141,20356,false,0.787339
2141,26830,false,0.973234
2141,48870,false,0.138228
2142,7375,true,0.054191
2142,20337,false,0.206945
2142,25270,false,0.652649
2143,7531,true,0.62622
2144,12634,false,0.795181
2144,36800,false,0.428465
2144,37774,false,0.29915
2145,31073,false,0.80128
2145,34480,false,0.273808
2145,54519,false,0.682373
2146,7444,true,0.40714
2146,20322,false,0.534798
2146,43965,false,0.883605
2147,7337,true,0.995272
2147,38239,false,0.712171
2147,50070,false,0.530256
2148,13204,false,0.431514
2148,18148,false,0.710375
2148,23139,false,0.520395
2148,35317,false,0.283582
2149,10074,false,0.49184
2149,25679,false,0.471712
2149,57979,false,0.843335
2150,7782,true,0.281168
2150,7971,true,0.076381
2150,10849,false,0.194373
2151,10717,false,0.477645
2151,49530,false,0.561839
2152,13158,false,0.064117
2152,14411,false,0.585395
2152,26444,false,0.786887
2152,33348,false,0.425716
2152,33511,false,0.446756
2154,7058,true,0.435823
2154,7277,true,0.56639
2154,7951,true,0.263054
2154,10894,false,0.283082
2154,11062,false,0.787926
2154,11429,false,0.332508
2154,15879,false,0.59353
2154,24740,false,0.15276
2154,26928,false,0.217286
2155,7750,true,0.214504
2155,15389,false,0.874767
2155,23652,false,0.326015
2155,48132,false,0.414085
2156,7225,true,0.05392
2156,7786,true,0.325738
2157,7175,true,0.00894
2157,21730,false,0.494697
2157,42826,false,0.184346
2157,51208,false,0.816595
2158,14311,false,0.183418
2158,18033,false,0.179988
2158,49206,false,0.78192
2159,11683,false,0.163289
2159,12137,false,0.183597
2159,37763,false,0.026542
2159,37825,false,0.252507
2160,16948,false,0.972542
2160,58224,false,0.773487
2161,21270,false,0.386906
2161,24884,false,0.8798
2161,49795,false,0.872147
2162,39366,false,0.639451
2162,59635,false,0.513982
2163,10239,false,0.219202
2163,51473,false,0.022343
2163,57992,false,0.859839
2164,28524,false,0.133112
2165,11999,false,0.98987
2165,23621,false,0.2377
2166,15918,false,0.518206
2166,46533,false,0.041056
2166,51298,false,0.602907
2167,10762,false,0.472123
2167,14678,false,0.013791
2167,42087,false,0.505308
2167,52242,false,0.914319
2168,40936,false,0.889364
2168,50530,false,0.675115
2169,10804,false,0.822349
2169,27972,false,0.805019
2169,47604,false,0.18931
2169,53827,false,0.600094
2170,29875,false,0.946424
2170,35304,false,0.846409
2171,26223,false,0.949562
2172,23251,false,0.717545
2173,17612,false,0.158904
2173,26331,false,0.197215
2173,30752,false,0.806838
2173,34851,false,0.20327
2173,42325,false,0.129784
2173,42853,false,0.206757
2174,19453,false,0.185403
2174,37189,false,0.405246
2174,44462,false,0.556296
2175,32054,false,0.603038
2176,13154,false,0.395181
2176,13259,false,0.59863
2176,32099,false,0.094429
2176,33872,false,0.847468
2176,42602,false,0.969929
2176,54590,false,0.238713
2177,23759,false,0.203914
2177,25499,false,0.831458
2177,35736,false,0.868961
2177,38352,false,0.716124
2178,10751,false,0.12809
2178,19822,false,0.146046
2178,20110,false,0.198758
2178,22240,false,0.5369
2178,24267,false,0.103308
2179,55912,false,0.957218
2180,15719,false,0.516654
2180,41256,false,0.615198
2181,29505,false,0.028267
2182,35535,false,0.066785
2182,54326,false,0.904476
2182,55151,false,0.776736
2183,19262,false,0.931947
2183,29477,false,0.669438
2184,24533,false,0.70402
2184,24612,false,0.221146
2184,27878,false,0.536255
2184,27987,false,0.121559
2185,12433,false,0.778802
2185,40844,false,0.291555
2186,33396,false,0.89271
2186,35860,false,0.48245
2186,55420,false,0.78786
2187,39988,false,0.492287
2187,50945,false,0.365763
2187,58309,false,0.927488
2188,41982,false,0.380967
2189,33034,false,0.685364
2189,46675,false,0.242283
2189,54012,false,0.383133
2190,47733,false,0.891138
2190,56438,false,0.658266
2191,28599,false,0.523425
2191,45192,false,0.606647
2191,50556,false,0.789283
2192,26480,false,0.286991
2192,42882,false,0.111987
2192,54373,false,0.951228
2192,57932,false,0.681054
2193,18244,false,0.006983
2193,28404,false,0.052484
2194,17613,false,0.743223
2194,33113,false,0.717493
2195,19567,false,0.307305
2195,44116,false,0.719645
2196,19926,false,0.811843
2196,20721,false,0.496486
2196,44196,false,0.705181
2197,22423,false,0.490915
2197,37229,false,0.755355
2197,43997,false,0.614594
2197,57717,false,0.913031
2198,17261,false,0.59545
2198,19933,false,0.969687
2199,23558,false,0.625691
2199,49088,false,0.813904
2200,26762,false,0.878164
2200,48755,false,0.727776
2200,49242,false,0.674929
2200,55196,false,0.32621
2201,49253,false,0.985456
2201,54625,false,0.535823
2202,17743,false,0.13915
2203,37803,false,0.959151
2204,13620,false,0.564512
2204,19318,false,0.500319
2204,24790,false,0.295749
2204,36903,false,0.063596
2206,12195,false,0.892499
2207,11655,false,0.821326
2207,13073,false,0.153304
2207,21153,false,0.336339
2208,52828,false,0.953491
2209,21520,false,0.147585
2209,40503,false,0.468573
2209,44772,false,0.250712
2211,15119,false,0.152449
2212,45977,false,0.536087
2212,48181,false,0.470834
2213,40354,false,0.827207
2214,55289,false,0.571607
2215,48873,false,0.588231
2216,34061,false,0.514139
2216,35747,false,0.275781
2217,27817,false,0.468863
2218,20750,false,0.789354
2218,24155,false,0.380782
2218,24507,false,0.42776
2218,41464,false,0.323778
2218,56050,false,0.860717
2218,57229,false,0.025035
2219,13022,false,0.236241
2219,15329,false,0.177836
2219,45325,false,0.943558
2220,34143,false,0.164056
2221,52757,false,0.691783
2222,20279,false,0.006475
2222,44153,false,0.540552
2222,57724,false,0.532882
2223,17012,false,0.044978
2223,31989,false,0.335706
2223,45271,false,0.234289
2223,55387,false,0.62274
2224,57346,false,0.286489
2225,12239,false,0.478802
2225,20733,false,0.53609
2225,50645,false,0.384392
2227,33438,false,0.196352
2227,37311,false,0.045364
2227,40684,false,0.916219
2227,42770,false,0.65861
2227,43439,false,0.952126
2227,50198,false,0.091759
2228,52609,false,0.260427
2229,39241,false,0.826285
2229,42984,false,0.142168
2230,31478,false,0.595032
2230,33589,false,0.873172
2230,49423,false,0.445787
2231,31683,false,0.20384
2231,32731,false,0.646593
2232,37624,false,0.340917
2232,43891,false,0.850996
2232,55441,false,0.936567
2233,14073,false,0.17688
2233,26637,false,0.394684
2233,35632,false,0.140133
2233,52570,false,0.232131
2234,51656,false,0.913279
2235,14676,false,0.643702
2236,15102,false,0.12338
2236,15507,false,0.709638
2236,20719,false,0.783096
2236,29438,false,0.489489
2236,47290,false,0.422878
2236,55582,false,0.083792
2236,57878,false,0.169151
2237,29962,false,0.603694
2237,46317,false,0.363009
2237,55191,false,0.574984
2237,56664,false,0.721123
2238,24026,false,0.530743
2238,41728,false,0.563337
2239,34747,false,0.398125
2239,36189,false,0.349699
2239,41071,false,0.10388
2239,59964,false,0.796472
2240,21796,false,0.222384
2240,23456,false,0.782234
2240,49348,false,0.080881
2241,30048,false,0.379818
2241,48304,false,0.396498
2242,24583,false,0.538133
2242,35748,false,0.884905
2242,54188,false,0.269763
2242,59498,false,0.086637
2243,14378,false,0.035029
2243,52070,false,0.205373
2244,10525,false,0.346143
2244,22285,false,0.964875
2244,54703,false,0.008965
2244,57585,false,0.251235
2245,17532,false,0.92278
2246,39610,false,0.85994
2247,30037,false,0.171318
2247,39338,false,0.244596
2247,40362,false,0.596702
2247,40661,false,0.053606
2247,49473,false,0.004346
2248,27167,false,0.767959
2248,29300,false,0.970208
2248,30116,false,0.459574
2248,46055,false,0.015425
2248,47280,false,0.280707
2248,50714,false,0.573395
2248,58027,false,0.234927
2250,27711,false,0.508017
2250,36423,false,0.930213
2250,52760,false,0.953749
2250,55578,false,0.005459
2251,22259,false,0.004852
2251,27445,false,0.777706
2251,48032,false,0.347639
2252,57310,false,0.717743
2253,24129,false,0.249848
2254,20033,false,0.480674
2254,43943,false,0.946322
2254,45243,false,0.654348
2254,58920,false,0.009536
2255,44273,false,0.173548
2255,54904,false,0.645219
2256,18369,false,0.750896
2256,26230,false,0.053273
2256,50827,false,0.109397
2257,59556,false,0.168258
2258,16795,false,0.639357
2258,26860,false,0.997651
2258,37372,false,0.509473
2258,46844,false,0.380694
2258,49706,false,0.214773
2259,41110,false,0.541827
2260,30537,false,1.011549
2262,15583,false,0.554775
2262,19892,false,0.505239
2262,35385,false,0.978277
2262,46421,false,0.266604
2263,46733,false,0.741218
2264,40428,false,0.143209
2264,41063,false,0.401497
2265,14337,false,0.437157
2265,20179,false,0.522739
2265,31495,false,0.210044
2265,48421,false,0.319452
2265,49882,false,0.377148
2265,51633,false,0.470799
2266,10103,false,0.385499
2266,24824,false,0.638281
2266,47775,false,0.452508
2267,30322,false,0.299423
2267,31678,false,0.461743
2268,47694,false,0.099379
2269,10149,false,0.923204
2269,20668,false,0.495205
2269,22506,false,0.123832
2269,30264,false,0.301276
2269,36169,false,0.930094
2269,48407,false,0.824692
2269,57169,false,0.474133
2270,46658,false,0.570232
2270,54146,false,0.217795
2272,18991,false,0.187585
2272,41584,false,0.974243
2272,41809,false,0.163737
2272,59061,false,0.688867
2273,10624,false,0.025244
2273,39513,false,0.408667
2274,43875,false,0.070181
2274,52283,false,0.526656
2274,55785,false,0.300388
2275,13023,false,0.103133
2275,29603,false,0.503397
2275,31637,false,0.930737
2277,20449,false,0.773556
2278,14198,false,0.057705
2278,20674,false,0.546131
2278,29803,false,0.664137
2279,33981,false,0.749366
2279,42119,false,0.856447
2279,42892,false,0.860726
2279,51385,false,0.81448
2279,52618,false,0.209979
2280,34631,false,0.363807
2280,43844,false,0.402735
2281,23155,false,0.814037
2281,29367,false,0.038133
2281,46589,false,0.583041
2282,12649,false,0.780615
2282,14256,false,0.680726
2283,11283,false,0.296885
2283,33019,false,0.389213
2283,41203,false,0.353121
2283,41914,false,0.509441
2284,22630,false,0.154835
2284,50458,false,0.525596
2284,53912,false,0.499109
2285,44171,false,0.865787
2286,57300,false,0.808567
2286,58379,false,0.594874
2287,10423,false,0.947364
2288,19834,false,0.213764
2288,28104,false,0.546934
2288,48250,false,0.99717
2289,15868,false,0.103288
2289,41218,false,0.032
2289,47662,false,0.270066
2290,16715,false,0.119472
2290,43135,false,0.144703
2291,28338,false,0.367284
2292,22578,false,0.974974
2292,28193,false,0.149701
2292,38926,false,0.067616
2292,50961,false,0.675146
2292,56455,false,0.369646
2293,25104,false,0.819878
2293,26996,false,0.17149
2293,30227,false,0.518028
2293,43297,false,0.696421
2293,50816,false,0.403791
2294,21682,false,0.157602
2294,31434,false,0.533587
2295,16240,false,0.511411
2295,26913,false,0.836815
2295,39663,false,0.353295
2295,42012,false,0.174721
2295,50404,false,0.10729
2296,29183,false,0.267114
2296,30108,false,0.542192
2297,5739,true,0.209278
2297,21835,false,0.840957
2297,31402,false,0.647701
2297,33289,false,0.201264
2297,39877,false,0.059255
2298,22246,false,0.267707
2298,32773,false,0.671459
2299,5783,true,0.596542
2299,44072,false,0.273127
2300,5494,true,1.002484
2300,5881,true,0.421543
2300,51756,false,0.021944
2301,5290,true,0.771835
2301,5661,true,0.992695
2301,5855,true,0.056955
2301,32421,false,0.516099
2301,41826,false,0.934431
2302,5585,true,0.372556
2302,21299,false,0.875622
2303,15908,false,0.550031
2303,37913,false,0.540881
2303,45293,false,0.917109
2304,5449,true,0.208483
2304,34145,false,0.986305
2305,5364,true,0.846882
2305,5374,true,0.523249
2305,15912,false,0.558522
2305,18354,false,0.914193
2305,22446,false,0.320734
2305,42599,false,0.927809
2305,43560,false,0.250757
2305,52933,false,0.831564
2306,5212,true,0.087822
2306,5708,true,0.848605
2306,10694,false,0.470729
2307,41186,false,0.264774
2308,27346,false,0.61284
2308,44085,false,0.034685
2309,31268,false,0.919497
2309,37976,false,0.604589
2311,36997,false,0.950048
2312,19217,false,0.300553
2313,11751,false,0.22017
2313,29853,false,0.145711
2313,35233,false,0.859122
2313,57888,false,0.043066
2314,27751,false,0.945605
2314,41691,false,0.125903
2314,44684,false,0.302881
2314,48778,false,0.712532
2315,16569,false,0.610784
2316,12379,false,0.240872
2316,13606,false,0.471714
2316,53949,false,0.66433
2317,17130,false,0.87412
2317,23758,false,0.745879
2317,48622,false,0.933178
2320,17871,false,0.448241
2320,31865,false,0.282932
2320,47076,false,0.884948
2321,45112,false,0.855373
2321,45257,false,0.083025
2321,54022,false,0.190037
2322,12971,false,0.34348
2323,21778,false,0.717765
2323,36325,false,0.850741
2324,37958,false,0.259081
2325,22859,false,0.502368
2326,20314,false,0.278785
2326,29345,false,0.473545
2326,45045,false,0.672322
2326,53961,false,0.526175
2330,16002,false,0.95251
2330,51357,false,0.646975
2331,35308,false,0.473093
2331,48101,false,0.528038
2333,31435,false,0.161313
2333,58712,false,0.785568
2334,13843,false,0.250725
2334,25334,false,0.236194
2334,29437,false,0.630614
2334,55689,false,0.914595
2335,17932,false,0.095257
2335,26125,false,0.092712
2335,36633,false,0.614024
2335,41972,false,0.58212
2335,52276,false,0.375752
2336,33909,false,0.71028
2336,39463,false,0.273045
2336,54864,false,0.813797
2337,22892,false,0.1136
2339,22594,false,0.157363
2340,26055,false,0.519798
2340,48795,false,0.581226
2341,21531,false,0.142255
2342,33287,false,0.625029
2342,34370,false,0.948232
2342,37883,false,1.007872
2342,42211,false,0.429035
2343,19161,false,0.085762
2343,24958,false,0.870414
2343,35968,false,0.772323
2343,42585,false,0.868612
2343,52312,false,0.423252
2344,13916,false,0.257017
2344,39885,false,0.522227
2345,16579,false,0.443332
2346,17397,false,0.150159
2346,23408,false,0.142416
2346,28724,false,0.688028
2346,30980,false,0.429196
2347,19213,false,0.219652
2347,31968,false,0.421456
2348,7205,true,0.827984
2348,7233,true,0.171253
2348,19199,false,0.630578
2348,59112,false,0.949599
2349,35624,false,0.550379
2349,37089,false,0.297215
2349,42897,false,0.407206
2350,7212,true,0.07409
2350,7651,true,0.119297
2350,7712,true,0.255051
2350,7797,true,0.937769
2350,36438,false,0.437039
2350,49101,false,0.398184
2351,45975,false,1.005242
2352,7049,true,0.346295
2352,19109,false,0.435019
2353,19835,false,0.367982
2353,33414,false,0.644433
2354,7069,true,0.966245
2354,7506,true,0.280289
2354,12711,false,0.995451
2354,25273,false,0.163259
2354,27408,false,0.832811
2354,32313,false,0.149957
2354,53146,false,0.466136
2355,25291,false,0.224713
2355,26696,false,0.23547
2355,30950,false,0.974016
2356,53820,false,0.901507
2357,18004,false,0.339973
2357,21140,false,0.604768
2357,37125,false,0.38029
2358,10671,false,0.995856
2358,20961,false,0.754984
2358,45846,false,0.49104
2360,16953,false,0.762274
2360,21105,false,0.919533
2361,32812,false,0.902003
2362,15613,false,0.109417
2363,38647,false,0.454435
2363,54431,false,0.030376
2363,54912,false,0.902901
2364,23819,false,0.387812
2365,22405,false,0.020273
2365,26881,false,0.563645
2365,40530,false,0.263199
2367,7057,true,0.814526
2367,26736,false,0.701529
2368,7093,true,0.58141
2368,38178,false,0.270613
2368,58843,false,0.957036
2369,23343,false,0.335222
2369,29991,false,0.426763
2370,7913,true,0.189654
2370,28682,false,0.573446
2370,51828,false,0.276763
2371,7294,true,0.308677
2372,12656,false,0.473557
2372,33382,false,0.837222
2372,36254,false,0.442761
2372,48860,false,0.982901
2372,49817,false,0.41259
2373,14230,false,0.213844
2373,18929,false,0.208404
2373,32575,false,0.68239
2373,43242,false,0.762797
2375,7133,true,0.448395
2375,7500,true,0.629649
2375,7825,true,0.522871
2375,30127,false,0.985572
2375,30356,false,0.664609
2375,45675,false,0.945535
2376,14877,false,0.858584
2376,16865,false,0.277627
2376,28538,false,0.074034
2376,35034,false,0.166115
2376,47976,false,0.358493
2377,7698,true,0.454211
2377,46867,false,0.125215
2377,46882,false,0.433104
2378,7184,true,0.658251
2378,10219,false,0.830037
2378,12357,false,0.179357
2378,43340,false,0.588562
2379,13385,false,0.546952
2379,16368,false,0.094297
2379,35506,false,0.614697
2379,41823,false,0.926772
2379,58958,false,0.748543
2380,7270,true,0.342009
2380,18793,false,0.94118
2381,24924,false,0.722656
2381,25527,false,0.795528
2381,34941,false,0.248505
2381,44132,false,0.914795
2382,44705,false,0.923122
2383,7232,true,0.035743
2383,12951,false,0.874859
2383,47018,false,0.749504
2384,11966,false,0.512631
2384,14403,false,1.01087
2384,24279,false,0.499355
2384,32273,false,0.039823
2384,37091,false,0.879864
2384,48154,false,0.49857
2385,7941,true,0.593233
2385,10024,false,0.14803
2385,49565,false,0.345985
2386,42743,false,0.488016
2387,29443,false,0.41907
2387,39822,false,0.81819
2388,57149,false,0.547556
2389,38169,false,0.096341
2389,58034,false,0.619612
2390,26858,false,0.890059
2390,43928,false,0.402722
2390,55061,false,1.00003
2391,7148,true,0.880436
2391,7383,true,0.227607
2391,11085,false,0.73115
2391,16877,false,0.877406
2391,43033,false,0.788429
2391,59294,false,0.723703
2392,7408,true,0.31488
2392,7543,true,0.393012
2392,10766,false,0.068278
2392,22301,false,0.338714
2392,23546,false,0.178727
2392,27723,false,0.030499
2393,7756,true,0.541081
2393,17280,false,0.352242
2393,38327,false,0.474206
2394,7220,true,0.376109
2394,7234,true,0.821295
2394,24258,false,0.992791
2394,25283,false,0.062501
2394,26304,false,0.076134
2394,27198,false,0.35685
2394,39383,false,0.366928
2395,21378,false,0.592187
2395,35970,false,0.251215
2395,51320,false,0.027272
2396,7373,true,0.074503
2396,17601,false,0.788298
2397,31846,false,0.972128
2398,7904,true,0.176178
2398,11508,false,0.66708
2399,57394,false,0.37161
2400,34591,false,0.627415
2400,34654,false,0.073891
2401,7428,true,0.319135
2401,18891,false,0.036244
2401,55571,false,0.295613
2402,38608,false,0.338071
2402,54573,false,0.043297
2403,41906,false,0.637963
2404,31911,false,0.352319
2404,35891,false,0.98658
2404,43463,false,0.626002
2404,45156,false,0.639012
2405,10432,false,0.750016
2405,37654,false,0.734261
2405,55548,false,0.088971
2405,59683,false,0.96
2406,11511,false,0.537826
2406,23845,false,0.773025
2406,30102,false,0.583616
2406,40442,false,0.058323
2406,56945,false,0.423329
2407,7247,true,0.85445
2407,29118,false,0.055574
2407,49803,false,0.730323
2408,47462,false,0.209225
2408,55013,false,0.956494
2408,56740,false,0.448781
2409,7676,true,1.010928
2409,35672,false,0.046619
2410,7024,true,0.630684
2410,7571,true,0.230274
2410,52123,false,0.639613
2411,7478,true,0.961989
2411,45211,false,0.045898
2412,7967,true,0.29673
2412,19254,false,0.67069
2412,35801,false,0.410018
2412,49513,false,0.918716
2412,54043,false,0.026693
2412,57465,false,0.447471
2413,7256,true,0.380721
2413,7280,true,0.203846
2413,20426,false,0.514264
2413,26455,false,0.226161
2413,56439,false,0.605977
2414,11739,false,0.467486
2414,18965,false,0.612636
2414,19605,false,0.781137
2414,20523,false,0.798679
2414,33341,false,0.98352
2414,35606,false,0.747092
2414,56283,false,0.622605
2415,7363,true,0.985966
2415,7798,true,0.708259
2415,41324,false,0.382177
2416,30410,false,0.272675
2416,37504,false,0.216642
2417,11533,false,0.087524
2417,28067,false,0.926689
2417,40175,false,0.968514
2418,41488,false,0.647169
2418,50354,false,0.918536
2419,13754,false,0.265431
2419,15859,false,0.649573
2419,46108,false,0.963828
2419,50947,false,0.460314
2420,10454,false,0.922973
2420,31590,false,0.814016
2421,51472,false,0.829606
2422,34974,false,0.614249
2422,36051,false,0.553598
2422,41375,false,0.091951
2422,45661,false,0.351735
2422,56653,false,0.528645
2423,33990,false,0.591351
2425,24400,false,0.93904
2428,26526,false,0.567456
2429,53881,false,0.108566
2430,17116,false,0.370828
2430,18813,false,0.223905
2430,25647,false,0.629162
2430,30160,false,0.834746
2430,53193,false,0.531748
2431,16099,false,0.169451
2431,50141,false,0.538938
2433,42382,false,0.913776
2434,26402,false,0.203325
2434,51740,false,0.852884
2435,16373,false,0.523976
2435,31535,false,0.64878
2437,12223,false,0.900048
2437,15657,false,0.352109
2437,29668,false,0.333274
2437,44237,false,0.950808
2437,49734,false,0.995388
2437,59130,false,0.135681
2438,52796,false,0.491337
2439,43212,false,0.56396
2439,43700,false,0.522182
2439,46121,false,0.365183
2440,22064,false,0.333242
2440,49417,false,0.081509
2441,15169,false,0.621956
2441,27785,false,0.216
2441,33047,false,0.434976
2441,43697,false,0.370749
2442,14727,false,0.882323
2442,30487,false,0.079432
2443,42428,false,0.832686
2444,21762,false,0.661215
2445,10262,false,0.994184
2445,11824,false,0.145195
2445,30640,false,0.75406
2445,55685,false,0.226374
2446,19550,false,0.506644
2446,23478,false,0.59975
2446,34827,false,0.267054
2447,30961,false,0.398188
2447,52259,false,0.572771
2447,57087,false,0.882119
2448,33156,false,0.548681
2448,37900,false,0.416374
2449,14349,false,0.393769
2449,32987,false,0.41395
2449,38743,false,0.992545
2450,10496,false,1.012157
2451,18105,false,0.958775
2451,31205,false,0.526369
2451,47344,false,0.944655
2451,48947,false,0.355641
2453,14475,false,0.16331
2453,45381,false,0.167855
2453,45991,false,0.939671
2453,48702,false,0.775968
2454,10217,false,0.052429
2454,42626,false,0.51994
2454,45818,false,0.241303
2455,20343,false,0.219779
2455,30297,false,0.829299
2455,39202,false,0.319567
2455,47032,false,0.00243
2455,52846,false,0.154019
2456,31857,false,0.418903
2456,36460,false,0.755338
2456,53977,false,0.012043
2457,37598,false,0.626142
2457,45547,false,0.973274
2458,15738,false,0.867197
2458,59295,false,0.272851
2459,58900,false,0.494765
2460,15310,false,0.598476
2460,43513,false,0.446016
2462,13985,false,0.075339
2462,14040,false,0.007632
2462,25885,false,0.247556
2463,14504,false,0.192549
2463,15780,false,0.618496
2463,30132,false,0.429785
2463,46381,false,0.104705
2463,49844,false,0.057389
2463,57958,false,0.340992
2464,54027,false,0.627307
2465,13325,false,0.810965
2465,19283,false,0.746223
2465,38266,false,0.369863
2465,40388,false,0.92255
2465,43100,false,0.898537
2466,37601,false,0.384711
2467,39994,false,0.054474
2467,54709,false,0.316663
2467,56500,false,0.246532
2468,34279,false,0.80706
2469,17109,false,0.156113
2469,25240,false,0.936638
2470,15524,false,0.114653
2472,13668,false,0.888578
2472,50253,false,0.041848
2472,57200,false,0.644241
2473,16439,false,0.815136
2473,21097,false,0.611779
2473,44184,false,0.692511
2473,47577,false,0.920664
2473,49897,false,0.748782
2474,47110,false,0.567895
2475,29226,false,0.586688
2475,33255,false,0.2347
2476,56905,false,0.401019
2477,18188,false,0.804392
2477,22102,false,0.57785
2479,30767,false,0.659741
2479,31069,false,0.412912
2479,42417,false,0.822849
2479,43983,false,0.961393
2479,57478,false,0.396519
2480,18142,false,0.372691
2481,18405,false,0.275851
2481,34619,false,0.624826
2481,49100,false,0.139721
2482,37147,false,0.824312
2483,10555,false,0.77802
2483,14696,false,0.950519
2483,25284,false,0.837342
2483,49400,false,0.542527
2483,59704,false,0.995479
2484,11637,false,0.156297
2484,15556,false,0.839211
2484,24329,false,0.553216
2484,26378,false,0.268518
2484,46815,false,0.359676
2485,13931,false,0.79069
2485,58673,false,0.222963
2485,59444,false,0.485464
2486,47852,false,0.164208
2486,48897,false,0.799693
2487,18063,false,0.823965
2487,39845,false,0.710662
2487,46392,false,0.852237
2488,35175,false,0.26124
2488,39300,false,0.656404
2489,26614,false,0.418594
2489,32200,false,0.439357
2489,36434,false,0.491611
2489,50890,false,0.518818
2489,54126,false,0.810453
2490,53471,false,0.16275
2491,25968,false,0.137855
2491,28379,false,0.489075
2491,40760,false,0.873965
2492,50147,false,0.952809
2493,31409,false,0.640004
2495,36844,false,0.971598
2496,12399,false,1.016089
2496,18966,false,0.420202
2496,23617,false,0.261477
2496,24643,false,0.397566
2496,33806,false,0.42845
2496,38949,false,0.233232
2496,48343,false,0.603564
2497,54943,false,0.185612
2497,56474,false,0.877098
2498,26010,false,0.944628
2498,33651,false,0.13465
2498,43510,false,0.003656
2498,54358,false,0.695125
2499,13066,false,0.727327
2499,21582,false,0.745703
2499,37258,false,0.363594
2500,41611,false,0.649616
2500,43385,false,0.476281
2500,57391,false,0.769462
2501,21593,false,0.815914
2501,23642,false,0.127067
2501,25575,false,0.110988
2501,30556,false,0.506854
2501,57576,false,0.385569
2503,10838,false,0.143581
2503,13680,false,0.993216
2504,50673,false,0.40024
2505,17512,false,0.819792
2505,46622,false,0.546265
2506,28550,false,0.332336
2506,29725,false,0.436937
2506,54880,false,0.365567
2507,12219,false,0.192492
2507,36161,false,0.891432
2507,53714,false,0.999696
2507,59499,false,0.233833
2508,40434,false,0.41295
2509,11245,false,0.883141
2509,20381,false,0.340791
2509,23791,false,0.270893
2509,38868,false,0.496711
2509,54905,false,0.005446
2509,56921,false,0.729733
2509,57322,false,0.745144
2509,57328,false,0.392101
2510,15088,false,0.983586
2510,15342,false,0.056879
2510,21373,false,0.808874
2510,25395,false,0.396829
2510,35595,false,0.234793
2510,42713,false,0.231619
2511,35033,false,0.130202
2511,46940,false,0.17728
2511,50491,false,0.382376
2512,22156,false,0.630313
2512,30349,false,0.325186
2512,52802,false,0.605755
2513,26917,false,0.508468
2513,30789,false,0.325062
2513,36534,false,0.964324
2513,51811,false,0.73632
2514,18037,false,0.925931
2514,20503,false,0.416418
2514,25601,false,0.651967
2514,35078,false,0.453307
2514,39962,false,0.032497
2514,54934,false,0.05465
2515,10855,false,0.901806
2515,12935,false,0.288098
2515,25038,false,0.865987
2515,32174,false,0.399131
2515,51390,false,0.436266
2516,16172,false,0.733913
2516,30073,false,0.464132
2516,31039,false,0.640096
2516,43424,false,0.692488
2517,23474,false,0.453626
2517,27998,false,0.301346
2518,28466,false,0.91969
2518,37484,false,0.699814
2518,38679,false,0.285083
2519,14826,false,0.624707
2519,51978,false,0.357206
2519,52988,false,0.85916
2520,18059,false,1.014688
2521,20920,false,1.006998
2521,47477,false,0.923412
2522,51258,false,0.257764
2523,21756,false,0.066308
2524,12162,false,0.297965
2524,20492,false,0.701162
2525,28914,false,0.884249
2525,43470,false,0.223277
2526,12136,false,0.696714
2528,29537,false,0.028024
2528,39717,false,0.913376
2529,28137,false,0.143747
2530,7342,true,0.895091
2530,49490,false,0.101688
2530,50658,false,0.839365
2531,11632,false,0.283851
2531,59016,false,0.927896
2532,43262,false,0.884615
2532,48506,false,0.228521
2532,49853,false,0.039944
2533,49083,false,0.319658
2534,16032,false,0.887375
2535,7090,true,0.87266
2535,7206,true,0.495565
2535,7850,true,0.472821
2536,52576,false,0.362899
2537,7052,true,0.064884
2537,13896,false,0.656611
2537,32926,false,0.172889
2538,19527,false,0.330649
2539,7865,true,0.026413
2539,12386,false,0.044192
2539,24738,false,0.540274
2539,31192,false,0.502475
2539,48687,false,0.28808
2539,50021,false,0.634502
2539,57830,false,0.175178
2540,7304,true,0.091398
2540,18744,false,0.094259
2540,36127,false,0.197271
2540,37103,false,0.900394
2541,18130,false,0.472254
2541,35522,false,0.403351
2541,46811,false,0.736028
2542,7025,true,0.848506
2542,12739,false,0.623925
2542,33556,false,0.878428
2542,40508,false,0.449361
2543,11836,false,0.23791
2543,35415,false,0.059279
2543,54516,false,0.975403
2544,7137,true,0.627166
2544,7513,true,0.695787
2544,15475,false,0.652972
2544,50096,false,0.626297
2545,24578,false,0.79651
2545,27557,false,0.849074
2545,42446,false,0.057953
2546,15193,false,0.476283
2546,28465,false,0.113819
2546,31180,false,0.114869
2546,36275,false,0.685295
2546,48541,false,0.428317
2547,46003,false,0.1775
2548,33164,false,0.357786
2548,40186,false,0.277065
2548,51550,false,0.516086
2548,53981,false,0.764741
2548,58560,false,0.333789
2549,26998,false,0.058294
2549,35057,false,0.361942
2549,54528,false,0.239345
2550,17223,false,0.274807
2550,36401,false,0.089713
2551,12072,false,0.598173
2551,12346,false,0.422149
2551,48184,false,0.877887
2551,58546,false,0.821544
2552,25555,false,0.453202
2552,37178,false,0.244388
2552,39473,false,0.226433
2553,12970,false,0.685505
2553,32446,false,0.356229
2553,57527,false,0.604221
2553,59530,false,0.969735
2554,33027,false,0.573171
2554,49822,false,0.12388
2555,20932,false,0.396129
2556,18910,false,0.722333
2556,22378,false,0.922801
2556,55193,false,0.878903
2556,59790,false,0.046364
2557,57235,false,0.395981
2558,36064,false,0.966326
2558,43892,false,0.864763
2558,54883,false,0.616402
2558,59310,false,0.929388
2558,59433,false,0.129778
2559,36955,false,0.819559
2560,25159,false,0.828621
2560,26742,false,0.671788
2560,46368,false,0.540635
2560,52970,false,0.043146
2560,55735,false,0.268529
2561,23487,false,0.556988
2562,24106,false,0.113654
2562,27266,false,0.125496
2562,43728,false,0.859121
2562,46082,false,0.660295
2562,46424,false,0.341691
2563,54836,false,0.850791
2563,58233,false,0.450205
2564,17015,false,0.589231
2564,17765,false,0.915224
2565,38326,false,0.110944
2565,49779,false,0.717945
2565,55713,false,0.323029
2566,28942,false,0.294808
2566,30799,false,1.004903
2566,48084,false,0.623158
2567,21228,false,0.331934
2567,58438,false,0.750067
2568,25629,false,0.197576
2570,19410,false,0.942244
2570,38240,false,0.507413
2570,39573,false,0.779652
2570,50206,false,0.36831
2571,28486,false,0.720509
2571,36907,false,0.521885
2571,46396,false,0.132767
2573,30117,false,0.170796
2573,33924,false,0.488205
2573,36363,false,0.717065
2574,19154,false,0.035903
2574,39035,false,0.627736
2575,40675,false,0.344297
2575,42326,false,0.349966
2575,52595,false,0.926933
2577,45000,false,0.470631
2577,45306,false,0.554733
2577,54054,false,0.088807
2578,26552,false,0.307578
2578,35634,false,0.563746
2579,47769,false,0.073983
2579,50489,false,0.607569
2579,53331,false,0.114474
2580,23871,false,0.302028
2580,36895,false,0.890461
2580,57909,false,0.570237
2581,18240,false,0.489201
2581,24867,false,0.0214
2581,35283,false,0.396404
2582,24484,false,0.473571
2583,39530,false,0.867584
2583,41477,false,0.39374
2583,43819,false,0.984166
2583,53051,false,0.041141
2584,31200,false,0.34239
2584,43126,false,0.755929
2584,49669,false,0.091467
2585,59438,false,0.352196
2586,13302,false,0.989606
2586,50769,false,0.972339
2587,12079,false,0.658377
2587,13210,false,0.424761
2587,37863,false,0.077187
2587,54337,false,0.053674
2587,54965,false,0.425588
2588,11622,false,0.455151
2588,27171,false,1.01558
2589,20587,false,0.729542
2589,47067,false,0.622123
2589,49221,false,0.736564
2589,51384,false,0.815142
2590,46789,false,0.430517
2590,58791,false,0.158169
2591,55314,false,0.412574
2592,7254,true,0.737265
2592,7936,true,0.610863
2593,10540,false,0.658395
2594,7349,true,0.35868
2594,7482,true,0.710271
2594,48334,false,0.920662
2595,7209,true,0.503595
2595,13235,false,0.522195
2595,42731,false,0.055456
2596,7934,true,0.534945
2596,13225,false,0.082506
2596,25479,false,0.681397
2596,29094,false,0.168235
2596,32027,false,0.648667
2596,34368,false,0.618305
2596,38672,false,0.793626
2596,52419,false,0.129257
2597,56548,false,0.052537
2598,7810,true,0.403276
2598,33337,false,0.84582
2599,28887,false,0.587706
2600,38431,false,0.557546
2600,42107,false,0.527177
2600,49018,false,0.759791
2600,55263,false,0.428443
2601,44182,false,0.826016
2601,54281,false,0.049893
2602,57779,false,0.5193
2603,20205,false,0.134253
2603,42951,false,1.01912
2604,33193,false,0.965759
2605,12283,false,0.386286
2605,13483,false,0.037124
2605,42398,false,0.411653
2606,35637,false,0.001339
2606,49958,false,0.307417
2607,30202,false,0.126421
2608,58705,false,0.015732
2609,32596,false,0.05652
2609,57968,false,0.164128
2610,32902,false,0.315452
2611,21970,false,0.975711
2611,37326,false,0.418823
2611,49247,false,0.170751
2613,10387,false,0.043769
2613,36874,false,0.479908
2614,20150,false,0.818631
2614,20350,false,0.021185
2614,35041,false,0.925873
2614,50954,false,0.365465
2614,54749,false,0.111656
2615,18371,false,0.959665
2615,33021,false,0.24432
2615,36977,false,0.971016
2615,53909,false,0.473354
2616,10405,false,0.548248
2616,34929,false,0.154697
2616,53300,false,0.410033
2617,11187,false,0.446951
2617,36240,false,0.438281
2617,58838,false,0.363062
2618,15407,false,0.143081
2618,37495,false,0.046027
2618,58426,false,0.36711
2619,25471,false,0.580811
2619,34586,false,0.229433
2620,11747,false,0.735769
2620,42751,false,0.976248
2620,45927,false,0.666787
2620,55790,false,0.683032
2621,29867,false,0.772242
2621,36622,false,0.218064
2621,43600,false,0.472414
2621,54074,false,0.944069
2621,57617,false,0.496997
2622,26685,false,0.759567
2623,11857,false,0.80197
2623,16787,false,0.253018
2623,35330,false,0.61602
2624,12428,false,0.796321
2624,51782,false,0.214104
2625,58993,false,0.564649
2626,46738,false,0.301913
2627,30449,false,0.890442
2628,33393,false,0.513894
2628,34240,false,0.641074
2628,38449,false,0.729785
2628,41243,false,0.0919
2629,17696,false,0.022287
2629,29214,false,0.207829
2630,23131,false,0.09881
2631,21516,false,0.5307
2631,47384,false,0.342629
2632,17836,false,0.740972
2632,22843,false,0.544036
2632,57560,false,0.644771
2633,22353,false,0.292655
2634,10168,false,0.598847
2634,18511,false,0.117764
2634,36308,false,0.110226
2635,28386,false,0.24567
2635,30380,false,0.382162
2635,37717,false,0.07219
2635,40650,false,0.010849
2636,38077,false,0.717482
2637,15149,false,0.034321
2637,37715,false,0.658214
2637,50955,false,0.583104
2638,7126,true,0.78539
2638,7178,true,0.610051
2638,43971,false,0.224602
2638,44670,false,0.911789
2639,40030,false,0.105151
2639,46839,false,0.380115
2640,7576,true,0.625198
2640,7589,true,0.37975
2640,50184,false,0.680345
2641,7847,true,0.455209
2641,15932,false,0.156662
2641,55475,false,0.104512
2642,7899,true,0.990927
2642,12385,false,0.122141
2642,51582,false,0.518523
2643,7935,true,0.896816
2644,21291,false,0.247356
2645,38615,false,0.35079
2645,45475,false,0.306308
2645,52405,false,0.699581
2646,53351,false,0.762172
2647,38568,false,0.273135
2647,54850,false,0.729983
2648,23988,false,0.290693
2648,34492,false,0.49229
2649,31242,false,0.194211
2649,39023,false,0.719106
2649,51762,false,0.875499
2649,54159,false,0.958745
2649,56788,false,0.507149
2650,11157,false,0.197871
2651,43540,false,0.605429
2652,10714,false,0.905002
2652,40126,false,0.015661
2652,48370,false,0.690189
2653,15555,false,0.347591
2653,27287,false,0.949979
2653,46817,false,0.206412
2654,43394,false,0.420898
2654,53464,false,0.352573
2655,17336,false,0.090371
2657,25366,false,0.142707
2658,16012,false,0.131495
2658,48636,false,0.979767
2658,56762,false,0.518032
2659,21243,false,0.265573
2659,29095,false,0.82022
2659,42303,false,0.84802
2660,15724,false,0.101272
2661,31479,false,0.583152
2661,52850,false,0.938296
2662,13853,false,0.668121
2662,35466,false,0.890873
2662,42695,false,0.36912
2663,31908,false,0.072567
2663,40436,false,0.854691
2663,42966,false,0.953205
2664,49457,false,0.252903
2665,49126,false,0.490132
2666,12641,false,0.247567
2666,49865,false,0.337901
2668,55638,false,0.679012
2669,11172,false,0.30548
2669,46983,false,0.467042
2670,14822,false,0.055054
2670,15792,false,0.076889
2670,31263,false,0.400698
2670,56433,false,0.514116
2671,33453,false,0.901766
2672,37043,false,0.206524
2673,29481,false,0.564023
2673,32870,false,0.441591
2674,28481,false,0.561544
2674,28809,false,0.46586
2674,38404,false,0.091374
2674,59189,false,0.862305
2675,7517,true,0.236898
2675,45844,false,0.211884
2676,7706,true,0.843916
2676,37134,false,0.283333
2677,7417,true,0.928856
2677,7639,true,0.778612
2677,18990,false,0.645396
2677,25571,false,0.89224
2677,39912,false,0.368213
2678,7319,true,0.957266
2678,7758,true,0.865197
2678,12303,false,0.307969
2678,19130,false,0.96636
2678,23628,false,0.187297
2678,30689,false,0.850403
2678,47222,false,0.031464
2679,41730,false,0.2722
2680,7229,true,0.312433
2680,45262,false,0.34163
2680,45631,false,0.618256
2681,10936,false,0.309759
2682,10485,false,0.799951
2682,19247,false,0.895839
2682,33852,false,0.665751
2683,30330,false,0.699885
2684,7078,true,0.071793
2684,7849,true,0.145015
2684,13318,false,0.802558
2684,13557,false,0.448574
2684,17030,false,0.515731
2684,34265,false,0.622874
2684,56510,false,0.273503
2684,57955,false,0.353562
2685,7996,true,0.903461
2685,18707,false,0.271992
2686,28671,false,0.279495
2686,31958,false,0.916735
2687,29452,false,0.314096
2687,50032,false,0.414862
2688,7760,true,0.751901
2688,49600,false,0.802814
2689,7600,true,0.967968
2689,7732,true,0.275304
2689,28494,false,0.291829
2689,45585,false,0.024204
2690,40121,false,0.161241
2691,7515,true,0.977481
2691,48804,false,0.443156
2692,7071,true,0.933229
2692,11149,false,0.034801
2692,23626,false,0.962905
2692,30126,false,0.389746
2692,38137,false,0.78831
2693,14730,false,0.98201
2694,10887,false,0.923294
2694,27667,false,0.650102
2694,45135,false,0.183019
2694,50943,false,0.4029
2694,59379,false,0.902394
2695,7230,true,0.684466
2695,7708,true,0.739144
2695,34213,false,0.516004
2696,7036,true,0.976532
2697,7047,true,0.213391
2697,7105,true,0.025676
2697,23826,false,0.869397
2697,24817,false,0.901923
2698,15212,false,0.113733
2699,13236,false,0.03831
2699,14829,false,0.720089
2700,10916,false,0.566511
2700,59090,false,0.738717
2701,7878,true,0.629779
2701,18921,false,0.393726
2701,36799,false,0.132879
2701,57241,false,0.078373
2702,7755,true,0.040076
2702,57749,false,0.537211
2703,7477,true,0.619531
2703,15517,false,0.184849
2703,39933,false,0.515131
2704,7520,true,0.053289
2704,7564,true,0.80601
2704,39918,false,0.806156
2705,11388,false,0.349687
2705,47836,false,0.200546
2706,22884,false,0.721293
2706,32890,false,0.475563
2706,53264,false,0.78436
2706,57579,false,0.19499
2707,16672,false,0.425582
2707,32631,false,0.296732
2709,46667,false,0.160534
2709,49720,false,0.151781
2709,57671,false,0.292629
2709,58220,false,0.560507
2710,13337,false,0.032047
2710,58390,false,0.43867
2711,12979,false,0.704798
2711,31677,false,0.469258
2711,32370,false,0.002708
2712,40571,false,0.43277
2713,26000,false,0.355805
2713,38792,false,0.208387
2713,45538,false,0.200842
2713,54602,false,0.314636
2715,53509,false,0.328444
2715,54005,false,0.926401
2716,47254,false,0.912088
2717,41723,false,0.706595
2717,57143,false,0.018306
2717,59562,false,0.455701
2718,11607,false,0.988885
2718,32187,false,0.772912
2718,58671,false,0.976909
2718,59908,false,0.70921
2719,52171,false,0.243388
2720,23468,false,0.111893
2720,26657,false,0.56696
2721,10988,false,0.767173
2721,46501,false,0.455964
2721,48967,false,0.4832
2721,55403,false,0.402483
2722,26925,false,0.801323
2722,39817,false,0.309108
2723,15300,false,0.831941
2723,19114,false,0.126898
2723,39286,false,0.140248
2724,7060,true,0.031619
2724,38285,false,0.694752
2724,51002,false,0.095264
2725,28469,false,0.554385
2725,45516,false,0.532072
2726,17988,false,0.887236
2726,53520,false,0.825056
2726,54137,false,0.714652
2726,55686,false,0.674653
2727,14082,false,0.887719
2727,15500,false,0.197007
2727,44174,false,0.380951
2727,51882,false,0.255016
2728,7663,true,0.562531
2728,22237,false,0.928593
2729,7954,true,1.012159
2729,42495,false,0.041724
2729,53627,false,0.979179
2730,16236,false,0.823206
2730,38598,false,0.9426
2730,45168,false,0.037587
2730,45312,false,0.860025
2730,52583,false,0.599898
2732,17274,false,0.861461
2732,29790,false,0.073088
2732,53652,false,0.140022
2732,56513,false,0.607348
2734,17172,false,0.665218
2735,16336,false,0.071514
2735,16934,false,0.162502
2735,20713,false,0.434126
2735,27703,false,0.940595
2735,46877,false,0.800836
2736,11046,false,0.623648
2736,19223,false,0.034632
2736,50657,false,0.357031
2736,56321,false,0.785611
2737,24010,false,0.069694
2737,35528,false,0.712076
2737,50841,false,0.658238
2738,18725,false,0.892764
2739,44751,false,0.298923
2740,23204,false,0.38894
2740,33440,false,0.485672
2740,34622,false,0.901559
2741,14345,false,0.40874
2741,14650,false,0.10892
2743,22567,false,0.27474
2744,18640,false,0.934451
2744,57543,false,0.833339
2745,26595,false,0.871473
2746,19460,false,3.99E-4
2746,26203,false,0.302292
2746,34730,false,0.089218
2747,31930,false,1.005072
2748,27148,false,1.028119
2748,29982,false,0.846357
2748,52468,false,0.240222
2748,57436,false,0.415102
2749,7382,true,0.290657
2749,7431,true,0.316339
2749,30266,false,0.960975
2749,53582,false,0.722453
2750,7338,true,0.903197
2750,14789,false,0.664155
2751,12746,false,0.042612
2751,54947,false,0.003059
2752,7087,true,0.468506
2752,7883,true,1.024591
2752,26641,false,0.61827
2752,43177,false,0.998707
2753,16518,false,0.550436
2753,16735,false,0.840228
2754,14097,false,0.472456
2754,30409,false,0.839676
2754,44892,false,0.970081
2754,45916,false,0.094644
2755,7227,true,0.810709
2756,7158,true,0.921446
2756,7171,true,0.305126
2756,13526,false,0.83949
2756,24871,false,0.345802
2756,53668,false,0.826946
2757,13193,false,0.629197
2757,16701,false,0.912953
2757,26181,false,0.418298
2757,50040,false,0.418295
2758,25356,false,0.249738
2758,34669,false,0.737505
2758,35363,false,0.579823
2758,43916,false,0.463007
2758,51952,false,0.210161
2759,7590,true,0.193013
2759,7823,true,0.222252
2760,7900,true,0.424536
2760,7945,true,0.633009
2760,7960,true,0.853064
2760,25318,false,1.004886
2760,28402,false,0.536121
2760,51332,false,0.417232
2761,7784,true,0.828964
2762,7033,true,0.123951
2762,7454,true,0.688322
2762,51255,false,0.586354
2763,15467,false,0.905145
2763,15895,false,0.689454
2763,24935,false,0.164709
2764,13732,false,0.380962
2764,23742,false,0.932173
2764,44011,false,0.656151
2765,7028,true,0.906441
2765,7863,true,0.58016
2765,14698,false,0.556377
2765,31845,false,0.157409
2765,40903,false,0.29972
2766,18193,false,0.885885
2766,22604,false,0.796733
2767,7892,true,0.769589
2767,46313,false,0.329717
2767,52052,false,0.231303
2768,7054,true,0.541604
2768,7970,true,0.307286
2768,25889,false,0.571808
2768,45594,false,0.660533
2769,7852,true,0.49919
2769,32624,false,0.184728
2769,40569,false,0.092841
2770,7514,true,0.889728
2770,27770,false,0.988012
2770,28537,false,0.404947
2771,7055,true,0.781434
2771,25691,false,0.537059
2771,30902,false,0.298608
2771,37741,false,0.275652
2772,7065,true,0.998377
2772,11806,false,0.698368
2772,15597,false,0.747204
2772,20804,false,0.138403
2772,23823,false,0.589663
2773,7064,true,0.960837
2773,11760,false,0.568832
2774,26821,false,0.459121
2774,29402,false,0.802428
2774,40426,false,0.818653
2775,7569,true,0.736688
2775,37349,false,0.766494
2776,39149,false,0.53298
2776,47269,false,0.342935
2777,21865,false,0.709095
2777,30345,false,0.60932
2777,33840,false,0.017721
2777,49127,false,0.386354
2779,7554,true,0.699979
2779,17824,false,0.329498
2779,40959,false,0.209751
2779,42716,false,0.443688
2780,7814,true,0.912226
2780,55339,false,0.567511
2781,7016,true,0.765059
2781,7555,true,0.174372
2781,20195,false,0.582581
2781,42849,false,0.390434
2781,48207,false,0.107209
2781,51942,false,0.216159
2781,59292,false,0.852208
2782,7550,true,1.007381
2782,7909,true,0.031275
2782,37965,false,0.384157
2783,11295,false,0.976065
2783,32579,false,0.761895
2784,7221,true,0.151051
2784,7446,true,0.871336
2784,7586,true,0.66666
2785,30312,false,0.331126
2785,40136,false,0.612146
2785,59225,false,0.595832
2786,13010,false,0.90606
2786,34637,false,0.367426
2786,59686,false,0.211269
2787,7483,true,0.781689
2787,7930,true,0.968422
2787,44866,false,0.038102
2788,7450,true,0.649242
2788,7803,true,0.028258
2788,14251,false,0.941289
2788,19673,false,0.718429
2788,34811,false,0.28537
2788,34919,false,0.912118
2788,59232,false,0.598364
2788,59445,false,0.264509
2789,20714,false,0.862505
2789,32714,false,0.862196
2789,40521,false,0.883095
2789,46857,false,0.852797
2790,7244,true,0.287008
2790,16614,false,0.365041
2790,17632,false,0.228828
2790,23038,false,0.819589
2790,33879,false,0.607771
2790,38737,false,0.575041
2790,45177,false,0.35978
2791,7043,true,0.497825
2791,7804,true,0.534809
2791,7855,true,0.912915
2791,18535,false,0.77026
2791,29374,false,0.572916
2791,41766,false,0.352697
2792,7984,true,0.690639
2792,23037,false,0.144273
2792,23609,false,7.3E-5
2792,32474,false,0.178679
2792,41419,false,0.852613
2792,45161,false,0.84113
2792,59724,false,0.510462
2793,7959,true,0.789487
2793,26423,false,0.142375
2793,27965,false,0.102544
2794,31297,false,0.36892
2794,48932,false,0.314388
2795,7621,true,0.257497
2795,51636,false,0.512132
2796,7495,true,0.895909
2796,7596,true,0.358426
2796,7859,true,1.45E-4
2796,46041,false,0.168732
2797,7165,true,0.727376
2797,14051,false,0.262706
2797,34170,false,0.547569
2797,43807,false,0.131202
2797,44470,false,0.69352
2797,44819,false,0.622005
2798,7062,true,0.166135
2798,13201,false,0.325368
2798,45176,false,0.385121
2800,7192,true,0.200631
2801,18286,false,0.842983
2801,30891,false,0.083267
2801,39305,false,0.124382
2803,7399,true,0.981637
2803,7946,true,0.254775
2803,26695,false,0.756635
2804,52669,false,0.941398
2805,7281,true,0.242246
2805,7681,true,0.692319
2805,7906,true,0.492102
2805,41893,false,0.532789
2805,51519,false,0.880526
2805,51696,false,0.103193
2806,28070,false,0.414663
2806,31056,false,0.231202
2806,40722,false,0.780442
2806,49819,false,0.444476
2807,7050,true,0.78458
2807,7253,true,0.870359
2807,37903,false,0.54894
2807,42869,false,0.545029
2807,57739,false,0.122059
2808,26392,false,0.101033
2808,34067,false,0.587714
2808,36156,false,0.331031
2808,36342,false,0.544958
2808,47214,false,0.791759
2809,7591,true,0.561911
2809,7604,true,0.048859
2809,28827,false,0.342606
2809,29825,false,0.893365
2809,41909,false,0.191096
2810,7392,true,0.915397
2810,38734,false,0.61845
2811,16036,false,0.450678
2811,41422,false,0.195502
2811,50862,false,1.001206
2812,57488,false,0.022722
2813,10502,false,0.938504
2813,26269,false,0.138415
2813,41155,false,0.656698
2814,7365,true,0.769606
2814,33261,false,0.482938
2814,43465,false,0.04618
2814,48145,false,0.879192
2815,7271,true,0.467087
2815,27187,false,0.233506
2815,31867,false,0.29125
2815,46118,false,0.148963
2815,58647,false,0.194971
2816,7640,true,0.466581
2816,20060,false,0.626799
2816,20827,false,0.540558
2817,41258,false,0.079591
2817,53514,false,0.61654
2818,7535,true,0.641615
2820,14871,false,0.810096
2820,27123,false,0.470502
2820,28822,false,0.217601
2821,20913,false,0.265506
2822,10486,false,0.889639
2823,27725,false,0.398335
2823,55083,false,0.727901
2824,29096,false,0.939333
2824,53775,false,0.918358
2825,11773,false,0.587242
2825,31749,false,0.869208
2825,56839,false,0.935924
2826,53175,false,0.181915
2826,54967,false,0.125638
2827,19744,false,0.754753
2827,47893,false,0.994762
2827,48838,false,0.25304
2828,36168,false,0.185904
2829,57009,false,0.662286
2830,33725,false,0.368073
2830,50524,false,0.236746
2831,30672,false,0.461746
2831,57278,false,0.998887
2832,19530,false,0.179373
2832,40085,false,0.383691
2833,35821,false,0.385003
2833,58386,false,1.004476
2834,19147,false,0.526579
2834,39963,false,0.591861
2835,28995,false,0.773035
2836,13214,false,0.824498
2836,28539,false,0.314991
2836,51996,false,0.825422
2838,53315,false,0.388252
2839,17933,false,0.561199
2839,33020,false,0.70031
2840,11820,false,0.070018
2840,21345,false,0.853685
2840,25352,false,0.651228
2840,50425,false,0.412192
2841,30791,false,0.140171
2841,48369,false,0.297413
2841,57385,false,0.047968
2842,23177,false,0.881789
2842,45286,false,0.153776
2842,50849,false,0.934582
2842,51606,false,0.331903
2843,10629,false,0.024413
2843,40043,false,0.87954
2843,40469,false,0.463071
2843,41765,false,0.768463
2843,43850,false,0.440213
2843,54676,false,0.594824
2844,23818,false,0.727992
2844,26884,false,0.833625
2844,44904,false,0.376548
2845,7289,true,0.037867
2845,21233,false,0.041064
2845,28902,false,0.237846
2846,7039,true,0.178005
2846,7218,true,0.508915
2846,21505,false,0.523059
2846,41210,false,0.670835
2846,52036,false,0.486827
2846,55814,false,0.077958
2847,21695,false,0.360039
2847,25289,false,0.053625
2847,50502,false,0.960306
2847,53718,false,0.672991
2849,54745,false,0.817544
2850,27640,false,0.996858
2850,43257,false,0.59079
2851,19763,false,0.858104
2852,15926,false,0.748204
2852,44458,false,0.840385
2852,55180,false,0.575121
2854,35368,false,0.789587
2855,23853,false,0.608933
2855,37898,false,0.068735
2855,50037,false,0.922602
2855,58199,false,0.01818
2857,49658,false,0.590183
2858,45770,false,0.550746
2859,42216,false,0.942216
2860,16785,false,0.7674
2860,20812,false,0.704306
2860,55299,false,0.016133
2861,12046,false,0.500699
2861,58338,false,0.236653
2863,51315,false,1.006496
2864,21568,false,0.982159
2864,40172,false,0.767277
2864,59372,false,0.159284
2865,23634,false,0.363355
2865,30339,false,0.655238
2866,49738,false,0.63559
2867,32956,false,0.452937
2867,38993,false,0.096793
2867,55159,false,0.94949
2868,20952,false,0.289036
2868,41666,false,0.313526
2868,54787,false,0.944117
2868,56579,false,0.785332
2869,11771,false,0.261515
2870,38979,false,0.311316
2872,25717,false,0.18861
2872,28616,false,0.125263
2873,52918,false,0.249455
2874,55773,false,0.643907
2875,58345,false,0.964314
2876,25404,false,0.688773
2876,31636,false,0.672039
2877,15307,false,0.206681
2877,36560,false,0.35921
2878,15913,false,0.539659
2878,37530,false,0.670045
2879,23724,false,0.189587
2879,52698,false,0.846207
2880,16884,false,0.389516
2880,59924,false,0.784853
2881,25067,false,0.654174
2881,56996,false,0.90336
2882,40093,false,0.350645
2882,42217,false,0.818935
2883,34656,false,0.610439
2884,45882,false,0.289278
2885,37720,false,0.571889
2885,39661,false,0.45989
2885,48777,false,1.003234
2886,15599,false,0.558775
2886,48111,false,0.435923
2886,54931,false,0.139343
2887,27792,false,0.481229
2887,33912,false,0.418402
2887,37228,false,0.594113
2887,44518,false,0.428442
2887,58672,false,0.836149
2888,35389,false,0.257816
2888,37991,false,0.272242
2889,40118,false,0.82135
2889,44094,false,0.02566
2890,11095,false,0.800917
2890,46446,false,0.139125
2890,47287,false,0.624807
2891,36663,false,0.273904
2891,42789,false,0.869251
2892,29611,false,0.760516
2893,15938,false,0.806796
2893,22642,false,0.981969
2893,31611,false,0.943708
2893,35234,false,0.85614
2895,16357,false,0.531352
2895,34415,false,0.762063
2895,37226,false,0.315161
2895,49796,false,0.552945
2896,37864,false,0.77785
2897,32786,false,0.889063
2897,37996,false,0.046568
2898,20218,false,0.941097
2899,26563,false,0.506083
2899,41512,false,0.29461
2900,12876,false,0.33609
2901,10903,false,0.246197
2902,32682,false,0.02444
2903,30035,false,0.416248
2903,43088,false,0.613742
2905,53158,false,0.256745
2906,11822,false,0.149109
2906,18252,false,0.896368
2906,38804,false,0.031555
2906,49739,false,1.010518
2907,12174,false,0.341144
2907,34470,false,0.721938
2907,48837,false,0.538344
2907,54394,false,0.825752
2908,12784,false,0.314386
2908,41192,false,0.574604
2908,59145,false,0.736284
2908,59536,false,0.642693
2909,37281,false,0.986038
2910,11395,false,0.53543
2910,25137,false,0.444536
2910,45798,false,0.126326
2910,57828,false,0.637041
2912,34207,false,0.16
2912,38441,false,0.807491
2912,57513,false,0.657354
2913,11382,false,0.963198
2914,17117,false,0.209238
2914,40128,false,0.200575
2916,18495,false,0.338423
2916,19721,false,0.592058
2916,28533,false,0.443161
2916,50485,false,0.709226
2918,24401,false,0.177534
2918,51680,false,0.975573
2919,24828,false,0.050074
2919,28003,false,0.905746
2919,32191,false,0.655375
2920,35137,false,0.562977
2920,48029,false,0.719085
2920,50701,false,0.327907
2922,20640,false,0.845508
2922,30358,false,0.101464
2922,50414,false,0.427832
2922,53019,false,0.894518
2923,41010,false,0.125502
2923,43353,false,0.940866
2923,58888,false,0.602467
2924,17443,false,0.483263
2924,24752,false,0.678463
2925,53217,false,0.09428
2926,19005,false,0.321715
2926,19089,false,0.13162
2926,27656,false,0.668084
2926,33681,false,0.899199
2926,37556,false,0.281703
2926,41997,false,0.433221
2928,10054,false,0.031988
2928,16345,false,0.024028
2928,32734,false,0.480799
2928,45508,false,0.475659
2929,11598,false,0.891859
2929,14154,false,0.157187
2929,20100,false,0.264697
2929,25443,false,0.158948
2929,44302,false,0.806088
2930,19592,false,0.458858
2930,24941,false,0.18271
2930,50774,false,0.942
2932,29716,false,0.16296
2932,40134,false,0.447941
2932,51687,false,0.212337
2934,14120,false,0.253497
2934,25279,false,0.924055
2935,25878,false,0.914817
2936,38971,false,0.378993
2937,21179,false,0.931397
2937,21590,false,0.28755
2937,32628,false,0.346719
2938,20007,false,0.424778
2938,36143,false,0.577383
2938,36739,false,0.983165
2938,53535,false,0.431182
2939,34958,false,0.979781
2939,59248,false,0.145653
2941,12519,false,0.665177
2941,53554,false,0.032885
2942,22122,false,0.842287
2942,26081,false,0.651068
2942,48412,false,0.937057
2942,57498,false,0.540299
2943,10402,false,0.13423
2943,15116,false,0.856467
2943,49452,false,0.047853
2944,54488,false,0.004242
2945,25044,false,0.137802
2947,11341,false,0.278312
2947,40310,false,0.722376
2947,44677,false,0.283583
2948,16037,false,0.213121
2948,21834,false,0.927073
2948,35563,false,0.348904
2948,44495,false,0.010557
2949,19008,false,0.227311
2949,33876,false,0.514203
2949,45728,false,0.868734
2950,28496,false,0.395211
2950,32219,false,0.418563
2950,36589,false,0.912882
2951,15718,false,0.101856
2951,23989,false,0.986217
2952,18017,false,0.895065
2952,18487,false,0.932003
2952,42706,false,0.112918
2952,45583,false,0.009403
2952,48970,false,0.206838
2952,53076,false,0.27748
2953,30861,false,0.594785
2953,36176,false,0.952433
2953,55107,false,0.007173
2954,10856,false,0.041926
2954,16481,false,0.772413
2954,18355,false,0.606213
2954,33960,false,0.043403
2954,55971,false,0.824111
2954,57059,false,0.260137
2955,51030,false,0.103364
2956,35783,false,0.879243
2956,48960,false,0.866474
2956,51115,false,0.232018
2957,15192,false,0.114379
2957,16023,false,0.179727
2957,30601,false,0.757865
2957,41371,false,0.751509
2957,41746,false,0.020351
2958,12521,false,0.9571
2958,48663,false,0.403333
2958,55149,false,0.45028
2959,22492,false,0.879576
2959,35963,false,0.264653
2960,37998,false,0.850105
2961,19102,false,0.516737
2961,54277,false,0.865718
2962,17502,false,0.335738
2962,23006,false,0.353872
2962,44890,false,0.606678
2962,56830,false,0.236901
2962,57421,false,0.541468
2962,59878,false,0.323088
2963,30001,false,0.468148
2963,48611,false,0.623663
2964,10568,false,0.898354
2965,38416,false,1.008428
2966,14913,false,0.140986
2966,40065,false,0.377687
2966,52990,false,0.825803
2967,11195,false,0.762478
2967,19365,false,0.311375
2967,49798,false,0.420237
2967,55756,false,0.13852
2968,28575,false,0.672179
2968,29098,false,0.678078
2968,49329,false,0.729375
2969,17196,false,0.810088
2969,28595,false,0.174212
2969,53547,false,0.968599
2970,17989,false,0.544747
2970,20034,false,0.840034
2970,35095,false,0.169261
2970,54014,false,0.709564
2972,10042,false,0.08855
2972,23452,false,0.679855
2972,23786,false,0.913153
2972,26631,false,0.676069
2972,33270,false,0.102826
2973,14118,false,0.158744
2973,30020,false,0.337046
2973,48917,false,0.530625
2975,26252,false,0.665812
2976,15269,false,0.975438
2976,31497,false,0.936464
2976,43308,false,0.435211
2977,23260,false,0.572455
2978,13848,false,0.426732
2978,47217,false,0.45741
2979,22742,false,0.047718
2979,42064,false,0.902152
2979,57927,false,0.544763
2980,27778,false,0.856488
2980,34568,false,0.286196
2980,58043,false,0.463194
2980,58406,false,0.353909
2981,18185,false,0.040776
2981,42915,false,0.851405
2981,44773,false,0.470081
2982,11491,false,0.068805
2982,27531,false,0.732757
2982,28048,false,0.091534
2982,30063,false,0.521839
2982,30936,false,0.9237
2982,47502,false,0.971691
2983,22727,false,0.275006
2983,25271,false,0.370919
2983,38996,false,0.775221
2984,12081,false,0.099649
2985,12708,false,0.961486
2985,25280,false,0.6881
2987,22017,false,0.507314
2988,24937,false,0.316361
2988,31765,false,0.209728
2988,35327,false,0.003649
2991,27622,false,0.313149
2991,47779,false,8.04E-4
2991,59996,false,0.739416
2992,13036,false,0.790489
2992,16144,false,0.354066
2992,49624,false,0.377528
2993,18967,false,0.52614
2993,30702,false,0.604173
2993,31373,false,0.671505
2993,40877,false,0.72328
2993,46130,false,0.317268
2994,12193,false,0.736837
2994,15763,false,0.64567
2994,21947,false,0.809554
2994,32894,false,0.848852
2994,44376,false,0.997901
2995,57797,false,0.581442
2996,15259,false,1.00283
2996,52479,false,0.947783
2997,44537,false,0.673672
2997,53472,false,0.261024
2997,54261,false,0.825189
2998,22745,false,0.725664
2998,37790,false,0.632616
2999,46437,false,0.35929
2999,49029,false,0.326778
3000,7325,true,0.199381
3000,7391,true,0.997725
3000,15813,false,0.384272
3000,37793,false,0.095797
3001,7246,true,0.273961
3001,22297,false,0.960531
3002,7359,true,0.376621
3002,49785,false,0.606982
3003,7470,true,0.10228
3003,7648,true,0.785519
3003,16798,false,0.450741
3003,58461,false,0.229413
3004,7336,true,0.145304
3004,16169,false,0.066281
3004,22857,false,0.166216
3004,57228,false,0.485341
3005,7086,true,0.713164
3005,7128,true,0.696504
3005,55202,false,0.178327
3006,7792,true,0.238029
3006,38785,false,0.04307
3006,57545,false,0.201125
3007,7997,true,0.261376
3007,36577,false,0.507915
3008,7567,true,0.368385
3008,26835,false,0.661768
3008,47485,false,0.30575
3009,18451,false,0.231412
3009,37517,false,0.38642
3009,54789,false,0.088342
3010,16705,false,0.797361
3010,24430,false,0.538615
3010,58501,false,0.979873
3011,36514,false,0.903212
3011,51247,false,0.253887
3011,57307,false,0.208476
3012,30115,false,0.466471
3012,48270,false,0.985325
3012,55770,false,0.934813
3013,13505,false,0.043332
3013,33862,false,0.97072
3014,10036,false,0.639804
3014,20854,false,0.136366
3014,27115,false,0.459281
3014,46111,false,0.481661
3015,31412,false,0.229729
3015,33158,false,0.13908
3016,45862,false,0.491618
3016,54154,false,0.131262
3017,11004,false,0.494565
3018,15445,false,0.733548
3018,48507,false,0.443354
3019,30949,false,0.882584
3019,32964,false,0.362572
3020,12327,false,0.766764
3020,20905,false,0.733731
3020,27609,false,0.848095
3020,51414,false,0.518657
3021,48564,false,0.684613
3022,39715,false,0.136853
3023,28650,false,0.987878
3024,17072,false,0.184606
3025,7208,true,0.283993
3025,29532,false,0.767234
3025,59955,false,0.408818
3026,7038,true,0.247838
3026,14531,false,0.156385
3026,43041,false,0.614449
3027,51898,false,0.752949
3029,7066,true,0.807863
3029,7796,true,0.370204
3029,42036,false,0.11512
3030,22863,false,0.05543
3030,24883,false,0.270231
3031,7021,true,0.097025
3031,54115,false,0.077296
3032,7764,true,0.946739
3032,15120,false,0.533034
3032,20301,false,0.708716
3032,32318,false,0.582909
3033,37244,false,0.023085
3034,7489,true,0.119959
3035,35557,false,0.059145
3035,37380,false,0.672855
3036,7701,true,0.109395
3037,7539,true,0.913815
3038,15679,false,0.904549
3038,17084,false,0.588042
3038,18234,false,0.297549
3038,47473,false,0.252972
3038,55537,false,0.318915
3038,57718,false,0.729819
3039,34579,false,0.01363
3039,39692,false,0.570539
3039,42010,false,0.655709
3039,51331,false,0.539601
3040,7076,true,0.63498
3040,7203,true,0.321576
3040,23799,false,0.04567
3040,38405,false,0.219531
3041,10101,false,0.228966
3041,49937,false,0.811632
3042,33302,false,0.613324
3043,7276,true,0.468945
3043,11755,false,0.113831
3043,19123,false,0.831147
3044,7332,true,0.878408
3045,16271,false,0.302187
3045,28832,false,0.893725
3046,24723,false,0.248039
3046,34011,false,0.811294
3046,45335,false,0.298274
3046,48750,false,0.677537
3046,58944,false,0.080742
3047,40076,false,0.184522
3047,51144,false,0.311748
3048,7155,true,0.785891
3048,7263,true,0.175395
3048,27350,false,0.081032
3049,10599,false,0.671685
3049,13857,false,0.639412
3049,25472,false,0.845701
3050,7331,true,0.378682
3050,51482,false,0.833147
3051,7362,true,0.24835
3051,7658,true,0.917336
3051,7687,true,0.597846
3051,21489,false,0.566287
3051,24192,false,0.061621
3051,30698,false,0.558018
3052,19239,false,0.692383
3052,24070,false,0.393072
3052,28762,false,0.59439
3052,33685,false,0.426468
3052,43202,false,0.931579
3053,7499,true,0.352699
3053,31122,false,0.895667
3053,46159,false,0.833584
3054,16276,false,0.392192
3054,51057,false,0.543375
3055,7582,true,0.332435
3055,27154,false,0.379167
3055,27774,false,0.155381
3055,30971,false,1.028764
3055,33773,false,0.010296
3055,35943,false,1.013075
3055,58861,false,0.824418
3055,59390,false,0.299899
3056,7890,true,0.190288
3056,7932,true,0.612253
3056,7974,true,0.962932
3056,56979,false,0.086722
3057,7353,true,0.236783
3057,38961,false,0.202382
3057,43139,false,0.846488
3058,7889,true,0.686814
3058,10043,false,0.910264
3058,10268,false,0.541132
3058,25888,false,0.905602
3058,29971,false,0.7625
3058,40094,false,0.523579
3059,7217,true,0.30366
3059,16083,false,0.885139
3059,33902,false,0.034815
3059,41060,false,0.636076
3059,49612,false,0.702466
3060,7622,true,0.700713
3060,28894,false,0.103245
3060,33317,false,0.324239
3060,52234,false,0.478108
3061,7096,true,0.866327
3061,7400,true,1.012557
3061,53640,false,0.227044
3062,7344,true,0.771003
3062,26134,false,1.001677
3062,26391,false,0.063963
3062,39790,false,0.464046
3063,7026,true,0.781873
3063,12825,false,0.084144
3063,42817,false,0.817592
3063,51796,false,0.713194
3063,53091,false,0.208023
3064,7765,true,0.057076
3064,45487,false,0.041033
3064,58792,false,0.011934
3064,59836,false,0.969385
3065,38354,false,0.528355
3066,7613,true,0.026631
3066,20832,false,0.130598
3066,55257,false,0.548438
3067,10962,false,0.397776
3067,12421,false,0.420413
3067,17756,false,0.815717
3067,42784,false,0.429098
3068,7556,true,0.828077
3068,18197,false,0.922613
3068,29907,false,0.824911
3068,32155,false,0.597316
3068,32457,false,0.342723
3069,7302,true,0.253989
3069,35240,false,0.318473
3070,46750,false,0.370716
3071,7783,true,0.482362
3071,18611,false,0.386995
3071,54131,false,0.085745
3072,25556,false,0.602301
3072,32283,false,0.830223
3073,7223,true,0.479651
3073,7824,true,0.111335
3073,7868,true,0.198047
3073,7928,true,0.098991
3073,13358,false,0.787701
3073,14160,false,0.947218
3073,25859,false,0.102681
3073,53053,false,0.370171
3074,7577,true,0.6612
3074,27246,false,0.17124
3074,33742,false,0.786768
3074,44656,false,0.077834
3074,55031,false,0.848593
3075,28871,false,0.533309
3075,54064,false,0.438672
3076,7950,true,0.982695
3076,44186,false,0.549271
3076,53128,false,0.47366
3077,7125,true,0.664972
3077,7207,true,0.583946
3077,19429,false,0.60447
3077,54935,false,0.4024
3078,7015,true,0.222872
3078,11076,false,0.834669
3078,12120,false,0.161389
3079,7357,true,0.758337
3079,20251,false,0.672574
3079,24117,false,0.134718
3079,29464,false,0.304551
3080,7145,true,0.720841
3080,7856,true,0.864742
3080,7983,true,0.26083
3080,35998,false,0.256756
3080,52249,false,0.927117
3080,56944,false,0.495894
3080,58763,false,0.415874
3081,7326,true,1.003079
3081,48608,false,0.363224
3081,50776,false,0.878471
3081,55648,false,0.884472
3081,59851,false,0.74957
3082,7080,true,0.875298
3082,7464,true,0.721365
3082,14246,false,0.30911
3082,14289,false,0.750406
3082,32950,false,1.030398
3082,52439,false,1.021024
3083,13333,false,0.492312
3083,42155,false,0.092121
3083,59576,false,0.80607
3084,7063,true,0.889439
3084,11609,false,0.990388
3084,18682,false,0.042211
3084,29713,false,0.996243
3085,29976,false,0.095202
3085,41239,false,0.515096
3085,59987,false,0.473259
3086,48075,false,0.661941
3087,59785,false,0.619462
3088,13188,false,0.380356
3088,32049,false,0.404424
3088,34737,false,0.64911
3088,53041,false,0.113849
3089,31120,false,0.915467
3089,37174,false,0.546821
3089,43805,false,0.202913
3089,52943,false,0.352782
3090,27087,false,0.669308
3090,40068,false,0.709386
3091,7948,true,0.890794
3091,19014,false,0.973314
3091,58559,false,0.084467
3092,7688,true,0.898915
3092,16692,false,0.815792
3092,27425,false,0.089939
3092,36203,false,0.952681
3093,7528,true,0.347258
3093,7642,true,0.352361
3093,10517,false,0.030341
3093,52683,false,0.938933
3094,7437,true,0.582937
3094,16254,false,0.215936
3094,24619,false,0.336552
3094,27610,false,0.413798
3094,55947,false,0.062861
3095,7314,true,0.657582
3095,7403,true,0.507749
3095,7790,true,0.952495
3095,10939,false,0.726148
3095,17908,false,0.595401
3096,7547,true,0.391848
3096,24725,false,0.685842
3096,40392,false,0.01424
3097,7716,true,0.478413
3097,24145,false,0.20775
3098,7933,true,0.372728
3098,23044,false,0.404994
3099,12960,false,0.82653
3099,47818,false,0.840928
3099,55049,false,0.932226
3099,59722,false,0.321346
3100,44083,false,0.214664
3100,45356,false,0.226331
3100,45453,false,0.038583
3100,48691,false,0.715366
3101,13034,false,0.794782
3102,41381,false,0.73658
3103,30103,false,0.001766
3103,55143,false,0.873261
3104,25211,false,0.365002
3105,12508,false,0.125467
3106,10503,false,0.40639
3106,19862,false,0.214506
3106,41242,false,0.020481
3107,34232,false,0.277019
3107,35210,false,0.064749
3108,14802,false,0.591744
3108,43633,false,0.750875
3109,37018,false,0.75717
3110,16015,false,0.929677
3110,26636,false,0.775795
3111,55483,false,0.978284
3112,16285,false,0.886816
3112,22155,false,0.169119
3112,25798,false,0.588279
3112,54252,false,0.140637
3114,15343,false,0.426072
3114,20844,false,0.053941
3114,26306,false,0.304137
3114,40875,false,0.11416
3114,54739,false,0.477143
3114,59129,false,0.758033
3115,22722,false,0.868391
3115,33098,false,0.082468
3115,52726,false,0.847283
3116,49507,false,0.96126
3117,40704,false,0.466527
3117,42891,false,0.636383
3118,30585,false,0.70902
3118,35895,false,0.10184
3118,37967,false,0.919726
3118,39735,false,0.72755
3118,45472,false,0.747341
3120,15469,false,0.739708
3120,20973,false,0.203331
3120,30393,false,0.278175
3121,39711,false,0.330328
3122,14797,false,0.006272
3122,34329,false,0.724007
3123,29520,false,0.178917
3124,31295,false,0.213157
3124,38973,false,0.888915
3124,56416,false,0.558718
3125,18095,false,0.657664
3125,24629,false,0.518343
3125,25870,false,0.89943
3125,38141,false,0.66695
3125,42821,false,0.39055
3125,59745,false,0.873788
3125,59879,false,0.310037
3126,35873,false,0.961532
3126,54941,false,0.631557
3126,59128,false,0.364849
3127,24475,false,0.083836
3127,40590,false,0.23313
3127,45336,false,0.722472
3127,50624,false,0.960272
3127,58736,false,0.341092
3129,42338,false,0.75544
3130,18081,false,0.153282
3130,18345,false,0.965849
3130,32357,false,0.151396
3131,50824,false,0.611273
3132,23544,false,0.621977
3133,13937,false,0.18294
3134,23882,false,0.220266
3134,31552,false,0.510047
3134,40391,false,0.157399
3134,41593,false,0.974508
3135,22988,false,0.669025
3135,26459,false,0.542718
3135,45915,false,0.68813
3136,11776,false,0.554412
3136,12959,false,0.193149
3136,15130,false,0.949506
3136,50481,false,0.137394
3137,36901,false,0.062567
3137,41014,false,0.201536
3137,54256,false,0.801537
3137,56359,false,0.609837
3138,42586,false,0.265121
3138,43184,false,0.980155
3139,37874,false,0.709478
3140,51223,false,0.890984
3141,23231,false,0.974281
3142,18010,false,0.47836
3142,33904,false,0.706588
3142,40273,false,0.39709
3144,19951,false,0.433616
3144,33717,false,0.225171
3144,55445,false,0.881598
3144,56147,false,0.133905
3145,52716,false,0.02743
3146,44332,false,0.710507
3146,44389,false,0.956217
3147,17381,false,0.051447
3150,23556,false,0.317223
3150,31272,false,0.706616
3150,58909,false,0.324764
3151,41703,false,0.437704
3151,50366,false,0.323804
3151,55525,false,0.563639
3152,53018,false,0.417663
3153,14751,false,0.356277
3153,16753,false,0.506361
3153,17461,false,0.163766
3153,37008,false,0.04638
3154,25413,false,0.840051
3154,37902,false,0.183101
3154,44109,false,0.09883
3154,57700,false,0.685667
3156,43802,false,0.934792
3156,46283,false,0.013253
3157,27800,false,0.57576
3157,32061,false,0.411632
3158,34553,false,0.489089
3158,39974,false,0.835852
3158,43699,false,0.596521
3158,44377,false,0.352545
3159,15253,false,0.614658
3159,36112,false,0.47757
3159,46152,false,0.798121
3159,53847,false,0.004491
3160,25818,false,0.465243
3160,29975,false,0.62672
3160,37052,false,0.941595
3161,17862,false,0.768069
3161,31283,false,0.856356
3161,48639,false,0.436198
3162,52856,false,0.143988
3162,53592,false,0.583771
3163,30792,false,0.793623
3164,12901,false,0.118109
3164,14541,false,0.708569
3164,18544,false,0.998625
3164,20008,false,0.668717
3164,22729,false,0.692374
3164,28471,false,0.205809
3164,36676,false,0.112722
3165,29724,false,0.565939
3165,34606,false,0.247418
3165,43695,false,0.043147
3165,44427,false,0.048643
3166,20699,false,0.597749
3166,52789,false,0.138515
3168,14903,false,0.161322
3168,35835,false,0.625017
3168,57132,false,0.548606
3168,57723,false,0.180034
3169,32030,false,0.928431
3169,40813,false,0.261413
3170,22148,false,0.064605
3170,54537,false,0.15894
3171,12931,false,0.831931
3171,34544,false,0.733186
3171,35512,false,0.459305
3171,50613,false,0.861235
3172,10566,false,0.116455
3172,11737,false,0.271219
3172,45775,false,0.807516
3173,19786,false,0.769202
3173,22777,false,0.267849
3173,52420,false,0.24773
3174,24833,false,0.335101
3174,57066,false,0.218023
3175,20300,false,0.28839
3175,44249,false,0.370072
3175,46748,false,0.79779
3176,15536,false,0.446569
3176,23696,false,0.131076
3176,34296,false,0.171049
3177,40257,false,0.629126
3177,54397,false,0.769075
3178,12463,false,0.429377
3178,33555,false,0.51778
3178,58398,false,0.506833
3179,27599,false,0.502573
3180,23847,false,0.066265
3180,48464,false,0.702756
3180,54586,false,0.873874
3181,19157,false,0.021796
3181,31247,false,0.696594
3181,37994,false,0.376658
3182,15187,false,0.724232
3182,27560,false,0.765726
3182,45936,false,0.663756
3183,17295,false,0.989206
3183,17900,false,0.377492
3183,41182,false,0.919926
3184,14322,false,0.172705
3184,46637,false,0.683998
3184,51183,false,0.0604
3185,30090,false,0.809837
3185,54589,false,0.768066
3185,55611,false,0.309477
3185,58974,false,0.081595
3186,25130,false,0.010104
3186,43011,false,0.952353
3187,25613,false,0.456582
3188,48337,false,0.41107
3189,23058,false,0.410291
3190,7170,true,0.021133
3190,7911,true,0.050065
3190,28349,false,0.478749
3190,42762,false,0.877684
3190,52057,false,0.768295
3190,59354,false,0.662208
3191,20335,false,0.889519
3192,7111,true,0.078841
3192,43723,false,0.458413
3192,54900,false,0.616919
3192,56599,false,1.011364
3193,59085,false,0.935062
3194,10284,false,0.817384
3194,19326,false,0.10626
3194,29538,false,0.964237
3195,47387,false,0.53591
3197,41050,false,0.146297
3197,56242,false,0.43261
3199,29346,false,0.287821
3199,46545,false,0.545436
3200,29089,false,0.185995
3201,10026,false,0.347853
3201,22170,false,0.471984
3202,38798,false,0.805065
3202,53639,false,0.548802
3203,14218,false,0.456253
3203,21366,false,0.616676
3203,34055,false,0.843496
3203,45179,false,0.768044
3203,49632,false,0.938922
3203,55782,false,0.181842
3204,51457,false,1.002453
3205,45761,false,0.389986
3205,48415,false,0.15446
3206,19702,false,0.596663
3206,57784,false,0.434149
3207,46415,false,0.959317
3207,46729,false,0.854688
3208,32683,false,0.182926
3208,37381,false,0.23595
3208,42563,false,0.527131
3208,45007,false,0.415814
3208,53206,false,0.320123
3210,33698,false,0.371849
3211,48065,false,0.455001
3213,29842,false,0.599941
3213,51973,false,0.45667
3213,57725,false,0.260981
3214,43144,false,0.679061
3215,33364,false,0.798897
3216,21196,false,0.231688
3217,37162,false,0.012212
3217,39502,false,0.090639
3217,50846,false,0.28808
3218,11113,false,0.274384
3218,17401,false,0.576582
3218,48740,false,0.603056
3219,32958,false,0.876376
3219,43255,false,0.736605
3219,55065,false,0.466808
3219,58039,false,0.617846
3220,25053,false,0.184855
3220,49471,false,0.713311
3221,59783,false,0.148799
3222,23517,false,0.072218
3222,26018,false,0.385874
3222,33826,false,0.643896
3223,20130,false,0.727911
3223,21181,false,0.483264
3223,41066,false,0.420266
3223,51317,false,0.290749
3223,52086,false,0.346318
3224,14199,false,0.147273
3224,14608,false,0.520509
3224,24405,false,0.726705
3224,30646,false,0.581907
3224,45721,false,0.729866
3224,54576,false,0.780682
3225,20063,false,0.667091
3225,28807,false,0.404571
3226,34868,false,0.207389
3227,15361,false,0.05526
3227,23413,false,0.699671
3227,25958,false,0.730889
3227,57984,false,0.195278
3228,10729,false,0.66352
3228,18000,false,0.334023
3228,49388,false,0.082207
3229,21673,false,0.201662
3229,37786,false,0.148785
3230,12967,false,0.864974
3230,21807,false,0.250796
3230,29427,false,0.956366
3231,42212,false,0.838716
3232,23591,false,0.47316
3232,30686,false,0.239793
3232,35685,false,0.515035
3232,55522,false,0.417977
3233,18271,false,0.129247
3233,24277,false,0.300626
3233,42312,false,0.435529
3234,54671,false,0.529319
3235,12587,false,0.525194
3235,37330,false,0.742141
3235,38464,false,0.251131
3235,54452,false,0.882539
3236,20693,false,0.986228
3236,22602,false,0.788217
3236,36856,false,0.019963
3236,57075,false,0.508444
3237,28875,false,0.279204
3237,31917,false,0.103701
3237,58417,false,0.262471
3238,19317,false,0.032705
3238,34751,false,0.0142
3238,37143,false,0.048079
3238,38504,false,0.168927
3238,41678,false,0.882586
3238,54777,false,0.069387
3238,55885,false,0.056799
3238,56379,false,0.823941
3240,25248,false,0.887578
3240,37109,false,0.154379
3240,47456,false,0.388315
3241,14315,false,0.689064
3242,53040,false,0.91862
3243,26002,false,0.991762
3243,52408,false,0.636907
3244,21829,false,0.504353
3244,55700,false,0.525456
3244,59378,false,0.81163
3245,59558,false,0.102624
3246,51813,false,0.771732
3246,55949,false,0.424846
3247,41137,false,1.006049
3247,47330,false,0.055746
3248,38957,false,0.220119
3249,24237,false,0.025819
3249,37683,false,0.416816
3249,48699,false,0.406132
3249,54775,false,0.887167
3249,56028,false,0.006104
3250,21478,false,0.188672
3250,23275,false,0.732408
3251,11596,false,0.979766
3251,36494,false,0.095243
3251,43449,false,0.323
3252,51189,false,0.06941
3253,37892,false,0.988502
3253,42873,false,0.441676
3254,12614,false,0.904903
3254,26842,false,0.623605
3254,39158,false,0.216074
3255,18669,false,0.301683
3255,35930,false,0.389571
3257,10924,false,0.708266
3257,13382,false,0.897919
3257,24299,false,0.930827
3257,47785,false,0.368662
3258,22171,false,0.464394
3258,22668,false,0.887777
3259,30533,false,0.807079
3259,34620,false,0.602869
3259,34837,false,0.167161
3260,14141,false,0.144531
3260,25182,false,1.00544
3260,47896,false,0.678904
3261,7312,true,0.420008
3261,7837,true,0.837685
3261,36488,false,0.278931
3261,44124,false,0.149135
3262,7179,true,0.748488
3262,7659,true,0.081878
3262,42961,false,0.244712
3262,44241,false,0.126768
3262,59638,false,0.535516
3263,7927,true,0.248104
3263,11736,false,0.219036
3263,26882,false,0.660107
3263,29840,false,0.087325
3263,46754,false,0.601328
3264,7452,true,0.113516
3264,7966,true,0.901248
3265,7720,true,0.651129
3266,13544,false,0.124134
3267,7516,true,1.022834
3267,56126,false,0.888974
3269,19094,false,0.199026
3269,50998,false,0.003569
3269,59279,false,0.834704
3270,7352,true,0.337068
3270,7468,true,0.329178
3270,7826,true,0.133108
3270,43985,false,0.505508
3270,44400,false,0.891932
3271,16936,false,0.404853
3272,7497,true,0.832333
3272,7511,true,0.297444
3272,51767,false,0.773883
3273,25071,false,0.691244
3273,32134,false,0.705714
3273,40292,false,0.640781
3273,44480,false,0.739077
3273,58176,false,0.106252
3274,21099,false,0.353937
3274,25476,false,0.538119
3274,30329,false,0.447361
3274,46552,false,0.363355
3274,53991,false,0.812278
3275,7044,true,0.260496
3275,7496,true,0.888348
3275,25568,false,0.750931
3275,37682,false,0.932652
3275,47161,false,0.059431
3275,47420,false,0.509996
3275,53114,false,0.4702
3276,7313,true,0.134255
3276,7727,true,0.321857
3276,45708,false,1.008482
3276,46076,false,0.680945
3277,7875,true,0.202864
3277,17847,false,0.827547
3277,39806,false,0.501219
3277,46634,false,0.875912
3278,7333,true,0.571231
3278,15725,false,0.581952
3278,54571,false,0.164558
3279,58251,false,0.436991
3280,11899,false,0.711234
3280,48163,false,0.944879
3280,59153,false,1.027296
3281,39968,false,0.387922
3281,43146,false,0.261718
3282,23754,false,0.29579
3282,52707,false,0.61057
3283,11890,false,0.212972
3283,22201,false,0.546328
3283,51643,false,0.157308
3284,25516,false,0.281357
3284,55864,false,0.254793
3285,47559,false,0.480634
3285,57559,false,0.263743
3286,17469,false,0.025681
3287,16059,false,0.408081
3287,27920,false,0.097762
3287,58219,false,0.294152
3288,17249,false,0.826114
3288,44354,false,0.822817
3288,51198,false,0.75339
3288,58499,false,0.622189
3289,18133,false,0.17493
3289,21379,false,0.388311
3290,30323,false,0.014477
3290,47382,false,0.247882
3291,13013,false,0.519978
3294,11178,false,0.681747
3294,21714,false,0.475305
3294,29595,false,0.183348
3294,29879,false,0.220096
3294,32213,false,0.873927
3294,58136,false,0.048085
3295,59386,false,0.808572
3296,14773,false,0.172333
3296,43237,false,0.356256
3296,43741,false,0.907188
3296,55291,false,0.640972
3297,39928,false,0.729491
3298,37523,false,0.213703
3298,49957,false,0.902656
3299,17164,false,0.060131
3299,58264,false,0.588974
3300,47236,false,0.044393
3300,59282,false,0.387849
3301,12062,false,0.110233
3301,36979,false,0.809496
3302,19571,false,0.250813
3302,36721,false,0.40995
3303,13403,false,0.327704
3305,15576,false,0.373713
3305,28352,false,0.249294
3305,37037,false,0.679357
3305,50265,false,0.008898
3306,24296,false,0.002939
3306,26240,false,0.138961
3306,38695,false,0.435655
3307,10259,false,0.039398
3307,22136,false,0.880092
3307,45316,false,0.00289
3308,12364,false,0.064947
3308,25023,false,0.382476
3308,37764,false,0.1629
3308,47042,false,0.58621
3310,54296,false,0.937712
3310,57802,false,0.234711
3311,56619,false,0.702939
3313,43093,false,0.264375
3314,45639,false,0.955103
3314,48110,false,0.328909
3315,21400,false,0.252407
3315,42314,false,0.116099
3315,44437,false,0.929536
3315,50874,false,0.790362
3316,26261,false,0.294692
3316,50060,false,0.809662
3317,10537,false,0.830443
3317,42088,false,0.324707
3318,22629,false,0.049974
3318,26663,false,0.134647
3318,50629,false,1.032158
3318,54640,false,0.611764
3319,27253,false,0.977046
3319,32985,false,0.346049
3320,50757,false,0.873364
3321,15312,false,0.677306
3321,17467,false,0.269101
3321,24335,false,0.309972
3321,35828,false,0.78781
3321,47620,false,0.646805
3322,25883,false,0.965664
3323,10193,false,0.769733
3323,31398,false,1.014522
3323,48901,false,0.611877
3324,27138,false,0.433126
3325,14562,false,0.765031
3325,29746,false,0.06702
3326,20010,false,0.818862
3326,35961,false,0.275516
3326,44962,false,0.953338
3327,10785,false,0.624667
3327,48478,false,0.103677
3328,25693,false,0.089636
3328,36507,false,0.098593
3329,26129,false,0.229113
3329,30494,false,0.091375
3330,7780,true,0.079477
3330,7981,true,0.384754
3330,12984,false,0.739386
3331,11961,false,0.68581
3331,22118,false,0.283507
3331,43690,false,0.671573
3331,58863,false,0.670913
3332,32694,false,0.831021
3332,38063,false,0.349843
3334,7243,true,0.322771
3334,10097,false,0.57747
3334,54236,false,0.873012
3335,7626,true,0.992396
3335,25716,false,0.94919
3336,7441,true,0.582449
3336,7752,true,0.175175
3336,51033,false,0.071876
3336,52050,false,0.715746
3336,59547,false,0.782886
3337,27598,false,0.442251
3337,40233,false,0.634288
3338,7154,true,0.618378
3338,17204,false,0.289754
3338,44286,false,0.842497
3339,16454,false,0.193634
3339,57599,false,0.768482
3340,7864,true,0.985697
3340,7880,true,0.737823
3340,33751,false,0.700172
3340,35003,false,0.330935
3340,43951,false,0.821579
3340,44453,false,0.624988
3340,51793,false,0.342315
3341,23462,false,0.986205
3342,24096,false,0.840874
3343,27370,false,0.228192
3343,28615,false,0.351859
3343,41236,false,0.20621
3343,44928,false,0.806835
3344,58699,false,0.331037
3345,14906,false,0.196462
3348,30235,false,0.966246
3348,52153,false,0.580826
3349,16328,false,0.519223
3349,18661,false,0.26628
3349,50942,false,0.270247
3349,52300,false,0.385152
3350,40288,false,0.730713
3350,58636,false,0.657241
3351,29134,false,0.538503
3352,17853,false,0.39697
3352,42013,false,0.715293
3353,18129,false,0.3288
3353,39082,false,0.803935
3354,47062,false,0.884592
3355,30433,false,0.458997
3355,32449,false,0.33423
3356,25400,false,0.223356
3357,16074,false,0.003338
3357,46965,false,0.345586
3358,13291,false,0.680465
3358,23897,false,0.59012
3358,33906,false,0.075395
3358,40016,false,0.301865
3358,51799,false,0.887473
3359,16124,false,0.342393
3359,19024,false,0.646636
3359,53513,false,0.014691
3360,10577,false,0.946595
3360,19842,false,0.696773
3360,27348,false,0.358185
3360,59864,false,0.560667
3361,31034,false,0.400857
3361,37045,false,0.038859
3361,57867,false,0.010929
3362,17961,false,0.001933
3364,49683,false,0.64902
3365,18485,false,0.11904
3365,30136,false,0.515994
3365,54818,false,0.200835
3365,59250,false,0.806199
3366,39984,false,0.907351
3366,40086,false,0.743603
3367,16024,false,0.298006
3367,36086,false,0.29654
3368,39544,false,0.417597
3369,56210,false,0.020182
3370,58440,false,0.298633
3371,43228,false,0.115329
3372,27932,false,0.983845
3373,22919,false,0.639317
3373,49370,false,0.35576
3374,17042,false,0.805584
3374,29222,false,0.245617
3374,58745,false,0.961416
3375,14915,false,0.792797
3375,35724,false,0.253282
3375,52723,false,0.754282
3375,58721,false,0.399377
3376,11325,false,0.975359
3376,20392,false,0.439679
3376,25570,false,0.470472
3377,43982,false,0.879501
3378,22428,false,0.365129
3378,27136,false,0.819075
3378,27447,false,0.925651
3379,25918,false,0.186128
3379,29377,false,0.275894
3379,58539,false,0.156836
3380,24964,false,0.425511
3381,18818,false,0.83065
3381,31168,false,0.62208
3383,14572,false,0.516298
3383,30694,false,0.136214
3383,41639,false,0.614552
3383,43846,false,0.458752
3383,52348,false,0.967364
3384,12734,false,0.073755
3384,50515,false,0.591051
3384,57748,false,0.211353
3385,17423,false,0.057501
3385,32523,false,0.709658
3385,42336,false,0.503694
3385,45791,false,0.890941
3385,47677,false,0.015278
3387,11582,false,0.402492
3387,13502,false,0.899671
3387,30642,false,0.635913
3387,35392,false,0.600001
3387,45234,false,0.966157
3387,49087,false,0.704351
3387,57933,false,0.786779
3388,22158,false,0.452799
3388,55259,false,0.579649
3389,45922,false,0.240934
3390,20611,false,0.321423
3390,43199,false,0.639055
3390,47623,false,0.248462
3392,7355,true,0.20581
3392,17979,false,0.623605
3392,32911,false,0.593643
3392,54294,false,0.061235
3392,56324,false,0.100163
3393,7361,true,0.333596
3394,49641,false,0.064316
3394,56491,false,0.815806
3395,23161,false,0.515773
3395,27457,false,0.800625
3395,31366,false,0.021309
3395,55237,false,0.754573
3396,32247,false,0.460593
3397,12326,false,0.921205
3397,51463,false,0.387858
3397,54879,false,0.942701
3398,11424,false,0.988855
3398,23250,false,0.81966
3398,48908,false,0.357246
3399,16263,false,0.463704
3399,52394,false,0.537432
3400,25687,false,0.876681
3400,26462,false,0.165825
3400,56933,false,0.177559
3401,49628,false,0.851826
3402,12042,false,0.584381
3402,48238,false,0.195962
3403,42285,false,0.069402
3403,45455,false,0.012712
3403,50790,false,0.368664
3404,21633,false,0.006831
3404,22218,false,0.72439
3404,32127,false,0.210304
3405,7188,true,0.237531
3405,16080,false,0.253427
3406,7161,true,0.186298
3406,7561,true,0.791236
3407,31823,false,0.641964
3408,11671,false,0.601465
3408,14417,false,0.497972
3408,24092,false,0.633967
3408,52288,false,0.508878
3408,58670,false,1.008481
3409,31666,false,0.876744
3409,35525,false,0.424601
3409,57163,false,0.690055
3411,14603,false,0.424259
3411,16247,false,0.518495
3411,23346,false,0.801513
3411,50343,false,0.502771
3412,30762,false,0.435057
3413,28545,false,0.950979
3413,44963,false,0.436594
3415,29784,false,0.326155
3415,49004,false,0.186872
3415,50451,false,0.627562
3416,22500,false,0.6945
3416,22805,false,0.050839
3417,21102,false,0.96629
3417,25720,false,0.140493
3417,44696,false,0.968865
3417,49921,false,0.057931
3417,51902,false,0.485716
3418,30222,false,0.888549
3419,33739,false,0.292008
3419,48719,false,0.241892
3420,20972,false,0.632834
3421,55827,false,0.157619
3422,22835,false,0.564547
3422,51726,false,0.34147
3423,54704,false,0.331162
3424,21047,false,0.446994
3424,46350,false,0.465919
3425,42219,false,0.12041
3425,52378,false,0.424499
3426,33768,false,0.109431
3426,58200,false,0.269791
3428,36916,false,0.972958
3429,35531,false,0.248447
3429,51093,false,0.795136
3430,38659,false,0.371247
3431,44444,false,0.745957
3431,48815,false,0.584319
3432,10935,false,0.614051
3432,15785,false,0.633318
3432,43078,false,0.969634
3433,13532,false,0.303316
3433,23042,false,0.048862
3433,46364,false,0.264553
3434,7633,true,0.424055
3434,7753,true,0.287293
3434,32528,false,0.810363
3434,33093,false,0.458091
3435,55985,false,0.355927
3436,7592,true,0.106707
3436,22400,false,0.152676
3436,49936,false,0.669998
3437,7236,true,0.999352
3437,7370,true,0.357875
3437,12485,false,0.836355
3437,52951,false,0.53195
3438,7407,true,0.957329
3438,19133,false,0.090836
3438,31824,false,0.899489
3439,7380,true,0.805446
3439,7829,true,0.933325
3439,22568,false,0.856558
3439,32326,false,0.79966
3440,27319,false,0.821577
3440,37192,false,0.763657
3441,59561,false,0.161806
3442,7291,true,0.162157
3442,7998,true,0.08496
3442,45565,false,0.452268
3443,38408,false,0.093232
3443,56693,false,0.220178
3444,21598,false,0.644109
3445,14132,false,0.5361
3446,25639,false,0.862383
3447,7907,true,0.441483
3447,50856,false,0.255855
3448,15563,false,0.171929
3448,51099,false,0.461414
3449,21825,false,0.971258
3449,27662,false,0.557505
3449,30164,false,0.566025
3449,42261,false,0.763387
3450,7120,true,0.911321
3450,13921,false,0.698946
3450,31805,false,0.422598
3450,51548,false,0.9636
3451,7070,true,0.976184
3451,7605,true,0.764682
3451,7738,true,0.676224
3452,21642,false,0.967544
3452,29084,false,0.612696
3453,50467,false,0.595988
3454,7740,true,0.357465
3454,17912,false,0.065151
3454,37772,false,0.905671
3455,7705,true,0.896212
3455,29539,false,0.693778
3455,52030,false,0.120655
3456,43401,false,0.074615
3456,47842,false,0.092346
3456,54348,false,0.702082
3456,57915,false,0.48738
3457,7458,true,0.182116
3457,40838,false,0.199629
3458,18988,false,0.782013
3458,46691,false,0.457225
3458,59985,false,0.203403
3459,27716,false,0.991054
3459,32504,false,0.279868
3459,46569,false,0.325021
3459,46843,false,0.576857
3460,22166,false,0.487063
3460,55959,false,0.785618
3461,32090,false,0.408092
3461,34118,false,0.050242
3461,43583,false,0.440044
3461,45299,false,0.933249
3461,49260,false,0.364494
3462,7870,true,0.832794
3462,15958,false,0.263427
3462,41080,false,0.397975
3462,52102,false,0.084277
3463,7156,true,0.045482
3463,7534,true,0.366626
3463,13597,false,0.487297
3463,28870,false,0.280524
3463,40788,false,0.513704
3463,46713,false,0.801465
3463,58998,false,0.580941
3464,45237,false,0.325445
3465,22679,false,0.676625
3466,7274,true,0.319065
3467,53703,false,0.703915
3468,41479,false,0.001882
3468,59710,false,0.7673
3469,7163,true,0.353821
3469,7381,true,0.443577
3469,31539,false,0.508782
3470,7195,true,0.47567
3470,13528,false,0.944931
3470,23533,false,0.671605
3470,38494,false,0.625658
3471,28604,false,0.326239
3471,34508,false,0.248532
3471,45197,false,0.098823
3471,47958,false,0.912916
3472,7231,true,0.392664
3472,57040,false,0.373043
3473,7389,true,0.087448
3473,10386,false,0.551947
3473,28929,false,0.265667
3473,42266,false,0.994848
3474,7394,true,0.59808
3475,23036,false,0.633948
3476,11400,false,0.205188
3477,38663,false,0.917851
3477,56093,false,0.378791
3479,16335,false,0.581895
3479,41685,false,0.792121
3480,17152,false,0.02994
3480,24732,false,0.213668
3480,38181,false,0.462078
3480,51236,false,0.706098
3480,52293,false,0.696227
3481,10572,false,0.369723
3481,21256,false,0.919102
3482,10231,false,0.212099
3482,17648,false,0.712202
3483,18789,false,0.240254
3483,21725,false,0.64835
3483,32257,false,0.36076
3483,47144,false,0.237012
3483,48249,false,0.808409
3484,13524,false,0.846675
3484,28501,false,0.212121
3484,36757,false,0.979536
3484,41847,false,0.224585
3484,44469,false,0.705099
3485,54813,false,0.303988
3486,23010,false,0.833547
3486,29116,false,0.617901
3488,36129,false,0.859315
3488,54939,false,0.01069
3489,49960,false,0.712105
3489,58181,false,0.325502
3490,23328,false,0.80245
3490,53516,false,0.724773
3490,53610,false,0.915699
3491,23736,false,0.561701
3491,32975,false,0.337577
3491,49108,false,0.269486
3492,43083,false,0.549445
3492,52347,false,0.199687
3493,26515,false,0.09873
3493,35834,false,0.507608
3494,17898,false,0.96112
3494,17965,false,0.557126
3494,48212,false,0.70127
3494,55778,false,0.803915
3495,42116,false,0.572627
3496,13592,false,0.160494
3496,17505,false,0.010304
3496,53384,false,0.336625
3497,37207,false,0.800703
3499,16905,false,0.332193
3499,27477,false,0.527758
3499,35817,false,0.604675
3499,44041,false,0.61153
3500,16295,false,0.313471
3500,23746,false,0.481936
3500,31469,false,0.674488
3500,59912,false,0.28655
3502,18674,false,0.919061
3502,46449,false,0.972806
3503,27741,false,0.034705
3503,47500,false,0.370935
3503,49005,false,0.290586
3503,49451,false,0.387675
3504,16297,false,0.891069
3504,32630,false,0.460468
3506,17846,false,0.585846
3506,18777,false,0.540574
3507,20237,false,0.32687
3507,34965,false,0.202482
3507,47191,false,0.83413
3507,48530,false,0.446821
3507,58446,false,0.563222
3508,7593,true,0.617961
3508,19560,false,0.736619
3508,33316,false,0.045702
3509,7445,true,0.247138
3509,32259,false,1.6E-4
3509,51754,false,0.917892
3509,52603,false,0.655139
3510,50073,false,0.129261
3511,12461,false,0.81815
3511,15167,false,0.264924
3511,31305,false,0.453947
3511,53851,false,0.157824
3512,24561,false,0.755492
3512,41806,false,0.51976
3513,20988,false,0.735575
3513,57471,false,0.69107
3513,59459,false,0.29342
3514,11439,false,0.833966
3514,37081,false,0.051245
3515,7879,true,0.903553
3515,32498,false,0.469399
3515,35222,false,0.763649
3515,35279,false,0.276866
3515,57416,false,0.785602
3516,7356,true,0.165598
3516,7886,true,0.502061
3516,36260,false,0.89153
3516,40849,false,0.841326
3517,7354,true,0.671832
3517,31916,false,0.411198
3517,33002,false,0.666245
3519,19922,false,0.870492
3519,24241,false,0.900672
3519,24670,false,0.998665
3519,33965,false,0.992256
3520,17812,false,0.392348
3520,23831,false,0.396539
3520,43918,false,0.222474
3522,26042,false,0.246242
3522,49422,false,0.591339
3523,30445,false,0.79253
3523,41567,false,0.789228
3523,59520,false,0.862213
3524,38748,false,0.959976
3524,53521,false,0.704328
3525,11853,false,0.475015
3525,44287,false,0.315613
3526,48824,false,0.826336
3526,55495,false,0.976774
3527,42535,false,0.99939
3528,42555,false,0.026525
3529,33354,false,0.44435
3529,54867,false,0.525354
3530,54997,false,0.24217
3530,58872,false,0.46737
3531,38954,false,0.100796
3531,41385,false,0.265868
3531,42313,false,0.404706
3531,59183,false,0.547955
3532,15236,false,0.639122
3532,25767,false,0.32246
3532,27831,false,0.669017
3532,28512,false,1.000238
3533,37278,false,0.507273
3533,39508,false,0.396589
3534,41494,false,0.759835
3534,45824,false,0.274803
3535,35986,false,0.024869
3535,51162,false,0.629637
3536,7169,true,0.551886
3536,7861,true,0.113137
3536,26416,false,0.237985
3536,31529,false,0.395956
3536,36098,false,0.606392
3536,36454,false,0.84421
3536,39280,false,0.957095
3536,48493,false,0.098162
3537,7123,true,0.305031
3537,28074,false,0.176462
3537,47516,false,0.065351
3538,7224,true,0.696785
3538,7952,true,0.711694
3538,50968,false,0.367756
3539,24326,false,0.942352
3539,26208,false,0.479779
3539,26977,false,0.540649
3539,43780,false,0.325099
3539,56568,false,0.762709
3540,30353,false,0.150945
3540,40192,false,0.274103
3540,42965,false,0.868502
3540,58892,false,0.755866
3541,8,true,0.03492
3541,23129,false,0.930696
3541,31107,false,0.698063
3542,53685,false,0.333126
3543,7397,true,0.761138
3543,15128,false,0.597299
3544,7272,true,0.621203
3544,22019,false,0.848192
3544,27441,false,0.819315
3544,38454,false,0.486553
3545,29751,false,0.341335
3546,7147,true,0.113416
3546,7488,true,0.523735
3546,37177,false,0.317143
3546,50286,false,0.905821
3546,56877,false,0.677062
3547,11692,false,0.759793
3547,12488,false,0.298046
3547,23565,false,0.780755
3547,33956,false,0.299564
3547,49292,false,0.137741
3548,13308,false,0.953687
3548,30040,false,0.113802
3549,7006,true,0.050075
3549,7799,true,0.833401
3549,17156,false,0.540589
3549,35450,false,0.483197
3549,51632,false,0.020062
3550,19164,false,0.454184
3551,7138,true,0.339727
3551,7432,true,0.944186
3551,33326,false,0.316718
3551,40386,false,0.389918
3552,19338,false,0.08528
3552,43048,false,0.870363
3553,21827,false,0.599272
3554,7004,true,0.456671
3554,7260,true,0.531106
3554,7744,true,0.316239
3554,28817,false,0.91843
3554,32506,false,0.325599
3554,45998,false,0.317877
3554,47000,false,0.333725
3555,7851,true,0.913219
3555,55214,false,0.289747
3556,7660,true,0.040416
3556,13671,false,0.949349
3556,27822,false,0.923426
3556,41930,false,0.167241
3556,55288,false,0.575976
3557,43390,false,0.936201
3558,29272,false,0.365423
3558,46285,false,1.012301
3559,7114,true,0.232932
3559,7502,true,0.353308
3559,12601,false,0.267722
3559,58452,false,0.229848
3560,7635,true,1.003489
3560,10795,false,0.426952
3560,24869,false,0.131686
3560,56631,false,0.449895
3561,7565,true,0.898978
3561,7994,true,0.030066
3561,36322,false,0.325904
3561,59291,false,0.399311
3562,19376,false,0.307695
3563,7763,true,0.096494
3563,22191,false,0.116585
3563,50064,false,0.124806
3564,7371,true,0.294793
3564,46018,false,0.978354
3564,55661,false,0.882942
3565,7943,true,0.951385
3565,49742,false,0.259419
3566,38262,false,0.05272
3566,40917,false,0.484234
3567,10058,false,0.503547
3567,38133,false,0.69607
3569,48439,false,0.678275
3571,12834,false,0.564134
3571,22143,false,1.033618
3571,24435,false,0.236725
3572,38890,false,0.337791
3573,31952,false,0.91797
3573,39506,false,0.49489
3573,55305,false,0.884215
3574,16861,false,0.759158
3574,20111,false,0.02383
3574,44947,false,0.158305
3575,24354,false,0.039684
3575,31092,false,0.58913
3575,50173,false,0.68297
3576,7745,true,0.506512
3576,13418,false,0.489021
3576,47994,false,0.457448
3577,29034,false,0.731208
3578,59478,false,0.951982
3578,59519,false,0.819536
3579,7405,true,0.305272
3579,20760,false,0.354949
3579,38930,false,0.662933
3579,49532,false,0.074842
3579,50540,false,0.665979
3579,53197,false,0.495307
3579,57746,false,0.967377
3580,17640,false,0.66332
3580,23252,false,0.55246
3580,55177,false,0.55306
3581,14451,false,0.487649
3581,31179,false,0.668074
3581,43166,false,0.999454
3581,46514,false,0.172547
3582,26059,false,0.41278
3582,32672,false,0.156889
3582,54170,false,0.363524
3583,7238,true,0.60786
3584,14570,false,0.390711
3584,22588,false,0.575149
3584,46034,false,0.074378
3584,54298,false,0.837799
3585,7418,true,0.745658
3585,7610,true,0.622083
3585,17198,false,0.125427
3586,7699,true,0.148863
3586,29723,false,0.324748
3586,38013,false,0.740906
3587,7117,true,0.962136
3587,54529,false,0.84734
3587,57381,false,0.148686
3588,53601,false,1.01329
3589,24128,false,0.445567
3589,30668,false,0.594603
3589,51086,false,0.05746
3589,56053,false,0.412333
3589,56167,false,0.101169
3590,24494,false,0.871303
3590,45968,false,0.64175
3591,18622,false,0.051271
3591,38446,false,0.425448
3591,47206,false,0.782069
3593,13915,false,0.743584
3593,19091,false,0.114623
3593,19720,false,0.812815
3593,24633,false,0.520421
3593,50646,false,0.676912
3593,52708,false,0.14664
3593,57402,false,0.169638
3593,58703,false,0.54159
3594,24491,false,0.679896
3594,35597,false,0.226056
3594,36834,false,0.932364
3594,37819,false,0.053043
3594,56840,false,0.442528
3594,57107,false,0.570359
3594,58621,false,0.532515
3595,43557,false,0.949409
3595,47075,false,0.919252
3595,48621,false,0.240606
3596,49138,false,0.734176
3596,52189,false,0.337681
3597,12759,false,0.854626
3597,32996,false,0.273253
3598,50617,false,0.869485
3598,54498,false,0.71459
3599,34612,false,0.252821
3600,21831,false,0.70772
3600,40423,false,0.046566
3600,45993,false,0.496861
3600,52003,false,0.096671
3601,41782,false,0.033108
3601,45550,false,0.557224
3601,51048,false,0.389398
3602,10851,false,0.237982
3602,21936,false,0.79713
3602,37992,false,0.339001
3602,39014,false,0.562515
3603,15889,false,0.31087
3603,39240,false,0.676871
3604,27554,false,0.595451
3604,49165,false,0.813719
3604,57612,false,0.179884
3606,18734,false,0.882712
3606,20415,false,0.620373
3607,17840,false,0.905779
3607,45693,false,0.710193
3608,42473,false,0.849852
3609,15223,false,0.073168
3609,23731,false,0.821548
3610,7498,true,0.930635
3610,7718,true,0.068155
3610,7980,true,0.785957
3610,35102,false,0.030487
3612,31446,false,0.886301
3612,39229,false,0.666597
3613,7296,true,0.673631
3613,7723,true,0.747199
3613,21943,false,0.169334
3613,22536,false,0.650795
3613,29536,false,0.76481
3613,33989,false,0.859125
3614,37559,false,0.105684
3615,18889,false,0.463714
3616,22883,false,0.846936
3617,7623,true,0.107826
3617,59322,false,0.090722
3618,17210,false,0.675043
3618,36469,false,0.567048
3619,7704,true,0.647705
3620,7369,true,0.84811
3620,7377,true,0.43874
3620,26324,false,0.911072
3620,28319,false,0.283813
3620,44966,false,0.787011
3621,33817,false,0.106432
3622,7174,true,0.361142
3622,7628,true,0.232948
3622,49591,false,0.207968
3623,7714,true,0.883147
3623,28124,false,0.12768
3623,32337,false,0.155224
3623,32607,false,0.855286
3623,40818,false,0.281733
3624,18473,false,0.213527
3624,25186,false,0.946432
3625,7508,true,0.651579
3625,19048,false,0.088498
3625,30978,false,0.20325
3625,32196,false,0.637235
3625,38960,false,0.496341
3625,43534,false,0.70872
3626,7435,true,0.177284
3626,32568,false,0.605823
3626,37739,false,0.56326
3626,37829,false,0.31853
3626,54570,false,0.434663
3628,7510,true,0.383594
3628,7634,true,0.275269
3629,7737,true,0.295535
3629,12887,false,0.128805
3629,38136,false,0.95374
3629,38964,false,0.669152
3629,52673,false,0.2298
3630,7214,true,0.213646
3630,10337,false,0.416454
3630,11656,false,0.771054
3630,41332,false,0.645277
3630,52662,false,0.13591
3631,7931,true,0.74061
3631,12866,false,0.437648
3631,18887,false,0.316003
3631,34839,false,0.500229
3632,7268,true,0.507657
3632,7279,true,0.479111
3632,7340,true,0.47634
3632,35124,false,0.366211
3632,36537,false,0.842471
3632,41515,false,0.080837
3632,46447,false,0.590514
3632,58595,false,0.213465
3633,13902,false,0.229938
3633,18743,false,0.448862
3634,7862,true,0.844651
3634,15636,false,0.999824
3634,28546,false,0.818292
3634,28964,false,0.493544
3634,30931,false,0.434729
3634,50332,false,0.236539
3635,7262,true,0.643368
3635,43933,false,0.304916
3635,47040,false,0.966477
3635,58213,false,0.804869
3636,7420,true,0.820722
3637,7938,true,0.100351
3637,14014,false,0.034522
3638,7986,true,0.389327
3638,15351,false,0.416528
3639,44596,false,0.724833
3639,59974,false,0.519248
3640,32967,false,0.519855
3641,40873,false,0.045987
3643,50735,false,0.649869
3644,17000,false,0.17158
3645,15129,false,0.329794
3645,29730,false,0.866346
3645,31413,false,0.465949
3645,52890,false,0.689295
3646,27016,false,0.146404
3646,28950,false,0.380519
3646,38838,false,0.952399
3647,11673,false,0.819332
3647,20438,false,0.539089
3647,23916,false,0.572008
3647,57578,false,0.312199
3647,58316,false,0.021952
3648,18102,false,0.219292
3648,49597,false,0.547867
3649,32697,false,0.686459
3649,49570,false,0.26257
3649,54215,false,0.619985
3650,39576,false,0.542797
3650,48599,false,0.64581
3651,20436,false,0.53134
3651,22753,false,0.169394
3651,26395,false,0.662741
3652,7898,true,0.454268
3652,59945,false,0.160407
3653,7115,true,0.431158
3653,53884,false,0.961161
3653,58689,false,0.25017
3654,7032,true,0.088399
3654,7509,true,0.324999
3654,26687,false,0.899695
3655,12480,false,0.650444
3655,25689,false,0.388295
3655,26988,false,0.709872
3656,7328,true,0.972812
3656,7641,true,0.793953
3656,7809,true,0.449738
3656,42627,false,0.059655
3656,47096,false,0.915728
3656,53440,false,0.847066
3657,7872,true,0.281793
3657,26519,false,0.042331
3657,27994,false,0.86961
3658,54841,false,0.598082
3659,21985,false,0.638038
3659,34454,false,0.79543
3660,29351,false,0.589489
3661,25101,false,0.759994
3661,37905,false,0.044899
3662,26478,false,0.636869
3663,40865,false,0.358237
3663,41851,false,0.441313
3664,19297,false,0.438621
3664,29147,false,0.099357
3664,36621,false,0.636308
3664,36934,false,0.702787
3664,41881,false,0.265002
3664,48698,false,0.79055
3665,49250,false,0.131925
3665,52817,false,0.3736
3666,26672,false,0.351843
3667,52091,false,0.065842
3667,53548,false,0.172507
3668,30324,false,0.046501
3668,35859,false,0.497641
3668,46821,false,0.907307
3668,53177,false,0.187661
3668,53569,false,0.665818
3669,33577,false,0.641381
3670,38491,false,0.21124
3670,54366,false,0.138787
3671,15349,false,0.54184
3671,28212,false,0.464286
3671,39002,false,0.937243
3671,45537,false,0.054178
3671,57091,false,0.060726
3672,17010,false,0.95375
3672,40610,false,0.637508
3673,10522,false,0.36495
3673,16062,false,0.576665
3673,28370,false,0.872677
3674,7121,true,0.243516
3674,30829,false,0.890412
3675,7914,true,0.669676
3675,22415,false,0.906034
3675,24996,false,0.393097
3675,42834,false,0.888297
3675,49273,false,0.459717
3676,7194,true,0.484769
3676,53037,false,0.853609
3676,59659,false,0.52725
3677,7456,true,0.048128
3677,20215,false,0.91485
3678,7027,true,0.237535
3678,7617,true,0.643004
3678,7638,true,0.235567
3679,7507,true,0.184562
3679,17677,false,0.037897
3679,43423,false,0.988155
3680,20622,false,0.993979
3680,31244,false,0.392608
3680,34476,false,0.685325
3680,46181,false,0.462131
3680,52297,false,0.732336
3681,33100,false,0.887785
3682,7019,true,0.490861
3683,7301,true,0.611227
3683,7684,true,0.718195
3683,36177,false,0.495987
3683,40011,false,0.51205
3683,41301,false,0.039724
3684,28936,false,0.519914
3684,31864,false,0.900655
3684,42030,false,0.214625
3684,48743,false,0.512798
3685,14520,false,0.752755
3685,22271,false,0.916845
3685,45465,false,0.913251
3685,54030,false,0.912551
3687,42226,false,0.700817
3687,52388,false,0.997734
3688,26486,false,0.148885
3688,47260,false,0.367216
3689,16309,false,0.7044
3690,27883,false,0.516913
3690,28732,false,0.071197
3691,30874,false,0.776658
3691,41640,false,0.964351
3691,52919,false,0.228312
3692,16783,false,0.015374
3692,23755,false,0.819257
3692,49271,false,0.39966
3692,56111,false,0.243973
3693,7005,true,0.73681
3693,37255,false,0.178452
3693,42263,false,0.283803
3694,23525,false,0.115043
3695,14429,false,0.690803
3696,51897,false,0.751449
3696,56659,false,0.419594
3697,14527,false,0.934694
3697,15315,false,0.132205
3697,18466,false,0.298269
3697,25046,false,0.520444
3698,11612,false,0.668987
3698,33959,false,0.301354
3698,34791,false,0.444466
3698,48368,false,0.507306
3699,15769,false,0.439256
3699,29246,false,0.049747
3699,51794,false,0.382366
3700,44166,false,0.048737
3700,56345,false,0.560008
3702,18723,false,0.468766
3702,48466,false,0.41984
3702,55937,false,0.44283
3703,52849,false,0.47465
3703,59643,false,0.141309
3704,18449,false,0.532166
3704,19961,false,0.733309
3704,42341,false,0.902235
3704,45134,false,0.152884
3706,15570,false,0.622071
3706,49890,false,0.492131
3706,51613,false,0.441371
3707,14084,false,0.961279
3707,37870,false,0.111605
3707,39457,false,0.610874
3707,55401,false,0.04868
3708,59916,false,0.245547
3709,54439,false,0.683014
3710,15705,false,0.388796
3710,16903,false,0.963957
3710,31182,false,0.832287
3710,40681,false,0.835317
3710,45140,false,0.408873
3711,17794,false,0.664987
3711,46764,false,0.995847
3712,30411,false,0.090676
3712,36439,false,0.239675
3712,58107,false,0.929825
3713,26682,false,0.712709
3713,32689,false,0.426232
3713,34546,false,0.333536
3713,46168,false,0.767486
3713,59466,false,0.071433
3714,25288,false,0.858331
3714,27583,false,0.40229
3714,28882,false,0.709658
3714,42564,false,0.633789
3714,47851,false,0.021952
3714,50494,false,0.311615
3715,56604,false,0.7354
3716,7020,true,0.794031
3716,7811,true,0.294131
3716,21737,false,0.20704
3717,7082,true,0.248941
3717,12855,false,0.071048
3718,7766,true,0.443405
3718,7785,true,0.290334
3718,23212,false,0.678079
3718,42450,false,0.859
3718,51053,false,0.552841
3719,7168,true,0.929608
3720,7248,true,0.83672
3720,27529,false,0.764053
3720,50218,false,0.555397
3721,26627,false,0.425267
3721,41514,false,0.872694
3722,7552,true,0.034687
3722,55613,false,0.880877
3722,56209,false,1.000557
3723,7017,true,0.098888
3723,7379,true,0.48243
3723,14800,false,0.197648
3723,47471,false,0.543214
3723,47715,false,0.815216
3724,7537,true,0.993254
3724,43104,false,0.074008
3724,52135,false,0.316803
3725,7131,true,0.291788
3725,7767,true,0.077878
3725,7819,true,0.889513
3725,17100,false,0.938333
3725,31758,false,0.399588
3725,34483,false,0.237554
3726,18064,false,0.122778
3726,35252,false,0.754892
3726,58969,false,0.762875
3727,7594,true,0.671671
3727,7630,true,0.297411
3727,7874,true,0.930744
3727,7893,true,0.100899
3727,37564,false,0.829126
3728,7116,true,0.964318
3728,7196,true,0.935783
3728,7995,true,0.968732
3728,20999,false,0.689265
3728,46252,false,0.461875
3729,7124,true,0.386012
3729,33119,false,0.355158
3729,56472,false,0.06181
3730,43123,false,0.400176
3731,7252,true,0.795866
3731,7490,true,0.40319
3731,7580,true,0.070521
3731,13973,false,0.514219
3731,17325,false,0.021411
3732,29468,false,0.705169
3732,44709,false,0.947973
3732,49390,false,0.846407
3732,51728,false,0.244691
3732,53491,false,0.124411
3732,54076,false,0.97867
3733,7275,true,0.012368
3733,7816,true,0.948086
3733,37613,false,0.934244
3733,45899,false,0.069681
3733,50597,false,0.17461
3735,7109,true,0.074909
3735,43425,false,0.938631
3736,16808,false,0.563395
3736,37600,false,0.922798
3738,28608,false,0.106047
3738,29186,false,0.619362
3739,56540,false,0.454394
3740,18944,false,0.673281
3740,51284,false,0.66971
3741,12492,false,0.207773
3741,40537,false,0.963101
3742,35133,false,0.735587
3742,53869,false,0.735375
3742,57455,false,0.00543
3743,31318,false,0.887351
3743,35910,false,0.675638
3744,24173,false,0.076307
3744,48942,false,0.8792
3745,22871,false,0.364598
3746,15888,false,0.599691
3746,30904,false,0.313173
3746,38947,false,0.721814
3746,40715,false,0.20616
3747,31712,false,0.950097
3749,27861,false,0.019546
3750,59747,false,0.153916
3751,20524,false,0.921501
3751,46463,false,0.351754
3752,34877,false,0.76579
3752,38345,false,0.751329
3752,38383,false,0.020021
3752,40222,false,0.937498
3754,7607,true,0.033483
3754,11355,false,0.347384
3754,44714,false,0.298581
3754,56861,false,0.022242
3755,7540,true,0.372431
3755,7647,true,0.971638
3755,12993,false,0.397808
3755,14921,false,0.666374
3755,49740,false,0.268149
3756,7726,true,0.253465
3756,11869,false,0.02112
3757,7183,true,0.554337
3757,20107,false,0.807166
3757,47459,false,0.367551
3758,7871,true,0.358658
3759,20211,false,0.160698
3759,39540,false,0.033802
3760,29594,false,0.006337
3761,7544,true,0.717309
3761,7910,true,0.956853
3761,14746,false,0.433991
3761,27696,false,0.046911
3761,45438,false,0.7553
3761,52724,false,0.414723
3762,46151,false,0.951188
3763,34940,false,0.37043
3763,44648,false,0.706994
3764,7273,true,0.132529
3765,19844,false,0.937408
3766,7915,true,0.613895
3767,7011,true,0.624745
3767,7805,true,0.170328
3767,22443,false,0.122614
3768,7414,true,0.902877
3768,23649,false,0.723449
3769,24069,false,0.870368
3769,26354,false,0.399127
3769,28968,false,0.857739
3770,7092,true,0.77533
3770,7572,true,0.193323
3770,7827,true,0.081599
3770,50881,false,0.83981
3771,7374,true,0.314564
3771,7719,true,0.213807
3771,7818,true,0.418035
3771,55298,false,0.707313
3771,56890,false,0.145302
3772,7546,true,0.361895
3772,18310,false,0.397166
3772,32788,false,0.897944
3772,36224,false,0.479328
3772,50309,false,0.365822
3772,52354,false,0.620671
3772,59458,false,0.507525
3773,34838,false,0.13375
3773,40147,false,0.292934
3774,7257,true,0.563212
3774,7327,true,0.088662
3774,7678,true,0.844299
3774,34384,false,0.175874
3774,40050,false,0.672639
3774,43935,false,0.766709
3774,45777,false,0.37681
3774,51991,false,0.600703
3775,39891,false,0.504976
3776,7346,true,0.685252
3776,7486,true,0.463827
3776,50818,false,0.684284
3777,7088,true,0.884355
3777,7425,true,0.007916
3777,7858,true,0.777859
3778,26721,false,0.472596
3779,26338,false,0.92592
3779,40309,false,0.942616
3779,44499,false,0.529695
3779,54189,false,0.230285
3780,50142,false,0.420489
3782,28062,false,1.01395
3782,44216,false,0.213609
3782,46714,false,0.406296
3783,10039,false,0.932393
3783,15644,false,0.015851
3784,7691,true,0.36197
3784,23931,false,0.964093
3784,28114,false,0.550919
3784,39966,false,0.926182
3784,59275,false,0.38595
3784,59714,false,0.57098
3785,13168,false,0.354138
3785,13925,false,0.895337
3785,33726,false,0.667343
3785,53050,false,0.397755
3786,7384,true,0.197506
3786,7412,true,0.851022
3786,7813,true,0.904813
3786,7937,true,0.501814
3786,15035,false,0.290968
3786,25136,false,0.199489
3786,57890,false,0.581216
3787,49094,false,0.013478
3788,7465,true,0.213214
3788,17222,false,0.469871
3788,37293,false,0.013979
3788,42747,false,0.172814
3788,43450,false,0.454062
3788,53502,false,0.115935
3789,46179,false,0.463591
3790,45885,false,0.015965
3791,7358,true,0.993805
3791,7475,true,0.847926
3791,56542,false,0.012658
3792,7562,true,0.369666
3792,18692,false,0.322183
3792,37473,false,0.032534
3792,50995,false,0.091446
3793,7122,true,0.561693
3793,7583,true,0.741953
3793,18298,false,0.298518
3793,40771,false,0.884166
3794,40859,false,0.485961
3795,7324,true,0.856092
3795,27914,false,0.332023
3795,30979,false,0.63081
3795,48432,false,0.745473
3796,7908,true,0.072748
3796,34575,false,0.302089
3796,37886,false,0.477172
3797,13093,false,0.87232
3797,15866,false,0.289437
3797,26202,false,0.230201
3797,44278,false,0.108946
3797,50687,false,0.673859
3798,16490,false,1.011613
3798,28158,false,0.366455
3798,29447,false,0.129792
3798,29453,false,0.502386
3798,36963,false,0.510225
3799,10835,false,0.718712
3799,22067,false,0.880697
3799,25959,false,0.068035
3799,30688,false,0.797243
3799,43426,false,0.306561
3799,59618,false,0.06978
3800,19903,false,0.225426
3800,22856,false,0.894975
3800,34290,false,0.606229
3800,49280,false,0.900479
3802,7330,true,0.06494
3802,7961,true,0.421904
3802,10545,false,0.885659
3802,17737,false,0.0691
3802,25863,false,0.140304
3802,31447,false,0.319545
3802,35117,false,0.53425
3802,43157,false,0.674352
3802,57000,false,0.741336
3802,58190,false,0.261973
3803,55173,false,0.742746
3804,19562,false,0.481538
3805,7416,true,0.935059
3805,7563,true,0.132449
3805,15954,false,0.982281
3805,17766,false,0.253475
3805,58155,false,0.133864
3806,23030,false,0.33116
3806,27014,false,0.283735
3806,58460,false,0.258552
3807,7072,true,0.871628
3807,7266,true,0.19795
3807,7972,true,0.013795
3807,20341,false,0.013408
3807,55987,false,0.862538
3808,12705,false,0.780275
3808,20517,false,0.873351
3809,7776,true,0.65996
3809,7988,true,0.213122
3809,17209,false,0.532021
3809,58011,false,0.779834
3809,59395,false,0.775337
3810,7700,true,0.792902
3810,13232,false,0.069992
3810,25541,false,0.652892
3810,26544,false,0.136186
3812,7009,true,0.264606
3812,15126,false,0.676747
3812,49677,false,0.831832
3812,57812,false,0.986557
3813,36385,false,0.885242
3814,7504,true,0.342096
3814,23698,false,0.251643
3814,40109,false,0.892191
3814,42671,false,0.4215
3815,13675,false,0.678521
3815,18303,false,0.106825
3815,50789,false,0.211054
3816,7172,true,0.395037
3816,7522,true,0.21542
3816,18551,false,0.699054
3816,25294,false,0.784698
3817,59794,false,0.451919
3818,7968,true,0.25677
3818,50025,false,0.919989
3818,50958,false,0.456489
3819,21964,false,0.526355
3819,23074,false,0.6402
3819,50674,false,0.844944
3819,58687,false,0.514884
3820,7741,true,0.707025
3820,50246,false,0.842528
3821,15834,false,0.786681
3821,56958,false,0.717996
3822,7530,true,0.986919
3822,13833,false,0.064852
3822,19754,false,0.890094
3822,48401,false,0.991131
3822,56003,false,0.3083
3823,27414,false,0.937642
3823,35023,false,0.693116
3823,51010,false,0.982824
3824,14183,false,0.75741
3824,24557,false,0.743338
3824,26778,false,0.643578
3824,28456,false,0.645778
3824,34286,false,0.579603
3824,49393,false,0.096833
3824,51134,false,0.141313
3825,25343,false,0.893638
3826,25644,false,1.020653
3826,43925,false,0.466411
3827,50527,false,0.01569
3828,30884,false,0.678388
3828,31085,false,0.581099
3828,58655,false,0.246193
3830,40138,false,0.762141
3830,45654,false,0.523782
3830,56161,false,0.911016
3830,56799,false,0.766509
3831,19256,false,0.195692
3831,34501,false,0.1042
3831,58047,false,0.736347
3832,26943,false,0.501455
3832,34699,false,0.637235
3833,53840,false,0.993525
3834,13759,false,0.288849
3834,43658,false,0.055063
3836,12793,false,0.896797
3836,36303,false,0.003642
3836,43683,false,0.958323
3836,45518,false,0.912072
3836,52718,false,0.537391
3837,46024,false,0.467087
3838,32022,false,0.084852
3838,51913,false,0.695689
3839,56795,false,0.102787
3840,10330,false,0.270969
3840,30875,false,0.729395
3840,43511,false,0.973189
3840,51759,false,0.53924
3841,12721,false,0.181816
3841,19872,false,0.093089
3841,39849,false,0.547085
3842,43025,false,0.139011
3843,15691,false,0.14996
3843,24769,false,0.952723
3843,29961,false,0.598811
3843,32067,false,0.124719
3844,17553,false,0.336401
3844,30669,false,0.770982
3845,10873,false,0.533467
3845,37010,false,0.411326
3846,27794,false,0.178262
3846,50579,false,0.628076
3846,55041,false,0.854153
3848,21618,false,0.505231
3848,54812,false,0.236207
3849,14796,false,0.917783
3849,36217,false,0.713312
3850,26464,false,0.305829
3850,44086,false,0.939581
3850,56477,false,0.130806
3851,24198,false,0.131193
3853,27789,false,0.848258
3853,34866,false,0.148704
3853,40058,false,0.337586
3855,20748,false,0.413471
3855,23530,false,0.684673
3855,46126,false,0.845008
3856,31394,false,0.14362
3857,21075,false,0.445271
3857,31329,false,0.082996
3858,14716,false,0.267609
3858,30252,false,0.55837
3858,44236,false,0.497718
3859,28019,false,0.632874
3859,55204,false,0.108202
3859,59246,false,0.286945
3860,22194,false,0.681525
3860,29940,false,0.973669
3860,35455,false,0.529368
3860,43210,false,0.342117
3860,44704,false,0.453903
3860,59316,false,0.543476
3861,47219,false,0.015112
3862,30860,false,0.264204
3866,17092,false,0.956264
3866,57953,false,0.378349
3867,50826,false,0.635761
3868,17480,false,0.737469
3869,25317,false,0.339613
3869,30988,false,0.490112
3870,22186,false,0.518959
3870,24247,false,0.940026
3870,32981,false,0.5672
3871,53257,false,0.253801
3871,56183,false,0.398405
3872,27279,false,0.808788
3872,28877,false,0.286826
3873,10920,false,0.32453
3874,15230,false,0.032423
3874,33627,false,0.807819
3875,48720,false,0.033266
3877,54598,false,0.110451
3878,11827,false,0.517876
3878,46389,false,0.513843
3879,16348,false,0.231013
3879,24543,false,0.594811
3879,34202,false,0.020184
3879,42498,false,0.911857
3879,56471,false,0.44178
3879,58866,false,0.010139
3880,30453,false,0.225314
3880,33485,false,0.758918
3880,52477,false,1.007853
3880,57122,false,0.549714
3881,18816,false,0.387596
3881,46281,false,0.654924
3882,27562,false,0.781903
3882,41238,false,0.798266
3883,33682,false,0.362251
3884,30530,false,0.88569
3884,34081,false,0.081217
3884,41276,false,0.779001
3885,34345,false,0.384944
3887,11630,false,0.822879
3887,12503,false,0.528868
3887,15898,false,0.837335
3887,46782,false,0.421119
3888,21676,false,0.052536
3888,22144,false,0.575281
3889,14115,false,0.079245
3889,26900,false,0.405832
3889,56990,false,0.609817
3890,25305,false,0.468267
3890,52395,false,0.917094
3891,22917,false,0.096112
3891,33905,false,0.123666
3891,46435,false,0.71416
3891,53740,false,0.460468
3892,7189,true,0.369708
3892,7457,true,0.251266
3892,11393,false,0.28662
3893,19120,false,0.737239
3893,27415,false,0.029673
3893,58218,false,0.341604
3894,16727,false,0.325763
3895,31713,false,0.94184
3895,33415,false,0.27742
3895,40087,false,0.596728
3896,17136,false,0.872919
3896,26267,false,0.657908
3896,27544,false,0.102505
3896,33138,false,0.995029
3896,41304,false,0.262338
3897,26247,false,0.818273
3898,49182,false,0.326428
3899,13479,false,0.546469
3899,13678,false,0.990455
3899,40144,false,0.497451
3899,40396,false,0.700603
3899,40614,false,0.412135
3900,37684,false,0.962875
3900,47647,false,0.127033
3901,23162,false,0.631019
3901,43208,false,0.695068
3901,47751,false,0.353908
3902,22628,false,0.092743
3902,29612,false,0.067007
3902,46150,false,0.416507
3902,46774,false,0.214812
3903,46454,false,0.317567
3904,32670,false,0.892166
3905,31484,false,0.301664
3906,15901,false,0.799845
3906,22866,false,0.211325
3906,54099,false,0.109146
3908,18662,false,0.257947
3908,38347,false,0.582645
3909,16607,false,0.336777
3909,22673,false,0.251423
3909,26720,false,0.133957
3909,49790,false,0.202848
3909,55964,false,0.454741
3910,27430,false,0.532086
3910,52461,false,0.035975
3910,59410,false,0.9298
3911,53697,false,0.673944
3912,34358,false,0.238471
3912,42919,false,0.915643
3913,20282,false,0.767134
3913,26386,false,0.14421
3913,47832,false,0.081351
3913,55626,false,0.767437
3915,18657,false,0.090422
3916,16747,false,0.593131
3917,23342,false,0.803651
3917,56784,false,0.278201
3918,28107,false,0.958622
3918,29903,false,0.490784
3918,45415,false,0.360626
3918,46963,false,0.375687
3918,47123,false,0.725196
3919,20405,false,0.574643
3919,23218,false,0.859077
3920,26372,false,0.345376
3920,48339,false,0.904014
3921,31979,false,0.346668
3921,33784,false,0.371923
3921,39623,false,0.994143
3921,44394,false,0.324493
3921,48747,false,0.918184
3922,34500,false,0.854704
3922,46723,false,0.424912
3923,18564,false,0.402952
3923,29213,false,0.910482
3923,46945,false,0.532438
3923,53026,false,0.18301
3924,33859,false,0.857245
3925,13709,false,0.996075
3925,22052,false,1.020112
3925,51432,false,0.450094
3926,16933,false,0.390562
3927,17742,false,0.062621
3928,25129,false,0.213072
3928,44559,false,0.892863
3928,48730,false,0.48416
3928,55857,false,0.091466
3929,17157,false,0.099226
3929,22330,false,0.783551
3929,45940,false,0.628429
3929,50956,false,0.956903
3931,20227,false,0.490196
3931,39417,false,0.761857
3931,56780,false,0.791275
3932,11440,false,0.799525
3932,30897,false,0.216716
3933,29548,false,0.854466
3933,49588,false,0.7385
3933,57128,false,0.30376
3934,43052,false,0.762467
3934,48983,false,0.93897
3934,54866,false,0.033722
3935,33883,false,0.948339
3936,16509,false,0.434688
3936,18741,false,0.482067
3936,30928,false,0.647821
3936,34800,false,0.185775
3936,46119,false,0.040339
3936,59741,false,0.515532
3937,11619,false,0.563202
3937,13623,false,0.985335
3937,15359,false,0.358623
3937,38723,false,0.712661
3937,38968,false,0.627792
3938,10575,false,0.56781
3938,11112,false,0.715997
3938,31700,false,0.887091
3938,32781,false,0.588401
3938,52111,false,0.874611
3939,11291,false,0.631459
3939,15630,false,0.053973
3939,19936,false,0.371578
3939,32999,false,0.384327
3939,37901,false,0.300131
3939,45376,false,0.945705
3940,33236,false,0.482447
3940,49049,false,1.010175
3941,24702,false,0.249045
3941,38059,false,0.08694
3942,40929,false,0.193164
3942,55722,false,0.280785
3943,16682,false,0.323058
3944,10234,false,0.663326
3944,15965,false,0.282499
3945,15161,false,0.928127
3945,34325,false,0.372488
3945,40555,false,0.771199
3946,19392,false,0.028661
3946,39816,false,0.312297
3946,43356,false,0.454382
3947,7264,true,0.633766
3947,17776,false,0.202204
3947,54938,false,0.63026
3948,7321,true,0.500319
3949,7191,true,0.120227
3949,7595,true,0.585985
3949,26498,false,0.685195
3949,32250,false,0.451779
3949,40394,false,0.975656
3949,51501,false,0.644037
3949,52531,false,0.305728
3950,7267,true,0.037221
3950,7612,true,0.042415
3950,29807,false,0.703847
3951,50416,false,0.583439
3953,25079,false,0.765275
3954,33159,false,0.503463
3954,44207,false,0.807396
3954,46989,false,0.076909
3955,34397,false,0.209451
3955,56237,false,0.79386
3956,7103,true,0.162177
3956,21292,false,0.553951
3956,39733,false,0.454834
3956,55970,false,0.630693
3956,57619,false,0.689024
3957,7350,true,0.501952
3957,26585,false,0.594587
3957,36736,false,0.25623
3958,7884,true,0.843729
3958,7896,true,0.209624
3958,25281,false,0.610568
3959,7666,true,0.479375
3959,7944,true,0.575251
3959,25559,false,0.263801
3959,52044,false,0.367201
3960,16588,false,0.601057
3960,22010,false,0.634782
3960,33510,false,0.696405
3960,44678,false,0.496745
3961,41158,false,0.042957
3962,14148,false,0.814768
3963,12261,false,0.319411
3963,33137,false,0.414709
3964,28361,false,0.318065
3964,37350,false,0.262522
3965,28911,false,0.831271
3965,44110,false,0.50198
3966,20514,false,0.490349
3967,33362,false,0.491496
3968,16781,false,0.650163
3968,31578,false,0.354104
3968,41628,false,0.059469
3969,32541,false,0.832522
3969,51103,false,0.178387
3969,57767,false,0.82121
3970,7690,true,0.900508
3971,23833,false,0.663321
3971,47825,false,0.753019
3971,58496,false,0.096948
3972,18960,false,0.685504
3972,20817,false,0.237699
3972,21883,false,0.718676
3973,7307,true,0.421416
3974,15104,false,0.47392
3974,27449,false,0.310474
3975,24033,false,0.925176
3975,31725,false,0.906741
3975,33772,false,0.297031
3975,47447,false,0.282211
3976,7013,true,0.783596
3976,7603,true,0.29982
3976,41326,false,0.843799
3977,7048,true,0.132643
3977,20276,false,0.968407
3977,47120,false,0.732015
3978,7101,true,0.918379
3978,7351,true,0.749486
3978,33388,false,0.856655
3978,38511,false,0.046576
3979,7426,true,0.783565
3979,7616,true,0.455088
3979,13689,false,0.287533
3979,14621,false,0.677898
3979,17994,false,0.219031
3979,19105,false,0.814824
3979,27917,false,0.05895
3979,53441,false,0.273032
3980,7581,true,0.286688
3980,7982,true,0.001737
3980,26581,false,0.497887
3981,7575,true,0.691461
3981,17418,false,0.705246
3982,7424,true,0.747994
3982,7778,true,0.002785
3983,28339,false,0.339019
3983,52133,false,0.390289
3983,53444,false,0.384523
3984,7278,true,0.355545
3984,7728,true,0.026906
3984,28274,false,0.975563
3984,42595,false,0.979824
3985,16919,false,0.791234
3985,37533,false,0.503795
3985,40677,false,0.820816
3985,45398,false,0.262767
3986,7636,true,0.23391
3986,7742,true,0.467811
3986,29023,false,0.150348
3987,13258,false,0.283589
3987,31994,false,0.087741
3987,34534,false,0.762145
3988,7761,true,0.40115
3988,28502,false,0.850124
3989,20270,false,0.387514
3990,7421,true,0.908154
3990,57097,false,0.704639
3991,36277,false,0.285702
3992,27000,false,0.844226
3992,41777,false,0.379449
3992,58174,false,0.073916
3993,7493,true,0.81258
3993,7518,true,0.944778
3993,25934,false,0.138476
3993,44240,false,0.051484
3993,55057,false,0.663183
3994,7198,true,0.014702
3994,20789,false,1.013903
3994,33184,false,0.113322
3994,46700,false,0.082388
3995,7265,true,0.512575
3995,7536,true,0.324801
3995,10560,false,0.109744
3995,16042,false,0.867928
3995,35940,false,0.562026
3995,59210,false,0.72563
3996,22056,false,0.913099
3997,50364,false,0.299646
3997,53047,false,0.018193
3997,58688,false,0.078761
3998,7912,true,0.549588
3998,57722,false,0.146621
3999,26412,false,0.08479
3999,37650,false,0.113388
3999,42711,false,0.284416
4000,20824,false,0.868463
4000,24512,false,0.786696
4001,34378,false,0.830856
4003,7376,true,0.172335
4003,34455,false,1.006477
4003,43867,false,0.94347
4003,52151,false,0.197873
4004,7162,true,0.281841
4004,7297,true,0.621476
4004,41321,false,0.349324
4004,47106,false,0.087118
4005,7167,true,0.315226
4005,11379,false,0.507736
4006,19401,false,0.92934
4006,54874,false,0.613293
4006,55028,false,0.150413
4007,15368,false,0.391191
4007,41372,false,0.743549
4008,32137,false,0.956807
4009,32927,false,0.079252
4010,27421,false,0.051767
4011,19196,false,0.846767
4011,24246,false,0.419051
4011,39632,false,0.143518
4011,59205,false,0.082962
4013,7053,true,0.143373
4014,7241,true,0.296852
4014,54113,false,0.175904
4015,11661,false,0.296062
4015,17445,false,0.936201
4016,13303,false,0.287363
4017,7398,true,0.604522
4017,10142,false,0.49892
4017,34969,false,0.636087
4017,40026,false,0.650582
4018,7559,true,0.117679
4018,12052,false,0.013113
4018,17345,false,0.664503
4018,25241,false,0.711446
4018,46464,false,0.55783
4018,54228,false,0.962496
4019,7056,true,0.299683
4019,12483,false,0.371442
4019,28373,false,0.381932
4019,42242,false,0.019054
4020,14993,false,0.381305
4020,25410,false,0.821182
4020,58928,false,0.913877
4022,11733,false,0.780895
4022,11958,false,0.308431
4022,52490,false,0.83402
4023,21006,false,0.116053
4023,31079,false,0.153403
4023,38367,false,0.859166
4023,47475,false,0.335591
4024,46900,false,0.825713
4024,59349,false,0.101328
4025,7185,true,0.727049
4025,7200,true,0.975591
4025,7654,true,0.549938
4025,11202,false,0.462936
4025,52882,false,0.772766
4025,59399,false,0.170773
4026,7237,true,0.539877
4026,7777,true,0.537612
4026,51311,false,0.16185
4027,24661,false,0.230365
4027,36192,false,0.80584
4027,58393,false,0.460043
4028,7652,true,0.434614
4028,7771,true,0.415528
4028,30100,false,0.236373
4028,32873,false,0.820523
4028,56087,false,0.355753
4029,7102,true,0.724332
4029,46197,false,0.32013
4030,7134,true,0.494242
4030,19909,false,0.965964
4030,28197,false,0.223039
4031,7387,true,0.137473
4031,13776,false,0.415235
4031,18963,false,0.264592
4031,20633,false,0.044722
4031,23439,false,0.353668
4031,27272,false,0.952877
4032,7018,true,0.367223
4032,7731,true,0.856246
4032,12204,false,0.941038
4032,13386,false,0.643047
4032,41015,false,0.044261
4032,42391,false,0.403638
4032,48571,false,0.532634
4032,50442,false,0.447112
4033,7347,true,0.317705
4033,11128,false,0.755184
4034,7620,true,0.85846
4034,49891,false,0.511737
4035,37352,false,0.396276
4035,46074,false,0.117633
4035,49772,false,0.91482
4036,33962,false,1.051906
4036,41434,false,0.11999
4036,49868,false,0.950282
4037,39169,false,0.368837
4038,7099,true,0.544756
4038,7190,true,0.901037
4038,40255,false,0.559449
4038,42918,false,0.735483
4039,7305,true,0.210133
4039,7743,true,0.467646
4039,18179,false,0.153939
4039,18971,false,0.650491
4039,27942,false,0.877394
4040,7306,true,0.059239
4040,7921,true,0.776097
4040,38095,false,0.716181
4041,14114,false,0.415082
4041,22085,false,0.417778
4041,43099,false,0.202155
4042,7662,true,0.695311
4042,7715,true,0.613334
4042,24077,false,0.522627
4042,48373,false,0.550544
4043,13424,false,0.210182
4043,17580,false,0.966362
4044,7675,true,0.774643
4044,7866,true,0.470512
4044,42508,false,0.103729
4044,49398,false,0.293738
4045,7310,true,0.671726
4045,7876,true,0.893887
4046,7323,true,0.140786
4046,7759,true,0.282713
4046,7840,true,0.79836
4046,34689,false,0.724415
4047,35847,false,0.50893
4047,46232,false,0.595671
4048,7410,true,0.282647
4048,12837,false,0.672821
4048,14250,false,0.313103
4048,17045,false,0.192685
4048,39920,false,0.905752
4048,51303,false,0.157329
4049,7329,true,0.052914
4049,17563,false,0.328347
4050,7143,true,0.382829
4050,22832,false,0.780163
4050,45384,false,0.680065
4051,7367,true,0.952835
4051,7683,true,0.139145
4051,28304,false,0.925465
4051,45784,false,0.367383
4052,20101,false,0.908861
4052,21011,false,0.659293
4052,29915,false,0.050165
4052,31134,false,0.948656
4052,31675,false,0.436929
4052,47617,false,0.451872
4052,52740,false,0.18546
4052,55724,false,0.672072
4053,13987,false,0.509895
4053,35061,false,0.559436
4053,45700,false,0.977266
4053,47450,false,0.032843
4053,53849,false,0.623648
4053,56417,false,0.121305
4053,56794,false,0.789275
4054,32625,false,0.018771
4055,18539,false,0.891465
4056,7476,true,0.557239
4056,7881,true,0.251834
4056,11117,false,0.456261
4056,28742,false,0.957169
4056,50250,false,0.650808
4056,56075,false,0.776396
4057,7485,true,0.433971
4058,7035,true,0.505203
4058,7769,true,0.362182
4059,7817,true,0.150801
4059,23339,false,0.486099
4059,31612,false,0.463338
4059,40402,false,0.594472
4059,48096,false,0.030203
4059,50517,false,0.335372
4060,7990,true,0.213858
4060,23699,false,0.76106
4060,30240,false,0.490865
4061,7808,true,0.668969
4061,7985,true,0.514809
4061,19021,false,0.778105
4061,21706,false,0.707796
4061,48675,false,0.893106
4062,7794,true,0.986156
4062,39646,false,0.53019
4063,54742,false,0.747071
4064,7074,true,0.85834
4064,7619,true,0.379524
4064,7975,true,0.447749
4064,28134,false,0.477681
4064,29106,false,0.533775
4064,53141,false,0.222798
4065,7079,true,0.17106
4065,7609,true,0.613992
4065,38276,false,0.836702
4066,7611,true,0.888252
4066,21639,false,0.581092
4066,30712,false,0.962466
4066,43454,false,0.181681
4066,45139,false,0.832335
4067,17208,false,0.992431
4067,38630,false,0.359924
4067,58953,false,0.234749
4068,7964,true,0.255437
4068,15238,false,0.720456
4068,19873,false,0.023167
4068,25432,false,0.220568
4069,7094,true,0.322709
4069,7386,true,0.224907
4069,7882,true,0.70472
4069,53341,false,0.917884
4069,58842,false,0.744202
4070,7453,true,0.435955
4070,59774,false,0.106781
4071,7107,true,0.132853
4071,46568,false,0.590434
4071,56238,false,0.396836
4072,34683,false,0.449528
4072,36808,false,0.113458
4072,49741,false,0.460273
4073,7545,true,0.979659
4073,7711,true,0.178301
4073,21362,false,0.433962
4074,7285,true,0.525605
4074,53948,false,0.969393
4074,56244,false,0.647038
4075,7034,true,0.088714
4075,54574,false,0.530476
4075,59333,false,0.366144
4076,7176,true,0.883832
4076,11305,false,0.403142
4076,19647,false,0.086512
4076,39677,false,0.979225
4077,52914,false,0.058548
4078,7992,true,0.940208
4078,52416,false,0.157129
4080,30428,false,0.457117
4080,51870,false,0.703936
4081,10806,false,0.165847
4081,51003,false,0.070071
4082,23743,false,0.220404
4082,36118,false,0.2787
4082,45858,false,0.608098
4083,30680,false,0.433997
4084,11428,false,0.161807
4084,33729,false,0.975717
4084,52010,false,0.780409
4085,43854,false,0.774468
4085,45263,false,0.225552
4086,10929,false,0.210554
4086,14937,false,1.013893
4086,19865,false,0.536467
4086,26693,false,0.506339
4086,38914,false,0.477785
4086,45210,false,0.029348
4086,59676,false,0.900261
4087,39865,false,0.458663
4088,20020,false,0.32276
4088,35838,false,0.302607
4089,18794,false,0.0501
4089,23366,false,0.880931
4089,29966,false,0.163073
4089,53794,false,0.39161
4090,18651,false,0.572445
4090,30760,false,0.594173
4090,39100,false,0.817857
4090,39459,false,0.84806
4091,20986,false,0.334657
4092,36359,false,0.914314
4092,37737,false,0.708303
4093,36338,false,0.688271
4094,23272,false,0.75768
4094,38574,false,0.720865
4094,42864,false,0.039358
4096,7089,true,0.102409
4096,41403,false,0.29161
4096,58161,false,0.589188
4097,33345,false,0.512289
4098,49970,false,0.720597
4099,26564,false,0.471713
4099,40895,false,0.081701
4100,7364,true,0.887937
4100,7757,true,0.386308
4100,50853,false,0.753608
4101,7625,true,0.660389
4101,27178,false,0.049841
4102,32087,false,0.055845
4102,56265,false,0.433152
4103,19645,false,0.846957
4103,34119,false,0.76832
4104,7159,true,0.01093
4104,32808,false,0.027917
4104,33461,false,0.786355
4104,50785,false,0.518254
4105,28548,false,0.481316
4105,55982,false,0.065613
4106,7512,true,0.132724
4106,33921,false,0.622578
4106,45809,false,0.88727
4107,7180,true,0.516112
4107,14614,false,0.420231
4107,21107,false,0.036349
4108,7448,true,0.466184
4108,7557,true,0.326722
4108,11781,false,0.538853
4108,22260,false,0.29126
4108,22762,false,0.986675
4108,51648,false,0.281139
4109,7042,true,0.758941
4109,45392,false,0.042127
4110,12879,false,0.846019
4110,18499,false,0.469821
4110,26505,false,0.127482
4111,7187,true,0.475224
4111,19855,false,0.974808
4111,31609,false,0.156226
4111,34348,false,0.388641
4111,35410,false,0.660973
4111,42623,false,0.868104
4112,7472,true,0.961084
4112,7680,true,0.615836
4112,25486,false,0.558614
4112,38439,false,0.622391
4112,38969,false,0.599791
4112,43323,false,0.25761
4112,50875,false,0.308904
4113,19930,false,0.596645
4113,46382,false,0.369332
4114,7404,true,0.519899
4114,12839,false,0.290059
4114,55662,false,0.223227
4115,27103,false,0.202443
4115,50468,false,0.283834
4115,52958,false,0.859717
4116,18582,false,0.475773
4116,26633,false,0.503732
4116,30137,false,0.395123
4116,42540,false,0.474627
4117,7199,true,0.529125
4117,7624,true,0.758251
4117,31957,false,0.491418
4118,7368,true,0.198131
4118,47518,false,0.757886
4118,54203,false,0.831311
4118,58854,false,0.501276
4119,7108,true,0.053365
4119,30744,false,0.305959
4119,40412,false,0.054173
4120,7848,true,0.46695
4120,30889,false,0.488723
4120,43816,false,0.516887
4120,55678,false,0.171626
4121,7940,true,0.369724
4121,15825,false,0.602134
4121,29039,false,0.348221
4121,49956,false,0.441924
4121,54033,false,0.996617
4122,7201,true,0.827805
4122,7781,true,0.770965
4122,7833,true,0.767205
4122,15110,false,0.833164
4122,16119,false,0.810414
4122,18568,false,0.097349
4122,21266,false,0.672332
4123,31727,false,0.510569
4123,58351,false,0.251102
4124,28374,false,0.616853
4124,47796,false,0.182418
4124,49753,false,0.383318
4124,49770,false,0.240562
4124,53682,false,0.354101
4125,34027,false,0.513719
4125,37275,false,0.311356
4125,56994,false,0.83271
4126,7599,true,0.99848
4126,35329,false,0.02923
4126,42356,false,0.889902
4127,7031,true,0.036254
4127,7830,true,0.416371
4127,53346,false,0.423124
4128,7494,true,0.579297
4128,7685,true,0.249918
4128,41157,false,0.171875
4128,55953,false,0.706887
4129,7012,true,0.660452
4129,7812,true,0.17969
4129,7841,true,0.798625
4129,39939,false,0.26071
4129,42463,false,0.203803
4129,47486,false,0.861953
4129,50630,false,0.851887
4130,7835,true,0.280141
4130,13133,false,0.190003
4130,28217,false,1.014298
4130,28223,false,0.441356
4130,50898,false,0.10481
4130,54025,false,0.859871
4131,7135,true,0.185943
4131,27885,false,0.262313
4132,57597,false,0.274859
4133,16536,false,0.3422
4133,25610,false,0.499586
4133,42296,false,0.127427
4133,47069,false,0.490593
4133,52034,false,0.0948
4134,7029,true,0.633482
4134,46021,false,0.738642
4134,48266,false,0.373797
4134,58691,false,0.578432
4135,7834,true,0.99415
4135,7838,true,0.232317
4135,28192,false,1.006908
4135,41954,false,0.179907
4135,52904,false,0.083475
4136,7300,true,0.954349
4136,10247,false,0.942141
4137,7226,true,0.553855
4137,13708,false,0.219543
4137,17939,false,0.550677
4137,26385,false,0.91932
4138,49445,false,0.819579
4138,51167,false,0.214003
4138,53791,false,0.909972
4140,7409,true,0.285659
4140,16287,false,0.836411
4140,44739,false,0.621258
4141,38560,false,0.030205
4141,48416,false,0.281222
4141,49607,false,0.986115
4142,7608,true,0.276741
4142,17286,false,0.146611
4142,18021,false,0.89356
4144,7606,true,0.73299
4144,7877,true,0.384271
4144,16430,false,0.869187
4144,36065,false,0.91537
4144,50152,false,0.875744
4145,20627,false,0.806146
4146,7151,true,0.454935
4146,20642,false,0.551843
4146,23480,false,0.089251
4146,36437,false,0.033201
4146,52985,false,0.939933
4147,7505,true,0.349207
4147,28774,false,0.375408
4148,32569,false,0.585123
4148,54540,false,0.506404
4149,43378,false,0.3365
4150,7674,true,0.244825
4150,10130,false,0.81661
4150,18228,false,0.130076
4150,32531,false,0.836909
4150,42617,false,0.996567
4150,48721,false,0.390054
4151,7873,true,0.845705
4151,50300,false,0.854585
4151,51421,false,0.852799
4152,7341,true,0.918883
4152,26841,false,0.025745
4152,29844,false,0.469747
4152,44180,false,0.022948
4152,49366,false,0.825438
4152,58788,false,0.84939
4153,39903,false,0.744698
4153,46680,false,1.005961
4153,53180,false,0.056404
4154,10187,false,0.988985
4154,50200,false,0.920314
4154,52593,false,0.397176
4155,7627,true,0.963868
4155,11503,false,0.132065
4155,34040,false,0.024515
4155,38733,false,0.606502
4155,48358,false,0.882877
4156,25806,false,0.83875
4156,30927,false,0.010325
4156,55565,false,0.767781
4157,7315,true,0.164542
4157,7644,true,0.291946
4157,16922,false,0.940249
4157,24697,false,0.602751
4157,59989,false,0.333824
4159,12671,false,0.397744
4159,46006,false,0.31153
4160,15388,false,0.355233
4160,37494,false,0.587464
4161,7068,true,0.587571
4161,7474,true,0.248384
4161,10371,false,0.538931
4161,39648,false,0.488415
4162,7250,true,0.158324
4162,17511,false,0.185879
4162,52465,false,1.006379
4163,17276,false,0.309352
4163,35521,false,0.68166
4163,40299,false,0.306407
4163,50569,false,0.313605
4163,57997,false,0.610431
4164,15665,false,0.233825
4164,19079,false,0.482716
4164,39844,false,0.693954
4164,52159,false,0.02024
4165,25364,false,0.179071
4165,37889,false,0.553138
4165,48239,false,0.261717
4165,53619,false,0.258009
4166,7532,true,0.218568
4166,7713,true,0.347805
4166,27764,false,0.354945
4167,15682,false,0.506614
4167,31450,false,0.3744
4168,7949,true,0.125503
4168,21054,false,0.514452
4169,7976,true,0.704275
4170,43616,false,0.257249
4171,7839,true,0.292063
4172,14035,false,0.937254
4172,50429,false,0.743887
4172,56421,false,0.682091
4173,7717,true,0.430947
4173,15781,false,0.512031
4173,16101,false,0.069984
4173,32933,false,0.774892
4173,45859,false,0.084795
4174,10825,false,0.328867
4174,39117,false,0.552787
4175,7429,true,0.860584
4175,7925,true,0.707364
4175,24469,false,0.188421
4175,55513,false,0.568809
4175,58036,false,0.168189
4176,7578,true,1.026561
4177,18479,false,0.913881
4177,57609,false,0.333173
4177,57889,false,0.675715
4179,46438,false,0.59673
4180,7113,true,0.398576
4180,7533,true,0.810473
4180,52165,false,0.41906
4180,54392,false,0.729146
4181,18470,false,0.32461
4181,31919,false,0.193577
4182,13924,false,0.368851
4182,26430,false,0.022799
4182,28430,false,0.218512
4183,7696,true,0.779238
4183,30347,false,0.042569
4183,31526,false,0.862166
4184,20069,false,0.428339
4184,20946,false,0.127441
4184,46584,false,0.09341
4185,26272,false,0.551739
4185,34914,false,0.801692
4185,55318,false,0.224256
4185,58258,false,0.968604
4186,25932,false,0.084661
4186,36832,false,0.90303
4186,46266,false,0.447322
4186,47951,false,0.527871
4187,10343,false,0.874334
4187,14632,false,0.768226
4187,16655,false,0.024702
4187,17586,false,0.426061
4188,7501,true,0.555
4188,7869,true,0.069304
4189,11392,false,0.760706
4189,30280,false,0.559808
4189,37619,false,0.442646
4189,40857,false,0.361635
4190,7219,true,0.711635
4190,40663,false,0.292089
4191,7521,true,0.233651
4192,7632,true,0.542701
4192,20499,false,0.212136
4192,57648,false,0.379341
4193,55508,false,0.036717
4194,20803,false,0.002756
4194,27299,false,0.25042
4195,7095,true,0.226713
4195,29703,false,0.937614
4195,36730,false,0.718487
4195,56097,false,0.939985
4196,12781,false,0.878858
4196,32806,false,0.81576
4196,37518,false,0.02668
4197,7802,true,0.732238
4197,11510,false,0.208145
4197,14812,false,0.169564
4197,52073,false,0.140503
4198,18320,false,0.061881
4199,11316,false,0.322241
4199,16812,false,0.411976
4199,21919,false,1.007057
4199,28520,false,0.4075
4199,48310,false,0.438398
4200,7519,true,0.567724
4200,26373,false,0.849935
4201,7461,true,0.307062
4201,7953,true,0.179099
4201,29251,false,0.534499
4202,11586,false,0.838984
4203,13362,false,0.638182
4203,27330,false,0.462528
4203,28738,false,0.099975
4203,34351,false,0.035387
4203,38064,false,0.799822
4204,19285,false,0.985979
4204,52301,false,0.428826
4204,53306,false,0.414943
4205,51610,false,0.054436
4205,52047,false,0.964202
4206,29227,false,0.895551
4207,28237,false,0.691046
4207,29378,false,0.864566
4207,39233,false,0.346096
4207,40105,false,0.440804
4207,43112,false,0.273839
4207,44757,false,0.875116
4208,10923,false,0.697727
4208,48307,false,0.981855
4210,34937,false,0.926159
4210,49210,false,0.199162
4211,18969,false,0.848057
4211,22393,false,0.474412
4211,29801,false,0.029746
4211,58623,false,0.460678
4212,31744,false,0.098242
4213,13814,false,0.470905
4213,16515,false,0.646603
4213,17368,false,0.368731
4213,48858,false,0.904422
4214,18853,false,0.257013
4214,37651,false,0.866846
4214,56082,false,0.507235
4215,23209,false,0.732734
4215,35519,false,0.511744
4215,40158,false,0.613585
4216,20201,false,0.91847
4216,26182,false,0.162456
4216,31432,false,0.225566
4217,13338,false,0.274475
4217,35458,false,0.885233
4217,59583,false,0.932146
4219,12804,false,0.261432
4219,22177,false,0.750099
4219,43829,false,0.161971
4219,52561,false,0.772401
4220,20581,false,0.512114
4220,38869,false,0.048824
4220,44026,false,0.186129
4220,52287,false,0.002343
4220,53267,false,0.123099
4221,11684,false,0.822691
4222,20813,false,0.791827
4222,40383,false,0.365426
4222,46329,false,0.684456
4224,56302,false,0.789237
4225,15767,false,0.893879
4225,23282,false,0.252946
4225,25242,false,0.543083
4225,30011,false,0.765538
4226,26496,false,0.466745
4226,40649,false,0.03817
4227,16065,false,0.942085
4227,45582,false,0.695257
4228,18874,false,0.347527
4228,23210,false,0.947585
4228,32993,false,0.222769
4228,38929,false,0.764145
4228,59655,false,0.123848
4229,32760,false,0.832688
4229,34484,false,0.806546
4229,51630,false,0.957906
4230,10433,false,0.008392
4230,12640,false,0.269942
4230,15198,false,0.200287
4230,26190,false,0.865258
4231,44921,false,0.592192
4232,18465,false,0.189554
4232,40631,false,0.015244
4233,40723,false,0.271909
4234,39429,false,0.04885
4234,52869,false,0.394529
4234,57274,false,0.484222
4235,12030,false,0.850347
4235,18987,false,0.299211
4235,50985,false,0.273513
4235,59517,false,0.682651
4236,7649,true,0.082583
4236,10135,false,0.30672
4236,36323,false,0.702546
4237,7775,true,0.329054
4237,15660,false,0.717386
4238,7469,true,0.167654
4238,26194,false,0.612338
4238,30135,false,0.077719
4238,35844,false,0.485825
4238,46511,false,0.033516
4238,52756,false,0.993218
4239,7164,true,0.636167
4239,23534,false,0.399377
4239,34991,false,0.436248
4239,41496,false,0.194996
4240,11444,false,0.359948
4240,37974,false,0.571271
4240,51481,false,0.650368
4241,7597,true,0.825982
4241,39211,false,0.474527
4241,44438,false,0.861605
4242,7574,true,0.186442
4242,12290,false,0.445527
4242,34264,false,0.571121
4242,36738,false,0.035296
4243,7917,true,0.51843
4243,44676,false,0.258134
4244,7284,true,0.857578
4244,14330,false,0.004506
4244,38753,false,0.387339
4245,25835,false,0.968212
4246,29117,false,0.411021
4247,7854,true,0.521264
4247,11240,false,0.02536
4247,13968,false,0.090992
4247,44406,false,0.179456
4247,48551,false,0.914348
4247,59213,false,0.529666
4248,7014,true,0.035389
4248,7942,true,0.424323
4248,19644,false,0.565334
4248,29799,false,0.61415
4248,32341,false,0.817321
4248,43221,false,0.648622
4248,50708,false,0.897249
4248,56016,false,0.601539
4249,7097,true,0.995381
4249,26411,false,0.203194
4249,31485,false,0.4535
4249,50317,false,0.076946
4250,41471,false,0.253501
4250,43536,false,0.952995
4250,53950,false,0.387247
4251,7067,true,0.646067
4251,17260,false,0.396224
4252,52568,false,0.157366
4253,16609,false,0.063413
4253,52688,false,0.189225
4254,12368,false,0.970502
4254,27149,false,0.344173
4254,36022,false,0.493753
4254,50401,false,0.171581
4254,58298,false,1.027914
4254,58549,false,0.109434
4255,58296,false,0.319686
4256,12968,false,0.232856
4257,14979,false,0.004723
4257,15147,false,0.822292
4257,28106,false,0.202776
4257,35292,false,0.388241
4257,36745,false,0.108551
4257,39189,false,0.676059
4259,37713,false,0.563928
4261,15191,false,0.57758
4261,58624,false,0.005109
4262,20689,false,0.272828
4262,26218,false,0.664998
4263,49911,false,0.096578
4264,14077,false,0.944052
4264,25133,false,0.485406
4264,37273,false,0.516232
4265,59278,false,0.018546
4266,25778,false,0.382646
4266,48158,false,0.776941
4267,28091,false,0.718992
4267,46708,false,0.878107
4268,18775,false,0.812216
4269,21546,false,0.365334
4269,27979,false,0.062252
4269,34552,false,0.093426
4269,43231,false,0.187042
4270,13660,false,0.184541
4270,14194,false,0.445314
4271,19032,false,0.229655
4271,24165,false,0.854965
4272,11417,false,0.154461
4272,46862,false,0.646927
4273,16483,false,1.008977
4274,15296,false,0.41955
4274,22650,false,0.227182
4274,30480,false,0.535464
4274,44598,false,0.21853
4275,32969,false,0.098349
4277,59872,false,1.004652
4278,26520,false,0.679472
4278,27017,false,0.802475
4278,30730,false,0.03213
4279,15400,false,0.270917
4279,32954,false,0.553372
4280,34660,false,0.077366
4280,57226,false,0.347121
4281,10041,false,0.099572
4281,47215,false,0.270627
4283,16251,false,0.70985
4283,24534,false,0.071619
4283,28691,false,0.612616
4283,38863,false,0.042033
4284,35408,false,0.68515
4284,53822,false,0.228247
4285,19788,false,0.500839
4286,21689,false,0.422087
4286,25831,false,0.889847
4286,44087,false,0.499541
4286,44519,false,0.6267
4287,36144,false,0.163041
4287,40407,false,0.515299
4288,14914,false,0.752362
4288,28308,false,0.887655
4288,32304,false,0.488407
4288,40717,false,0.007331
4289,18277,false,0.831975
4289,47678,false,0.142042
4289,54556,false,0.912243
4290,39234,false,0.783976
4290,57852,false,0.355736
4291,37175,false,0.731755
4292,16425,false,0.685254
4292,24655,false,0.661934
4293,13135,false,0.637512
4293,20856,false,0.465451
4293,49110,false,0.186365
4294,10274,false,0.306012
4294,21561,false,0.506109
4294,54806,false,0.011386
4295,7773,true,0.209505
4295,16388,false,0.821264
4295,20908,false,0.397712
4296,26810,false,0.598399
4296,27088,false,0.044994
4296,49008,false,0.976214
4296,54832,false,0.468595
4297,58726,false,0.98544
4298,17894,false,0.248705
4299,41547,false,0.73021
4299,43790,false,0.890859
4300,23507,false,0.967491
4300,30029,false,0.884481
4300,35989,false,0.593215
4301,11281,false,0.805501
4301,16524,false,0.57719
4301,19787,false,0.364425
4301,38786,false,0.205209
4301,40501,false,0.555385
4301,55055,false,0.674874
4302,27020,false,0.931861
4302,31937,false,0.101273
4303,17122,false,0.037645
4303,42252,false,0.26523
4304,20277,false,0.558936
4304,20551,false,0.730846
4304,44721,false,0.426838
4304,58422,false,0.971449
4305,17177,false,0.278667
4305,44036,false,0.268909
4306,11753,false,0.959301
4306,33874,false,0.11683
4307,41999,false,0.560798
4307,50941,false,0.715234
4307,53024,false,0.626113
4308,30521,false,0.4976
4308,47882,false,0.116083
4308,49773,false,0.244589
4309,49211,false,0.438148
4310,35100,false,0.340382
4312,22968,false,0.878592
4312,23446,false,0.601965
4312,58514,false,0.557701
4313,16246,false,0.576176
4313,41025,false,0.666364
4314,17199,false,0.243276
4314,45945,false,0.021259
4315,12956,false,0.965383
4315,13944,false,0.596393
4315,20925,false,0.55905
4315,43859,false,0.419345
4315,53524,false,0.407667
4317,11110,false,0.758135
4317,39297,false,0.690205
4317,40375,false,0.46419
4318,13990,false,0.603309
4318,18460,false,0.200031
4318,55779,false,0.024007
4318,59645,false,0.940645
4319,17175,false,0.491702
4319,33256,false,0.333033
4320,14798,false,0.166003
4320,16390,false,0.405394
4321,32995,false,0.986409
4321,38338,false,0.219605
4322,33265,false,0.670888
4322,53453,false,0.729501
4322,56146,false,0.149797
4324,19824,false,0.677634
4324,36261,false,0.166315
4325,32530,false,0.44703
4325,52548,false,0.691751
4326,53522,false,0.669454
4326,57160,false,0.041397
4327,32755,false,0.230847
4327,45124,false,0.067711
4328,20959,false,0.545215
4328,22409,false,0.152562
4328,30273,false,0.249446
4328,51214,false,0.952572
4328,51567,false,0.035597
4328,54809,false,0.254705
4329,7588,true,0.263393
4329,7671,true,0.39631
4329,7702,true,0.945416
4329,31151,false,0.674793
4329,36282,false,1.105259
4329,37548,false,0.996707
4329,48020,false,0.998587
4329,52062,false,0.710366
4329,56263,false,0.078409
4330,7473,true,0.007731
4330,40985,false,0.42741
4330,50039,false,0.582165
4331,7963,true,0.20275
4331,23416,false,0.780411
4331,32306,false,0.015856
4332,7136,true,0.496358
4332,37869,false,0.501788
4332,41788,false,0.177701
4333,7846,true,0.554852
4333,25192,false,0.575549
4334,7320,true,0.855545
4334,7735,true,0.973217
4334,12106,false,0.910733
4334,54764,false,0.386862
4335,56447,false,0.135672
4336,10508,false,0.701251
4336,16325,false,0.26385
4336,22436,false,0.633661
4336,39563,false,0.453172
4337,7820,true,0.072758
4337,37454,false,0.709962
4337,55630,false,0.920433
4338,7584,true,0.817122
4338,7614,true,0.59174
4338,56029,false,0.599527
4338,56626,false,0.275935
4338,58765,false,0.880636
4339,13108,false,0.56185
4339,16319,false,0.664473
4339,36733,false,0.880695
4339,48448,false,0.601559
4340,7549,true,0.192213
4340,19209,false,0.042563
4340,31382,false,1.013774
4340,32397,false,0.618676
4341,10726,false,0.181301
4341,19176,false,0.152625
4341,26959,false,0.367836
4342,32844,false,0.289883
4342,41710,false,0.958062
4342,50313,false,0.050533
4343,51786,false,0.45671
4344,7722,true,0.482747
4345,7926,true,0.671966
4345,21557,false,0.286121
4345,30941,false,0.098918
4345,34090,false,0.617101
4345,38517,false,0.875351
4345,49454,false,0.549636
4346,14397,false,0.852663
4346,14648,false,0.498083
4347,7269,true,0.142595
4347,7929,true,0.124932
4347,57294,false,0.306548
4348,7689,true,0.432284
4348,7853,true,0.205155
4348,51136,false,0.371
4349,23420,false,0.147842
4350,7842,true,0.87891
4350,27799,false,0.43269
4350,56143,false,0.772495
4351,13122,false,0.383999
4351,25255,false,0.2475
4351,25871,false,0.405069
4351,28143,false,0.401942
4351,44478,false,0.975844
4352,7339,true,0.696799
4352,26299,false,0.623519
4353,41033,false,0.997076
4353,49377,false,0.685122
4353,57731,false,0.228022
4355,47162,false,1.020675
4356,21828,false,0.021983
4357,13377,false,0.489479
4357,16751,false,0.215495
4357,48617,false,0.111057
4358,22466,false,0.155996
4359,14899,false,0.114915
4359,38222,false,0.955138
4360,29299,false,0.201407
4360,32101,false,0.717497
4360,37087,false,0.975159
4361,17955,false,0.77366
4361,21342,false,0.448034
4361,29675,false,0.566992
4361,43289,false,0.901158
4362,18457,false,0.96668
4362,39649,false,0.006975
4362,48959,false,0.447418
4362,56709,false,0.737091
4363,20795,false,0.535143
4363,25003,false,0.750928
4363,34785,false,0.207413
4363,34973,false,0.084842
4364,23201,false,0.943557
4364,34331,false,0.917685
4364,39422,false,0.336999
4365,17860,false,0.236469
4365,54923,false,0.151779
4365,57486,false,0.550001
4366,11697,false,0.432444
4366,24023,false,0.383778
4366,24383,false,0.795957
4366,25887,false,0.27608
4367,48038,false,0.051268
4368,7059,true,0.721372
4368,7142,true,1.005012
4368,7669,true,0.022276
4368,24720,false,0.132386
4368,47650,false,1.023857
4368,51251,false,0.537733
4369,14175,false,0.149095
4369,25728,false,0.56189
4370,34961,false,0.647457
4370,50888,false,0.292712
4371,25372,false,0.80136
4371,29513,false,0.606023
4372,15292,false,0.720372
4372,54936,false,0.547116
4373,27908,false,0.836851
4373,28925,false,0.017882
4373,36926,false,0.462731
4373,38629,false,0.067435
4373,41055,false,0.442745
4373,45154,false,0.116755
4374,7734,true,0.684559
4374,29459,false,0.413409
4375,18292,false,0.478606
4376,22277,false,0.961905
4377,39765,false,0.374767
4378,16658,false,0.581604
4378,38223,false,0.825279
4378,43524,false,0.567061
4378,56567,false,0.371532
4379,15127,false,0.709752
4379,26857,false,0.886512
4379,37679,false,0.354527
4379,44723,false,0.699895
4380,46095,false,0.57999
4380,47690,false,0.897335
4381,16337,false,0.966298
4381,21867,false,0.491138
4381,27803,false,0.019265
4381,31320,false,0.371285
4381,42485,false,0.182116
4381,48779,false,0.58253
4382,20334,false,0.545246
4382,38121,false,0.398839
4383,39600,false,0.909294
4383,59257,false,0.670375
4384,16122,false,0.495596
4384,24792,false,0.028997
4384,34259,false,0.616617
4384,50154,false,0.901875
4385,25666,false,0.705092
4385,46080,false,0.95779
4386,16853,false,0.10007
4386,45958,false,0.774069
4386,46803,false,0.40285
4386,53066,false,0.163437
4387,46183,false,0.0514
4387,49515,false,0.657632
4388,46254,false,0.724989
4389,31457,false,0.952323
4389,56980,false,0.735158
4390,28719,false,0.265779
4390,35921,false,0.542376
4390,54361,false,0.587412
4391,32901,false,0.369106
4391,53736,false,0.50047
4391,54682,false,0.370416
4391,55999,false,0.351969
4392,30299,false,0.903439
4392,36644,false,0.967351
4392,50525,false,0.556999
4392,52786,false,0.597109
4393,11643,false,0.113788
4393,14960,false,0.622289
4393,15449,false,0.320542
4393,21269,false,0.477861
4393,48758,false,0.971596
4394,22025,false,0.296263
4394,56754,false,0.234811
4395,15028,false,0.367343
4395,25673,false,0.358438
4396,12996,false,0.515762
4396,41144,false,0.616745
4397,34729,false,0.372841
4397,42209,false,0.348639
4398,15822,false,1.012096
4398,21736,false,0.226046
4398,22547,false,0.349203
4400,36019,false,0.218068
4400,39382,false,0.415073
4400,46779,false,0.828536
4400,59491,false,0.558655
4401,21727,false,1.016676
4401,43960,false,0.401481
4402,32335,false,0.074164
4402,45320,false,0.50112
4403,22389,false,0.880959
4403,38292,false,0.752557
4404,38813,false,0.430402
4405,42270,false,0.904302
4405,43124,false,0.361604
4405,50088,false,0.216933
4405,50506,false,0.78717
4406,20066,false,0.752367
4406,39053,false,0.302946
4406,44343,false,0.001175
4406,52202,false,0.085371
4406,58187,false,0.04427
4407,20371,false,0.491397
4407,45829,false,0.584422
4407,47821,false,0.329911
4409,7091,true,0.456873
4409,39627,false,0.497587
4409,48139,false,0.412029
4410,7290,true,0.918166
4410,7730,true,0.936674
4410,16663,false,0.615612
4410,44168,false,0.679774
4412,7343,true,0.875622
4412,16758,false,0.184806
4412,22661,false,0.610955
4413,7433,true,0.552062
4413,27815,false,0.176474
4413,29771,false,0.481323
4413,33268,false,0.166262
4413,41503,false,0.098985
4414,7402,true,0.775673
4414,20582,false,0.19874
4414,36976,false,0.701123
4414,44638,false,0.93093
4414,51316,false,0.377567
4414,53511,false,0.045282
4415,12928,false,0.264343
4415,30662,false,0.145111
4416,12670,false,0.83103
4416,29180,false,0.097669
4416,32129,false,0.503326
4416,53626,false,0.551742
4417,33157,false,0.398576
4417,53996,false,0.361317
4418,20189,false,0.569289
4418,25672,false,0.580948
4418,35130,false,0.62329
4418,41013,false,0.283987
4419,14362,false,1.009279
4419,14784,false,0.452769
4419,53812,false,0.204935
4420,7215,true,0.807542
4420,20376,false,0.631119
4421,7334,true,0.817924
4421,7747,true,0.498468
4421,47175,false,0.905145
4423,7788,true,0.694986
4423,53221,false,0.473588
4424,38158,false,0.810569
4424,57870,false,0.142772
4425,7186,true,0.609482
4425,7749,true,0.221865
4425,15003,false,0.994244
4425,20235,false,0.416386
4425,21087,false,0.450736
4426,7602,true,0.84829
4426,17154,false,0.884404
4426,49449,false,0.085731
4426,51961,false,0.009016
4426,57469,false,0.52005
4427,29423,false,0.149677
4427,36008,false,0.822683
4427,57777,false,0.765817
4428,7144,true,0.092099
4428,7524,true,0.083494
4428,29163,false,0.408798
4428,30517,false,0.346107
4428,32533,false,0.230658
4428,41889,false,0.371824
4428,57467,false,0.165959
4429,7503,true,0.961361
4429,7525,true,0.189594
4429,7526,true,0.572519
4429,10704,false,0.372102
4429,13847,false,0.653081
4429,50067,false,0.387351
4430,7283,true,0.332724
4430,7491,true,0.266235
4430,7843,true,0.836978
4430,31158,false,0.409944
4430,40324,false,0.441404
4431,24314,false,0.867612
4431,28131,false,0.973301
4432,23411,false,0.535349
4432,27040,false,0.896236
4432,52758,false,0.580747
4432,54306,false,0.668995
4433,7655,true,0.039906
4433,13163,false,0.414133
4433,34676,false,0.666242
4433,44926,false,0.28476
4434,16011,false,0.312324
4434,29200,false,0.05038
4434,31880,false,0.636718
4434,43552,false,0.903945
4434,49670,false,0.632228
4434,50492,false,0.98205
4435,24806,false,0.500706
4435,32557,false,0.437961
4435,36519,false,0.748301
4435,48828,false,0.300696
4436,43926,false,0.436001
4437,22644,false,0.435308
4437,25463,false,0.327121
4437,48468,false,0.589625
4438,12730,false,0.264856
4439,37591,false,0.959694
4439,44707,false,0.098354
4439,59423,false,0.522073
4440,13155,false,0.149063
4440,24638,false,0.738523
4440,29217,false,0.526773
4440,32114,false,0.247812
4440,33538,false,0.952663
4441,28046,false,0.751541
4441,54766,false,0.756346
4441,58479,false,0.928217
4442,31004,false,0.073442
4442,47321,false,0.488679
4443,20070,false,0.170349
4443,21161,false,0.651621
4443,36608,false,0.009417
4444,22127,false,0.315613
4444,35007,false,0.736881
4445,38420,false,0.591756
4445,47578,false,0.406056
4446,52099,false,0.210868
4447,13136,false,0.868328
4447,21223,false,0.231001
4447,39430,false,0.032435
4447,43469,false,0.968594
4448,32892,false,0.572753
4448,35778,false,0.86072
4448,55819,false,0.029121
4449,15148,false,0.768031
4449,26358,false,0.34649
4449,29908,false,0.674528
4450,13277,false,0.350331
4450,28148,false,0.49266
4451,26420,false,0.597719
4451,39695,false,0.646356
4452,47594,false,0.272069
4453,16245,false,0.261821
4453,40833,false,0.129168
4454,16956,false,0.380505
4454,17189,false,0.377749
4454,41461,false,0.288905
4454,45883,false,0.214148
4455,54132,false,0.360588
4457,44860,false,0.236573
4458,51428,false,0.409947
4459,13375,false,0.506533
4459,24332,false,0.898976
4460,22027,false,0.777884
4460,39455,false,0.168234
4460,53393,false,0.767107
4461,35186,false,0.291472
4461,49244,false,0.202402
4461,59687,false,0.990964
4462,16476,false,0.783734
4462,30159,false,0.155652
4462,32877,false,0.596144
4463,47257,false,0.519537
4464,18635,false,0.300108
4464,31163,false,0.899287
4464,43598,false,0.195907
4464,53777,false,0.179492
4465,55249,false,0.391946
4467,11602,false,0.552485
4467,23503,false,0.923229
4468,53385,false,0.035863
4469,12646,false,0.046469
4469,50030,false,0.137503
4470,11007,false,0.041295
4470,18459,false,0.00384
4470,21200,false,0.670819
4470,23018,false,0.175891
4470,36113,false,0.445053
4471,21982,false,0.222896
4471,29302,false,0.379803
4471,29557,false,0.60755
4471,40491,false,0.654299
4471,46606,false,0.318855
4471,49639,false,0.636474
4471,58820,false,0.580129
4472,32887,false,0.856872
4472,56435,false,0.660266
4473,31507,false,0.149739
4473,40542,false,1.0005
4474,14364,false,0.515213
4474,22972,false,0.80521
4474,27140,false,0.330978
4474,48697,false,0.633801
4475,16840,false,0.991137
4475,19698,false,0.496289
4475,44873,false,0.567789
4475,50557,false,0.765843
4476,10800,false,0.290129
4476,12946,false,0.992614
4476,42594,false,0.867986
4477,11363,false,0.93681
4477,11421,false,0.097268
4477,20704,false,0.744299
4477,35310,false,0.215619
4477,48374,false,1.001517
4478,13488,false,0.171301
4478,53643,false,0.0999
4479,14193,false,0.114052
4480,21100,false,0.035602
4480,22951,false,0.213646
4480,55286,false,0.678563
4481,18869,false,0.345711
4481,21160,false,0.565855
4481,32280,false,0.233188
4481,44952,false,0.742033
4481,46205,false,0.66482
4481,56473,false,0.06012
4482,12074,false,0.909532
4482,15681,false,0.600261
4482,45817,false,0.649821
4484,12179,false,0.516156
4487,11378,false,0.964729
4487,39303,false,0.888708
4488,11151,false,0.693772
4488,27922,false,0.702179
4488,33198,false,0.435901
4488,48823,false,0.584705
4488,52870,false,0.359022
4489,43309,false,0.398569
4490,16632,false,0.923811
4490,53098,false,0.83225
4492,29897,false,0.221295
4492,58981,false,0.360695
4493,28328,false,0.599178
4493,32470,false,0.214225
4493,48117,false,0.746958
4494,24800,false,0.017996
4494,29332,false,0.188361
4494,35492,false,0.321222
4494,38355,false,0.30645
4494,43096,false,0.710714
4494,53105,false,0.060521
4494,54522,false,0.232412
4495,24218,false,0.143784
4495,33315,false,0.096815
4495,43207,false,0.03313
4495,51694,false,0.255442
4496,22039,false,0.183543
4496,27758,false,0.939733
4496,30853,false,0.854286
4496,31135,false,0.685678
4496,42144,false,0.038642
4496,51975,false,0.653977
4497,22796,false,0.448588
4497,30929,false,0.806764
4497,40470,false,0.99195
4497,50213,false,0.718067
4498,31460,false,0.126051
4498,55551,false,0.857652
4499,47448,false,0.6578
4499,47592,false,0.772957
4499,57259,false,0.26168
4500,20716,false,0.494173
4500,28769,false,0.704653
4500,31972,false,0.553927
4500,49402,false,0.896073
4500,57755,false,0.106511
4501,19020,false,0.68383
4501,23781,false,0.392481
4501,52860,false,0.15545
4502,37474,false,0.604096
4502,42292,false,0.098573
4503,10273,false,0.283855
4503,16346,false,0.987218
4503,39004,false,0.186235
4503,46046,false,0.3943
4504,21122,false,0.716823
4504,34260,false,0.84485
4504,39607,false,0.493393
4504,44855,false,0.455943
4504,55004,false,0.311596
4504,56910,false,0.612935
4505,38068,false,0.923925
4505,39599,false,0.14968
4505,46894,false,0.312068
4507,30174,false,0.799625
4508,12031,false,0.590393
4509,23327,false,0.606289
4509,29575,false,0.753906
4509,40385,false,0.715209
4509,44363,false,0.465904
4509,49990,false,0.25532
4509,55116,false,0.212069
4510,19706,false,0.486201
4510,21566,false,0.722221
4510,49916,false,0.355315
4511,41619,false,0.026837
4511,52516,false,0.029067
4512,20623,false,0.187565
4513,19017,false,0.804552
4513,37491,false,0.004804
4514,27195,false,0.609874
4514,32638,false,0.449854
4515,14666,false,0.230392
4515,23979,false,0.422012
4516,10807,false,0.121267
4517,21629,false,0.416819
4517,35313,false,0.309726
4517,44414,false,0.965091
4518,23381,false,0.742692
4518,35244,false,0.590571
4519,22215,false,0.879085
4519,22538,false,0.225734
4519,27633,false,0.045697
4519,52836,false,0.152149
4519,56110,false,0.855903
4519,58203,false,0.106874
4519,59680,false,0.838355
4520,29741,false,0.031338
4521,18555,false,0.243828
4521,23072,false,0.220531
4523,10848,false,0.056227
4523,13630,false,0.556251
4523,21668,false,0.847518
4523,27904,false,0.919985
4523,34478,false,0.892159
4523,48868,false,0.112332
4524,15886,false,0.415622
4524,48472,false,0.174491
4525,20365,false,0.309516
4525,47699,false,0.558301
4525,51765,false,0.778719
4526,27677,false,0.937234
4527,34910,false,0.528939
4527,44727,false,0.36316
4528,31733,false,0.79399
4529,37587,false,0.541492
4530,11484,false,0.589104
4530,11947,false,0.935726
4530,27608,false,1.055228
4530,28788,false,0.367559
4530,52037,false,0.606979
4531,26057,false,0.647623
4531,28196,false,0.324571
4531,30459,false,0.080361
4532,44960,false,1.006178
4532,55126,false,0.466041
4533,7293,true,0.67993
4533,23249,false,0.631489
4533,48055,false,0.187559
4533,52775,false,0.122671
4533,59209,false,0.768963
4534,21600,false,3.13E-4
4534,25828,false,0.331075
4536,7442,true,0.144105
4536,28344,false,0.439638
4536,42147,false,0.786091
4537,19359,false,0.123
4538,20779,false,0.359093
4538,28813,false,0.16709
4539,17059,false,0.034931
4539,19198,false,1.046043
4539,20172,false,0.764072
4539,22519,false,0.911867
4539,33319,false,0.431986
4539,38806,false,0.735525
4539,58436,false,0.488674
4540,7245,true,0.993209
4540,32705,false,0.614271
4541,40432,false,0.874088
4543,19840,false,0.040224
4543,48800,false,0.116111
4544,24971,false,0.284945
4544,27404,false,0.376558
4544,51187,false,0.986123
4545,46188,false,0.131126
4546,15483,false,0.523083
4546,22532,false,0.120629
4546,24849,false,0.795313
4547,16691,false,0.086121
4547,51825,false,0.942138
4548,10025,false,0.280412
4548,17938,false,0.758082
4549,15784,false,0.420131
4549,22169,false,0.465014
4549,48375,false,0.800704
4550,19580,false,0.835726
4550,38435,false,0.490857
4550,57373,false,0.458638
4551,29482,false,0.030605
4553,20809,false,0.148763
4553,38228,false,0.64543
4553,55284,false,0.84934
4554,21165,false,0.363014
4554,58873,false,0.394222
4555,17721,false,0.62471
4555,27981,false,0.888951
4556,15676,false,0.695662
4556,20618,false,0.780297
4557,41289,false,0.914156
4559,16644,false,0.982014
4559,20117,false,0.860202
4560,17452,false,0.606805
4560,22448,false,0.613117
4561,44269,false,0.377076
4561,56602,false,0.080889
4562,14764,false,0.549816
4562,21430,false,0.554951
4562,27307,false,0.39498
4563,25931,false,0.765805
4564,11001,false,0.529199
4564,16058,false,0.625643
4564,36990,false,0.03646
4564,42133,false,0.775639
4565,17608,false,0.594728
4565,51536,false,0.847971
4566,38235,false,0.365655
4566,40592,false,0.551836
4566,43901,false,0.461875
4567,25906,false,0.735024
4567,35514,false,0.768305
4567,35737,false,0.112645
4567,40864,false,0.474767
4568,18392,false,0.294672
4568,21839,false,0.299112
4568,37636,false,0.685787
4568,50281,false,0.735956
4570,15601,false,0.101769
4570,35738,false,0.530185
4570,39432,false,0.498861
4571,12749,false,0.454852
4571,35138,false,0.591843
4572,17437,false,0.854133
4572,42199,false,0.957096
4572,45691,false,0.10669
4573,18068,false,0.570631
4573,37059,false,0.975708
4573,38122,false,0.573475
4573,42792,false,0.845151
4574,55534,false,0.905687
4575,49493,false,0.146337
4576,27157,false,0.701135
4577,12556,false,0.747142
4577,35647,false,0.317749
4577,48695,false,0.25829
4578,40958,false,0.591485
4581,38752,false,1.015217
4581,39593,false,0.750927
4582,11917,false,0.936546
4582,14999,false,1.00476
4582,38010,false,0.165246
4582,46200,false,0.462874
4582,49189,false,0.118792
4583,39209,false,0.777349
4584,13162,false,0.294162
4584,22153,false,0.998877
4584,24691,false,0.495285
4584,25339,false,0.511704
4584,45226,false,0.397431
4584,47353,false,0.504729
4584,50560,false,0.406945
4584,55763,false,0.121666
4585,16504,false,0.119047
4586,22738,false,0.866853
4586,26356,false,0.001492
4586,34778,false,0.412491
4586,39413,false,0.715573
4586,58808,false,0.520503
4587,26993,false,0.285495
4587,33146,false,0.930652
4588,32033,false,0.701067
4589,20509,false,0.87243
4589,36860,false,0.004393
4589,47148,false,0.968654
4590,39105,false,0.960915
4590,56999,false,0.450523
4591,28878,false,0.209341
4591,44699,false,0.674714
4592,18365,false,0.671729
4592,44449,false,0.39069
4593,21800,false,0.099205
4593,22062,false,1.007578
4593,41068,false,0.638409
4593,49923,false,0.782113
4594,21821,false,0.451499
4594,33419,false,0.642265
4594,44633,false,0.702249
4594,53919,false,0.947725
4595,43938,false,0.216821
4595,46307,false,0.849747
4595,57151,false,0.824275
4596,29862,false,0.090168
4597,24928,false,0.409043
4597,45947,false,0.526075
4599,38459,false,0.531711
4599,41642,false,0.610532
4599,59008,false,0.035894
4601,34012,false,0.019676
4601,54659,false,0.376151
4602,19063,false,0.306791
4602,46326,false,0.128686
4603,31357,false,0.212169
4603,32759,false,0.92508
4603,53071,false,0.531717
4604,31044,false,0.20418
4604,32229,false,0.370252
4604,54290,false,0.18468
4606,27697,false,0.591566
4606,55266,false,0.100234
4607,15579,false,0.178533
4607,21046,false,0.697541
4607,37022,false,0.092015
4607,55354,false,0.971056
4608,13822,false,0.661625
4608,14450,false,0.422273
4609,24392,false,0.438219
4610,7085,true,0.607248
4610,7449,true,0.107525
4610,7979,true,0.953425
4610,13963,false,0.295483
4610,19902,false,0.815532
4611,7419,true,0.154714
4611,7748,true,0.619346
4611,10100,false,0.908639
4611,14058,false,0.26112
4611,54929,false,0.499104
4612,35791,false,0.961268
4612,38170,false,0.208207
4613,7303,true,0.945266
4613,7487,true,1.00515
4613,14232,false,0.580669
4614,7772,true,0.839101
4614,10078,false,0.995703
4614,25430,false,0.196179
4615,15228,false,0.73161
4615,32292,false,0.03316
4615,37728,false,0.899605
4615,41367,false,0.201184
4616,7077,true,0.963754
4616,7081,true,0.695536
4616,23417,false,0.7542
4616,53316,false,0.261713
4617,7736,true,0.890244
4618,7022,true,0.772278
4618,7434,true,0.544363
4618,26887,false,0.441162
4618,28035,false,0.026523
4618,49077,false,0.001646
4619,11506,false,0.922233
4619,20675,false,0.274479
4619,24492,false,0.69336
4620,19738,false,0.334313
4621,19949,false,0.025398
4621,23713,false,1.030427
4621,26110,false,0.553027
4621,27188,false,0.289361
4621,38255,false,0.92099
4622,13314,false,0.885063
4622,15757,false,0.976472
4622,17672,false,0.603536
4623,32920,false,1.016703
4624,7821,true,0.531526
4624,21155,false,0.759186
4624,25360,false,0.861881
4625,14883,false,0.002633
4625,59712,false,0.002719
4627,17474,false,0.138171
4628,33897,false,0.203089
4628,52709,false,0.015889
4629,10322,false,0.127739
4629,11068,false,0.714122
4629,22836,false,0.745198
4629,39198,false,0.965034
4631,13254,false,0.026509
4632,59650,false,0.798487
4633,33941,false,0.673515
4633,35869,false,0.56018
4633,57493,false,0.177703
4634,20480,false,0.764459
4635,28288,false,0.77407
4635,37027,false,0.66038
4636,34442,false,0.720362
4636,38313,false,0.155308
4636,47873,false,0.4363
4636,58490,false,0.08355
4637,14629,false,0.898479
4638,39365,false,0.191806
4638,48829,false,0.215866
4638,50318,false,0.43695
4638,53955,false,0.057156
4641,10355,false,0.636365
4641,15534,false,0.786733
4641,30005,false,0.082723
4642,7993,true,0.17336
4642,36920,false,0.018043
4642,59540,false,0.936617
4643,13121,false,0.932589
4643,18347,false,0.915442
4643,32951,false,0.184445
4643,43632,false,0.781446
4645,12854,false,0.831963
4645,23795,false,0.663536
4645,23937,false,0.322653
4645,25543,false,0.318642
4645,29540,false,0.699067
4645,56129,false,0.860746
4645,58628,false,0.457816
4646,10272,false,0.95963
4646,28517,false,0.588705
4646,46701,false,1.032103
4647,7372,true,0.449425
4647,7665,true,0.855346
4647,33304,false,1.03353
4647,42964,false,0.476315
4648,24810,false,0.381435
4648,36020,false,0.844357
4648,47953,false,0.778263
4649,19159,false,0.612129
4649,20114,false,0.137446
4649,49447,false,0.813823
4650,13618,false,0.053389
4650,23839,false,0.785905
4650,44057,false,0.655593
4651,30471,false,0.18966
4652,13910,false,0.712331
4652,14663,false,0.786035
4653,32013,false,0.697621
4655,58947,false,0.06219
4656,10241,false,0.671203
4656,12831,false,0.736279
4656,31145,false,0.022163
4656,33493,false,1.004665
4656,36562,false,0.924108
4657,11114,false,0.891377
4657,22080,false,0.547628
4657,36449,false,0.220869
4658,12631,false,0.888664
4659,59541,false,0.138227
4660,32425,false,0.430208
4660,32644,false,0.905164
4660,53873,false,0.111999
4661,13446,false,0.781131
4661,28872,false,0.780069
4661,57507,false,0.502851
4662,15145,false,0.796842
4662,26102,false,0.940402
4663,52032,false,0.634667
4664,40228,false,0.2879
4664,41407,false,0.076966
4665,29654,false,0.652767
4666,12654,false,0.7108
4666,56974,false,0.855615
4667,25398,false,0.12746
4667,26415,false,0.901882
4667,34613,false,0.952457
4667,45302,false,0.527626
4667,46039,false,0.689115
4668,42745,false,0.628893
4669,25912,false,0.054046
4669,35726,false,0.366731
4670,26528,false,0.810566
4671,40263,false,0.212486
4671,50690,false,0.748606
4672,22040,false,0.089591
4672,24196,false,0.982367
4672,26521,false,0.810212
4673,41938,false,0.122318
4674,29005,false,0.522504
4674,54305,false,0.491003
4675,43333,false,0.483891
4676,14425,false,0.530336
4676,31517,false,0.175442
4676,47296,false,0.917175
4677,43879,false,0.810367
4677,50593,false,0.768483
4678,18721,false,0.954143
4678,19590,false,0.974937
4678,23511,false,0.814596
4678,33178,false,0.427251
4679,55913,false,0.691859
4680,39919,false,0.115744
4680,45328,false,0.479922
4681,15516,false,0.672605
4682,23226,false,0.189978
4682,24607,false,0.252544
4683,33357,false,0.306472
4683,40357,false,0.724315
4684,11459,false,0.738471
4684,13999,false,0.352965
4684,14137,false,0.422498
4684,31213,false,0.555059
4685,32839,false,0.807682
4685,51341,false,0.8187
4686,28899,false,0.283603
4687,18422,false,0.39031
4687,36414,false,0.386414
4688,22072,false,0.143458
4688,23059,false,0.874082
4688,46571,false,0.893243
4688,55878,false,0.770041
4688,59403,false,0.348998
4689,13355,false,0.941676
4689,24193,false,0.613849
4690,11438,false,0.055443
4690,34211,false,0.192109
4690,50516,false,0.610724
4690,53433,false,0.806775
4691,10727,false,0.448274
4691,19035,false,0.25569
4691,42471,false,0.016385
4691,54736,false,0.162894
4693,43591,false,0.571948
4693,45254,false,0.017312
4694,34825,false,0.085245
4695,29851,false,0.535464
4695,30554,false,0.044255
4695,37420,false,0.501368
4695,37811,false,0.832787
4695,50074,false,0.613884
4696,38430,false,0.927942
4696,42335,false,0.500739
4696,48061,false,0.938986
4697,26746,false,0.479364
4697,56396,false,0.186144
4699,45649,false,0.659794
4699,58929,false,0.986073
4700,14090,false,0.080146
4700,44319,false,1.029444
4700,56718,false,0.871582
4701,23837,false,0.219194
4702,22023,false,0.764067
4702,32852,false,0.620338
4702,47708,false,0.281311
4703,34668,false,0.494107
4703,39336,false,0.202375
4703,41618,false,0.09989
4703,50567,false,0.696604
4703,55338,false,0.677833
4705,35779,false,0.755142
4705,44927,false,0.469968
4706,33480,false,0.22133
4706,53821,false,0.709994
4707,22449,false,0.329527
4707,47692,false,0.527009
4708,19537,false,0.495933
4708,27145,false,0.343516
4708,35190,false,0.474917
4708,38487,false,0.020081
4708,46345,false,0.776296
4710,11115,false,0.498293
4710,14962,false,0.140112
4710,25596,false,0.798197
4710,29920,false,0.882397
4711,34466,false,0.088186
4712,15048,false,0.546255
4712,24379,false,0.610309
4712,38652,false,0.231399
4712,47126,false,0.773308
4713,20084,false,0.1308
4713,25864,false,0.33855
4713,28273,false,0.028107
4714,13694,false,0.722186
4714,17372,false,0.943799
4714,26172,false,0.678504
4714,28295,false,0.531135
4714,48590,false,0.228703
4715,51814,false,0.783831
4715,53421,false,0.587915
4716,19395,false,0.969222
4716,41297,false,0.13118
4716,48673,false,0.466875
4716,52898,false,0.434569
4718,21058,false,0.892586
4718,41562,false,0.767978
4718,50471,false,0.43368
4718,58983,false,0.549703
4719,35431,false,0.014143
4720,52349,false,0.80635
4721,20923,false,0.299792
4721,53973,false,0.426358
4723,16698,false,0.535816
4723,38478,false,0.187421
4723,46013,false,0.197651
4724,16981,false,0.315253
4724,23752,false,0.6112
4725,11398,false,0.849627
4726,14641,false,0.274196
4726,35605,false,0.657047
4726,38111,false,0.975529
4727,16892,false,0.746371
4727,40786,false,0.472268
4727,45464,false,0.708345
4728,24986,false,0.45938
4728,46492,false,0.134923
4729,10965,false,0.224666
4729,12133,false,0.225919
4729,12436,false,0.178103
4729,16489,false,0.029721
4729,57363,false,0.326226
4730,18342,false,0.380964
4730,22562,false,0.423683
4730,27151,false,0.71539
4730,34649,false,0.98944
4730,44738,false,0.796227
4730,46690,false,0.188975
4731,26504,false,0.741255
4731,53202,false,0.344538
4732,45461,false,0.439954
4732,47295,false,0.089931
4732,53641,false,0.336055
4732,56079,false,0.100095
4733,12176,false,0.752468
4734,22368,false,0.848264
4734,37161,false,0.878173
4735,20144,false,0.840953
4735,23619,false,0.421162
4735,41608,false,0.854889
4735,46909,false,0.269959
4735,50866,false,0.126478
4735,50883,false,0.617185
4736,14616,false,0.383477
4736,19070,false,0.365125
4736,34755,false,0.051151
4736,36701,false,0.564601
4736,57198,false,0.889404
4737,38463,false,0.61162
4737,38638,false,0.743911
4737,42738,false,0.296268
4737,48174,false,1.007832
4738,19387,false,0.510004
4738,59761,false,0.398075
4740,19577,false,0.407278
4740,24121,false,0.130163
4740,33010,false,0.940084
4741,59870,false,0.245577
4742,11315,false,0.757068
4742,17237,false,0.09634
4742,24796,false,0.284184
4742,27327,false,0.843556
4742,32043,false,0.715858
4742,50886,false,0.716482
4743,44820,false,0.410562
4743,58070,false,0.411428
4744,18480,false,0.804717
4745,21577,false,0.354503
4745,32359,false,0.135029
4746,21167,false,0.208975
4746,51325,false,0.944077
4747,12995,false,0.658834
4747,17518,false,0.695201
4747,53188,false,0.958382
4748,38677,false,0.908053
4748,59299,false,0.376133
4749,41849,false,0.00585
4750,34320,false,0.155742
4750,48004,false,0.652629
4751,20549,false,0.03128
4752,40597,false,0.136835
4753,12350,false,0.905898
4753,22223,false,0.2444
4753,32718,false,0.764595
4753,55342,false,0.655035
4754,44152,false,0.059862
4755,37469,false,0.767179
4756,22585,false,0.712753
4757,34560,false,0.399162
4758,52105,false,0.25248
4759,27634,false,0.41858
4760,46284,false,0.59175
4761,44717,false,0.175831
4761,57596,false,0.41555
4762,19149,false,0.925259
4762,20097,false,0.703185
4762,24853,false,0.668211
4762,46976,false,0.641458
4763,14854,false,0.659316
4763,15999,false,0.956606
4763,23421,false,0.89396
4763,30066,false,0.057926
4763,30371,false,0.946005
4763,34395,false,0.316129
4763,47738,false,0.610663
4764,16878,false,0.020898
4764,29998,false,0.653678
4764,45334,false,0.537263
4765,42963,false,0.762167
4765,54963,false,0.102141
4766,14209,false,0.53033
4766,18127,false,0.367081
4766,21271,false,0.148224
4766,21711,false,0.785836
4767,11410,false,0.101873
4767,12558,false,0.526999
4767,13518,false,0.058109
4767,22001,false,9.1E-5
4767,42631,false,0.140161
4767,56309,false,0.254381
4768,24545,false,0.159308
4768,30806,false,0.311017
4769,14207,false,0.196551
4769,40891,false,0.980291
4769,46551,false,0.021434
4770,56880,false,0.269337
4772,38650,false,0.566078
4773,16835,false,0.807531
4773,19523,false,0.212278
4773,38411,false,0.774473
4773,44558,false,0.358495
4773,52085,false,0.594265
4775,21795,false,0.672646
4775,31474,false,0.888529
4775,51006,false,0.355647
4776,22429,false,0.093342
4776,34107,false,0.603435
4776,41894,false,0.030606
4777,10689,false,0.482374
4777,56366,false,0.428484
4778,19417,false,0.4823
4778,30086,false,0.722195
4780,13770,false,0.163511
4780,49001,false,0.565357
4780,58635,false,0.680033
4780,59923,false,0.592911
4781,57899,false,0.757605
4783,22051,false,0.358652
4784,16637,false,0.199405
4784,25670,false,0.483816
4784,43497,false,0.449572
4784,51658,false,0.793205
4785,17973,false,0.267032
4785,26286,false,0.442875
4786,7112,true,0.119797
4786,10013,false,0.035071
4786,10515,false,0.326037
4786,28863,false,0.63086
4786,33537,false,0.042019
4786,37956,false,0.445861
4786,45617,false,0.976068
4786,51355,false,0.234676
4787,10313,false,0.747914
4787,19857,false,0.451675
4787,43573,false,0.55104
4787,45181,false,0.972298
4787,51121,false,0.394739
4788,13907,false,0.336363
4788,15702,false,0.641717
4789,7322,true,0.311229
4789,36416,false,0.177174
4789,38888,false,0.040819
4789,56660,false,0.75701
4790,7679,true,0.056621
4790,15971,false,0.133604
4790,39476,false,0.610285
4790,49644,false,0.447626
4790,55040,false,0.963052
4791,7462,true,0.571709
4791,19748,false,0.912302
4791,30581,false,0.801756
4792,7075,true,0.074797
4792,7385,true,0.77359
4792,7754,true,0.160105
4792,22339,false,0.221666
4792,40515,false,0.326683
4793,26488,false,0.201731
4794,7098,true,0.848181
4794,42249,false,0.200244
4794,47103,false,0.127759
4796,7888,true,0.705036
4796,15363,false,0.391162
4796,18110,false,0.531226
4796,38214,false,0.87149
4796,53852,false,0.661347
4797,56289,false,0.856808
4798,28908,false,0.00439
4798,29370,false,1.003365
4798,53727,false,0.407961
4798,54729,false,0.387374
4798,56194,false,0.565739
4798,57157,false,0.194943
4799,7046,true,0.820718
4799,7317,true,0.398955
4800,23315,false,0.008251
4800,57851,false,0.124484
4801,15890,false,0.762421
4801,44593,false,0.692519
4801,55588,false,0.262534
4802,7570,true,0.19089
4802,11518,false,0.365308
4802,21596,false,0.563195
4803,7957,true,0.080012
4803,44883,false,0.210784
4804,7211,true,0.245932
4804,55720,false,0.275062
4805,17855,false,0.772064
4805,45682,false,0.843886
4806,7801,true,0.041929
4806,34594,false,0.804174
4806,39334,false,0.381369
4806,44665,false,0.939045
4806,58012,false,0.517011
4807,19696,false,0.417727
4807,46344,false,0.185219
4807,53801,false,0.672795
4808,37272,false,0.694802
4808,47950,false,0.11183
4808,56895,false,0.314499
4809,28777,false,0.914537
4810,32261,false,0.460942
4810,43957,false,0.808047
4810,52616,false,0.936818
4810,55751,false,0.533426
4810,57685,false,0.163957
4811,7451,true,0.740083
4811,7463,true,0.99079
4811,7527,true,0.5492
4811,19464,false,0.966876
4811,21221,false,0.797671
4811,28350,false,0.924266
4811,31536,false,0.342205
4811,35585,false,0.073863
4812,23602,false,0.277254
4812,43646,false,0.802559
4812,46470,false,0.182079
4812,53451,false,0.847352
4813,50337,false,0.929321
4814,35296,false,0.831387
4815,23807,false,0.732748
4815,39402,false,0.25123
4817,7132,true,0.380836
4817,54843,false,0.750995
4818,7905,true,1.52E-4
4819,7729,true,0.911149
4819,15248,false,0.557945
4819,19394,false,0.201506
4819,56008,false,0.40969
4820,35094,false,0.959681
4821,56828,false,0.028056
4822,10015,false,0.054968
4822,29460,false,0.496462
4822,41222,false,0.047783
4822,47411,false,0.107837
4823,7615,true,0.82002
4823,30820,false,0.211802
4823,46933,false,0.518545
4823,57187,false,0.84345
4824,7455,true,0.374759
4824,7587,true,0.865369
4824,22735,false,0.472634
4824,51119,false,0.446575
4824,58664,false,0.959404
4825,7969,true,0.305983
4825,21416,false,0.328391
4825,59301,false,0.363652
4826,7129,true,0.216007
4826,7795,true,0.416927
4826,12694,false,1.048367
4826,18634,false,0.252171
4826,20380,false,0.0015
4826,25286,false,0.623163
4826,40152,false,0.680908
4826,41729,false,0.329603
4826,45023,false,0.332612
4826,49139,false,0.753121
4827,7149,true,0.546177
4827,7295,true,0.33188
4827,55068,false,0.392797
4828,32687,false,0.303793
4828,38747,false,0.849282
4829,7739,true,0.208768
4829,7791,true,0.96863
4829,32211,false,0.834677
4830,7182,true,0.372592
4830,7973,true,0.515771
4830,18579,false,0.216763
4830,25037,false,0.413292
4830,31136,false,0.52573
4830,55321,false,0.480856
4831,11779,false,0.757699
4831,20204,false,0.968709
4831,21655,false,0.145867
4831,32152,false,0.076373
4831,56268,false,0.743207
4832,7427,true,0.135718
4832,14242,false,0.338748
4832,18046,false,0.958649
4832,50409,false,0.996916
4832,51738,false,0.284871
4833,7311,true,0.172297
4833,24856,false,0.623047
4834,7258,true,0.529413
4834,7831,true,0.168605
4834,37262,false,0.050468
4835,7443,true,1.008852
4835,7598,true,0.765169
4835,13415,false,0.679745
4835,24486,false,0.069547
4835,37692,false,0.564275
4835,50045,false,0.09442
4836,7045,true,0.065696
4836,7551,true,0.410045
4836,18028,false,0.555771
4836,33661,false,0.245366
4837,13380,false,0.746146
4837,17331,false,0.255449
4837,21688,false,0.753117
4837,30890,false,0.314251
4837,42323,false,0.34476
4837,53231,false,0.779053
4839,59544,false,0.606583
4840,7282,true,0.529246
4840,7828,true,0.24587
4840,34446,false,0.826958
4840,47152,false,0.277174
4840,56061,false,0.238738
4841,33204,false,0.927956
4842,17569,false,0.690057
4842,21841,false,0.453451
4842,57660,false,0.010518
4843,7157,true,0.707234
4843,26975,false,0.361212
4844,7348,true,0.371115
4844,59226,false,0.264585
4845,45852,false,0.244379
4845,47912,false,0.102986
4845,49367,false,0.666156
4845,59792,false,0.233767
4847,7553,true,0.455137
4847,7694,true,0.282331
4847,7895,true,0.744398
4847,27349,false,0.056768
4847,41726,false,0.37864
4848,7733,true,0.025998
4848,26113,false,0.269322
4848,49494,false,0.822335
4849,7774,true,0.678385
4849,46471,false,0.123177
4849,54259,false,0.707703
4850,28593,false,0.075121
4850,33795,false,0.084753
4851,26644,false,0.266476
4851,33545,false,0.60732
4851,52830,false,0.980582
4851,53667,false,0.029352
4852,7566,true,0.575096
4852,26604,false,0.355322
4852,38237,false,0.249262
4852,48458,false,0.120006
4853,38783,false,0.954925
4854,7920,true,0.849268
4854,54091,false,0.756466
4855,7664,true,0.519406
4855,24906,false,0.297501
4855,45745,false,0.527537
4855,59304,false,0.113512
4856,7166,true,0.279977
4856,7460,true,0.83896
4856,49304,false,0.163478
4858,56841,false,0.506887
4859,7762,true,0.962155
4859,49855,false,0.715339
4860,58242,false,0.460844
4861,7709,true,0.188663
4861,11493,false,0.214418
4861,23015,false,0.71207
4861,51238,false,0.732651
4862,45602,false,0.039474
4862,49338,false,0.315033
4863,7202,true,0.629513
4863,7459,true,0.193561
4864,36945,false,0.741413
4865,10949,false,0.489665
4865,52221,false,0.016656
4865,52885,false,0.306784
4866,19264,false,0.76263
4867,12842,false,0.996543
4867,34106,false,0.622019
4867,40051,false,0.342354
4867,45720,false,0.710274
4867,51200,false,0.277681
4868,46472,false,0.35406
4869,17308,false,0.993987
4869,49646,false,0.947499
4870,14043,false,0.214437
4870,16471,false,0.074225
4870,22024,false,0.661115
4870,28348,false,0.080112
4870,42962,false,0.995223
4871,7885,true,0.159173
4871,17243,false,0.128051
4871,23756,false,0.951651
4871,52019,false,0.797221
4872,37276,false,0.152346
4873,14181,false,0.67096
4874,20318,false,0.174257
4874,34908,false,0.092814
4874,46668,false,0.762253
4874,56103,false,0.677417
4875,18508,false,0.777173
4875,38047,false,0.870138
4875,39153,false,0.566589
4876,31042,false,0.271221
4876,43662,false,0.432681
4876,50591,false,0.67185
4876,53614,false,0.171973
4876,55430,false,0.256223
4877,37165,false,0.038005
4877,54642,false,0.268484
4878,20768,false,0.641061
4878,29268,false,0.167725
4878,44946,false,0.869601
4878,47765,false,0.213651
4878,53779,false,0.686107
4879,45281,false,1.001596
4879,46175,false,0.045491
4879,54092,false,0.681951
4879,58029,false,0.148019
4880,13542,false,0.303247
4881,35174,false,0.101453
4881,41794,false,0.832619
4881,52445,false,0.225447
4882,43254,false,0.892948
4882,55831,false,0.334104
4883,26463,false,0.655054
4883,46725,false,0.096546
4883,52121,false,0.77469
4884,32641,false,0.228832
4885,18660,false,0.289548
4885,21101,false,0.821924
4885,31483,false,0.648878
4885,32598,false,0.810593
4885,35170,false,0.001111
4885,40652,false,0.155342
4885,40740,false,0.795935
4885,43576,false,0.68454
4885,53280,false,0.903103
4886,12941,false,0.886484
4887,12396,false,0.304217
4887,22281,false,0.360886
4887,32738,false,0.593055
4887,57199,false,0.013337
4887,57234,false,0.048988
4887,57922,false,0.242536
4887,58075,false,0.619439
4888,17163,false,0.851984
4888,24126,false,0.775702
4888,37445,false,0.127432
4888,57844,false,0.86125
4889,35274,false,0.528638
4890,44692,false,0.973681
4891,25084,false,0.93305
4891,57320,false,0.315655
4892,17324,false,0.31474
4892,32347,false,0.380215
4894,48398,false,0.65393
4894,48968,false,0.63377
4894,51126,false,0.968138
4894,52866,false,0.284427
4894,54504,false,0.774395
4895,53020,false,0.892803
4896,37366,false,0.770466
4896,55278,false,0.568502
4897,10758,false,0.511692
4897,11931,false,0.002007
4897,30267,false,0.442511
4897,40339,false,0.282731
4897,51413,false,0.481375
4897,59531,false,0.867197
4899,12680,false,0.424499
4900,26862,false,0.286168
4900,38807,false,0.691823
4900,42492,false,0.833541
4901,47576,false,0.776141
4902,14637,false,0.108225
4902,38720,false,0.243485
4903,14326,false,0.509032
4903,50855,false,0.672884
4903,57466,false,0.585126
4903,59198,false,0.446189
4904,46577,false,0.638942
4904,51665,false,0.103095
4904,52131,false,0.95913
4909,36059,false,0.735808
4909,52478,false,0.593435
4909,54907,false,0.679051
4910,23505,false,0.501057
4910,27721,false,0.572097
4910,46066,false,0.592537
4911,43446,false,0.172402
4912,16909,false,0.205727
4912,36255,false,0.704868
4912,38790,false,0.084912
4912,45600,false,0.701389
4912,53208,false,0.949655
4913,39387,false,0.890421
4913,43603,false,0.758209
4914,34922,false,0.23222
4914,36012,false,0.075484
4914,44735,false,0.73874
4915,23013,false,0.373397
4915,31531,false,0.36325
4915,35328,false,0.647063
4915,43090,false,0.492943
4915,43303,false,0.44229
4916,10697,false,0.267272
4916,44542,false,0.118912
4917,41557,false,0.911495
4917,48854,false,0.330795
4917,55561,false,0.310376
4918,13504,false,0.625216
4918,16670,false,0.337824
4918,22845,false,0.328226
4918,32117,false,0.089098
4918,48763,false,0.11529
4918,57606,false,0.605942
4919,13231,false,0.656923
4920,12555,false,0.67048
4920,43868,false,0.401262
4921,20280,false,0.72685
4921,32727,false,0.275071
4921,45056,false,0.755782
4922,11302,false,0.492734
4922,20413,false,0.105454
4922,49769,false,0.504587
4923,58914,false,1.011923
4924,19507,false,1.012817
4924,41308,false,0.971662
4925,28368,false,0.195083
4925,40072,false,0.375049
4925,58887,false,0.681409
4926,36690,false,0.47372
4926,40808,false,0.123005
4926,46932,false,0.608628
4927,12248,false,0.430587
4927,28729,false,0.900521
4927,29009,false,0.304754
4927,43391,false,0.248501
4927,56230,false,0.337631
4928,22324,false,0.223553
4928,32149,false,0.4136
4928,36508,false,0.616022
4929,12082,false,0.654877
4929,42577,false,0.349841
4929,44170,false,0.097687
4929,56704,false,0.460607
4930,25332,false,0.074642
4930,53829,false,0.206628
4933,20106,false,0.737901
4933,20597,false,0.319786
4933,26321,false,0.704753
4934,41414,false,0.005361
4934,51859,false,0.913798
4935,21527,false,0.885557
4935,44852,false,0.278388
4936,29856,false,0.170055
4936,48788,false,0.152308
4937,31977,false,0.729136
4937,53860,false,0.521739
4938,13494,false,0.102403
4938,31374,false,0.326631
4938,32429,false,0.75515
4939,14203,false,0.106995
4939,28818,false,0.624696
4940,23645,false,0.028431
4941,48625,false,0.916198
4941,49284,false,0.536679
4943,38837,false,0.875207
4944,11727,false,1.026691
4944,14981,false,0.17935
4944,17095,false,0.230596
4944,39773,false,0.146127
4945,20477,false,0.683885
4945,48607,false,0.861972
4946,46602,false,0.654369
4947,12345,false,0.247902
4947,40678,false,0.599725
4947,54655,false,0.394916
4948,47102,false,0.416925
4948,47488,false,0.388686
4951,20823,false,0.553174
4951,27051,false,0.008653
4951,53211,false,0.649706
4952,53109,false,0.236711
4953,36882,false,0.463936
4953,45388,false,0.703542
4953,54274,false,0.278508
4953,56682,false,0.598222
4954,45663,false,0.824456
4954,49133,false,0.632103
4955,37924,false,0.114469
4955,47884,false,0.263744
4957,37210,false,0.467839
4958,50090,false,0.3996
4958,53492,false,0.898037
4959,11432,false,0.187949
4959,20596,false,0.613508
4959,31769,false,0.352175
4959,35025,false,0.962865
4959,44906,false,0.599024
4959,50118,false,0.50737
4960,15653,false,0.857103
4960,48319,false,0.587171
4960,48525,false,0.630512
4960,59978,false,0.423047
4961,10634,false,0.990768
4962,11791,false,0.469739
4962,55131,false,0.834338
4963,22963,false,0.860279
4963,34708,false,0.630062
4963,58505,false,0.599263
4964,12974,false,0.374294
4964,55157,false,0.472611
4965,19044,false,0.750981
4966,25464,false,0.445304
4966,26064,false,0.587754
4966,40799,false,0.313444
4967,44346,false,0.387335
4967,45459,false,0.923976
4967,55966,false,0.31955
4968,20545,false,0.267494
4968,31661,false,0.364422
4968,40842,false,0.009179
4969,36715,false,0.208553
4969,41920,false,0.665749
4969,46342,false,0.585481
4970,22484,false,0.670335
4971,13421,false,0.694964
4971,37947,false,0.932777
4972,46556,false,0.284825
4972,47327,false,0.153363
4972,57068,false,0.612439
4973,18526,false,0.891641
4973,25394,false,0.4831
4974,25612,false,0.095816
4974,40098,false,1.008201
4974,46990,false,0.706616
4975,12490,false,0.279915
4975,47767,false,0.179887
4975,56608,false,0.973227
4975,59949,false,0.287635
4977,18367,false,0.82897
4977,46673,false,0.013416
4978,26270,false,0.971058
4981,15948,false,0.573884
4981,47616,false,0.284715
4981,50584,false,0.476392
4982,15568,false,1.009313
4982,26667,false,0.41693
4982,28049,false,0.43706
4982,39694,false,0.516298
4982,39872,false,0.533389
4983,32952,false,0.522311
4983,55175,false,0.207558
4984,35711,false,0.302069
4984,40557,false,0.074501
4985,20041,false,0.327681
4985,50137,false,0.178798
4987,29060,false,0.113972
4987,34463,false,0.655957
4987,41630,false,0.551337
4987,59818,false,0.489651
4988,14259,false,0.938636
4988,23571,false,0.944389
4988,42272,false,0.541749
4988,42654,false,0.080038
4989,53015,false,0.359734
4989,56494,false,0.174561
4990,18149,false,0.112749
4990,39022,false,0.158889
4990,46314,false,0.514846
4991,20741,false,0.833589
4991,40373,false,0.50922
4991,48351,false,0.239868
4992,13715,false,0.052706
4992,17615,false,0.547106
4992,29462,false,0.778742
4992,54786,false,0.018998
4993,10679,false,0.541477
4993,37583,false,0.421151
4994,11522,false,0.172554
4994,16591,false,0.380807
4995,20250,false,0.594727
4995,56388,false,0.995212
4996,50771,false,0.193768
4997,21480,false,0.297046
4997,24802,false,0.943528
4997,49207,false,0.240412
4997,50450,false,0.082729
4998,18626,false,0.640534
4998,29263,false,0.979321
4999,46002,false,0.158282
4999,49599,false,0.040345
5000,29461,false,0.084096
5000,44660,false,0.748095
5001,10946,false,0.781475
5002,14642,false,0.933667
5002,23009,false,0.336711
5003,19893,false,0.257489
5003,49768,false,0.442189
5005,11475,false,0.411163
5006,18847,false,0.092256
5006,20478,false,0.77658
5006,22049,false,0.343261
5006,38199,false,0.681654
5006,57292,false,0.490095
5007,11125,false,0.029604
5007,50086,false,0.64173
5007,56735,false,0.311804
5007,56758,false,0.969497
5008,38385,false,0.222962
5008,45214,false,0.832362
5010,40660,false,0.170927
5011,30369,false,0.602347
5011,43890,false,0.56249
5012,56745,false,1.004446
5013,14135,false,0.789398
5013,40009,false,0.937889
5013,56291,false,0.236382
5015,23707,false,0.192178
5015,43312,false,0.67871
5015,57370,false,0.917748
5016,11197,false,0.221665
5016,47999,false,0.53372
5017,12786,false,0.435354
5017,16061,false,0.881962
5017,20566,false,0.819303
5017,48093,false,0.989359
5017,54123,false,0.225987
5018,20357,false,0.996912
5018,49312,false,0.884093
5019,17775,false,0.193291
5019,26577,false,0.207168
5019,54954,false,0.458835
5020,12469,false,0.527945
5020,30303,false,0.915508
5020,52872,false,0.291381
5021,10509,false,0.32753
5021,35936,false,0.451346
5022,33736,false,0.004253
5023,33887,false,0.969308
5023,55391,false,0.819685
5024,37875,false,0.261667
5025,24471,false,0.279833
5025,30985,false,0.110072
5025,39617,false,0.064073
5026,22069,false,0.747485
5026,53155,false,0.584599
5027,13183,false,0.869782
5027,30014,false,0.827336
5027,42580,false,0.307272
5027,59185,false,0.127221
5028,46391,false,0.077908
5029,12530,false,0.520573
5029,53742,false,0.536118
5031,35066,false,0.090745
5032,29555,false,0.694508
5032,58587,false,0.203418
5033,45599,false,0.01126
5033,58332,false,0.172733
5034,31187,false,0.653537
5034,31214,false,0.213789
5034,34063,false,0.507377
5034,37842,false,0.968661
5034,41596,false,0.919764
5034,56343,false,0.966824
5035,28330,false,0.757317
5035,47022,false,0.292476
5036,37458,false,1.005033
5036,40446,false,0.860583
5037,51997,false,0.255796
5038,16064,false,0.596632
5038,30472,false,0.458588
5038,42054,false,0.660618
5040,15589,false,0.452137
5040,40600,false,0.989615
5040,59694,false,0.396076
5041,45155,false,0.24922
5042,17225,false,0.76058
5042,57986,false,0.619925
5043,17253,false,0.988052
5044,11608,false,0.328447
5044,32880,false,0.613115
5045,39378,false,0.868419
5045,48056,false,0.102916
5045,51185,false,0.643841
5045,59787,false,0.933183
5046,11122,false,0.323394
5046,23380,false,0.490468
5046,47777,false,0.704183
5046,56765,false,0.614157
5046,59805,false,0.820608
5048,12188,false,0.982532
5048,38873,false,0.517691
5048,48131,false,0.933116
5048,50670,false,0.223048
5049,18097,false,0.576334
5049,42702,false,0.046401
5049,49723,false,0.289276
5049,51609,false,0.805754
5050,13257,false,0.336753
5050,32085,false,0.412524
5050,33958,false,0.637005
5050,40616,false,0.218126
5050,44897,false,0.246967
5051,27781,false,0.942809
5051,59463,false,0.299528
5052,34728,false,0.298973
5052,39986,false,0.108227
5053,20434,false,0.451276
5053,39809,false,0.812084
5055,14101,false,0.452834
5055,38320,false,0.443659
5055,50528,false,0.346227
5055,55874,false,0.738513
5055,58480,false,0.519014
5056,24301,false,0.842891
5056,31358,false,0.989522
5056,42370,false,0.003872
5057,13739,false,0.67371
5057,19304,false,0.16265
5057,37222,false,0.5885
5057,44668,false,0.668587
5058,30483,false,0.628396
5058,41113,false,0.910601
5059,18069,false,0.517752
5059,28271,false,0.97168
5060,35702,false,0.932156
5061,35208,false,0.22427
5061,46928,false,0.853398
5062,32407,false,0.278951
5062,38594,false,0.540589
5062,59877,false,0.979981
5063,19184,false,0.232582
5063,19778,false,0.70977
5063,20839,false,0.588731
5063,37487,false,1.005362
5064,45750,false,0.009987
5065,26470,false,0.519819
5065,41012,false,0.912913
5066,30191,false,0.133947
5066,31243,false,0.178543
5068,26621,false,0.828493
5068,34176,false,0.666068
5068,57030,false,0.366281
5068,58248,false,0.434768
5069,12991,false,0.372841
5070,29273,false,0.496849
5070,35650,false,0.987137
5072,23580,false,0.363895
5072,54248,false,0.521946
5074,12809,false,0.909181
5074,14664,false,0.767693
5075,19798,false,0.256921
5075,22290,false,0.03439
5075,54510,false,0.156247
5076,23348,false,0.916553
5077,29739,false,0.725498
5079,14195,false,0.753071
5079,21029,false,0.567763
5079,43433,false,0.875489
5079,49172,false,0.242975
5079,51931,false,0.744325
5079,58171,false,0.029767
5080,26460,false,0.613209
5080,29606,false,0.320207
5080,31642,false,0.238574
5081,24568,false,0.607808
5081,30501,false,0.124202
5081,30711,false,0.413333
5081,33639,false,0.264832
5081,56470,false,0.188002
5083,18029,false,0.890314
5083,47569,false,0.633552
5083,48371,false,0.378079
5083,49531,false,0.710982
5084,33012,false,0.819942
5084,41172,false,0.252184
5084,59041,false,0.382994
5085,58420,false,0.349413
5086,11712,false,0.625226
5086,21483,false,0.219662
5086,25304,false,0.867434
5086,39195,false,0.236261
5087,36913,false,0.368412
5087,39504,false,0.571175
5088,14694,false,0.935872
5088,23992,false,0.445351
5088,33885,false,0.233693
5088,47416,false,0.366091
5089,13914,false,0.682675
5089,27875,false,0.175644
5090,50798,false,0.747143
5090,55341,false,0.073398
5091,33490,false,0.552525
5091,38483,false,0.32699
5092,18784,false,0.922118
5092,31065,false,0.03295
5092,51619,false,0.550779
5092,53636,false,0.061324
5094,47561,false,0.293649
5095,39288,false,0.783899
5095,41554,false,0.220096
5095,43687,false,0.420494
5096,23145,false,0.485575
5096,32591,false,0.522493
5096,40249,false,0.318676
5096,58550,false,0.278255
5097,19115,false,0.753547
5097,39065,false,0.983483
5097,48007,false,0.326735
5098,19808,false,0.680162
5098,36364,false,0.840045
5099,28407,false,0.448618
5099,46856,false,0.84654
5099,54876,false,0.196971
5100,50566,false,0.190173
5100,54428,false,0.121607
5101,49475,false,0.476756
5102,46517,false,0.416408
5104,21401,false,0.912489
5104,41102,false,0.772205
5104,54233,false,0.164312
5104,54584,false,0.988307
5104,56748,false,0.060212
5105,38246,false,0.175789
5105,38981,false,0.333793
5105,40502,false,0.92416
5105,53025,false,0.080109
5106,24382,false,0.190863
5106,50501,false,0.535394
5106,52077,false,0.306385
5107,37986,false,0.646231
5107,46855,false,0.038404
5108,18022,false,0.083069
5108,40728,false,1.005952
5108,49744,false,1.001031
5110,53896,false,0.034656
5110,53962,false,0.026387
5111,21850,false,0.643069
5111,24493,false,0.101043
5111,28317,false,0.075856
5111,59483,false,0.443277
5112,25560,false,0.542759
5112,25652,false,0.385513
5112,41900,false,0.020517
5113,50784,false,0.680791
5113,56848,false,0.962741
5114,27175,false,0.527514
5114,28166,false,0.164385
5115,42767,false,0.841036
5115,49415,false,0.518338
5116,15174,false,0.728206
5116,39439,false,0.528234
5116,59931,false,0.434332
5117,17410,false,0.401065
5117,27058,false,0.650435
5117,32241,false,0.203983
5117,33566,false,0.760948
5118,38533,false,0.123365
5119,18153,false,0.743079
5119,35613,false,0.898254
5119,51511,false,0.545702
5120,22976,false,0.005178
5120,32455,false,0.603624
5120,36768,false,0.792947
5120,38569,false,0.446463
5120,48134,false,0.001138
5121,13828,false,0.836142
5121,14680,false,0.667741
5121,24352,false,0.125433
5121,37855,false,0.25563
5122,35257,false,0.946124
5122,47713,false,0.864869
5123,17681,false,0.361023
5123,56642,false,0.819733
5123,59736,false,0.555041
5124,10915,false,0.5418
5124,47463,false,0.955557
5125,53237,false,0.353793
5126,29779,false,0.748615
5126,43853,false,0.632207
5127,18219,false,0.648923
5127,38309,false,0.148983
5129,45148,false,0.863697
5129,55956,false,0.601607
5130,58450,false,0.911514
5131,54343,false,0.730244
5131,54737,false,0.901736
5132,37463,false,0.663675
5132,40632,false,0.274796
5132,54242,false,0.65332
5132,54861,false,0.975462
5133,14513,false,0.208283
5133,21920,false,0.349596
5134,39150,false,0.558701
5136,26307,false,0.521101
5136,58427,false,0.386425
5137,13860,false,0.240683
5137,26804,false,0.841192
5138,26065,false,0.460117
5139,10414,false,0.787957
5139,11754,false,0.815396
5139,37943,false,0.930468
5140,27518,false,0.014263
5140,31331,false,0.255419
5140,50239,false,0.344856
5140,54133,false,0.709728
5140,59168,false,0.58681
5141,32254,false,0.758719
5141,34634,false,0.218846
5142,11874,false,0.629421
5142,58879,false,0.958789
5143,21978,false,0.785164
5144,19607,false,0.919053
5144,47434,false,0.596971
5145,23099,false,0.328288
5145,41320,false,0.27893
5145,54964,false,0.210537
5145,56193,false,0.572961
5146,13868,false,0.018577
5146,31431,false,0.456813
5148,33745,false,0.271014
5148,46339,false,0.050852
5148,53599,false,0.997675
5149,35447,false,0.479355
5149,46890,false,0.024861
5149,55615,false,0.145654
5150,12123,false,0.964299
5150,14412,false,0.116196
5150,14972,false,0.325264
5150,15138,false,0.329913
5151,7127,true,0.800916
5151,27700,false,0.126104
5151,44415,false,0.742962
5151,45408,false,0.540975
5152,12430,false,0.664779
5152,23794,false,0.998081
5152,52962,false,0.646983
5153,11257,false,0.315319
5153,24441,false,0.163985
5154,7422,true,0.713302
5155,7789,true,0.233821
5155,46770,false,0.093039
5155,51166,false,0.158301
5156,53093,false,0.359227
5157,23968,false,0.067518
5157,31893,false,0.757982
5157,37053,false,0.638566
5158,21317,false,0.363429
5158,23598,false,0.851825
5158,41484,false,0.047402
5158,52174,false,0.35702
5158,53790,false,0.153195
5158,57042,false,0.107354
5158,57781,false,0.787138
5159,45536,false,0.93145
5159,54534,false,0.268673
5159,58268,false,0.84046
5160,15155,false,0.602914
5162,14003,false,0.641739
5162,14690,false,0.725539
5162,28353,false,0.377748
5162,45618,false,0.567303
5163,21234,false,0.482606
5163,46972,false,0.214315
5163,51307,false,0.760015
5163,55683,false,0.161129
5164,7918,true,0.701142
5164,28712,false,0.274543
5165,7413,true,0.703521
5165,32509,false,0.963118
5165,34423,false,0.552668
5166,7023,true,0.350533
5166,7390,true,1.007804
5166,46554,false,0.490499
5167,10017,false,0.374341
5167,12504,false,0.16554
5167,16801,false,0.052633
5167,17878,false,0.101929
5167,29399,false,0.609878
5167,42569,false,0.542278
5167,51408,false,0.183606
5168,33875,false,0.378032
5168,36081,false,0.576107
5168,49935,false,0.856324
5169,24075,false,0.557936
5169,29885,false,0.361937
5169,39979,false,0.917089
5169,55536,false,0.478564
5170,17598,false,0.808038
5172,12961,false,0.362661
5172,26477,false,0.497347
5172,50028,false,0.705741
5173,10803,false,0.547537
5173,20207,false,0.708456
5173,35818,false,0.305688
5174,15121,false,0.594795
5174,21015,false,0.861293
5174,28261,false,0.071515
5175,12999,false,0.457558
5175,21955,false,0.071208
5175,40871,false,0.114664
5176,18265,false,0.142724
5176,30916,false,0.795881
5177,30271,false,0.50341
5178,10487,false,0.457154
5178,29074,false,0.137136
5178,51763,false,0.137828
5179,19214,false,0.513787
5179,46610,false,0.484645
5179,54395,false,0.548028
5180,12988,false,0.7147
5181,59827,false,0.280539
5182,22621,false,0.921404
5182,30634,false,0.122009
5182,37336,false,0.15846
5183,43902,false,0.759885
5184,24505,false,0.268785
5184,43823,false,0.65876
5185,12159,false,0.212741
5185,38029,false,0.668231
5185,58859,false,0.290877
5186,26665,false,0.910848
5186,48328,false,0.199065
5187,21543,false,0.016488
5187,49116,false,0.509293
5188,40498,false,0.189102
5188,43797,false,0.924163
5188,45159,false,0.12211
5189,38700,false,0.346939
5190,13962,false,0.93624
5190,46509,false,0.499308
5190,57877,false,0.099556
5191,48254,false,0.179538
5192,32914,false,0.045093
5192,37783,false,0.854409
5193,48271,false,0.98267
5194,18709,false,0.365431
5194,36991,false,0.7539
5194,46778,false,0.939416
5194,51339,false,0.915995
5194,58067,false,0.56418
5195,11716,false,0.542172
5195,32142,false,0.141224
5195,51571,false,0.161889
5195,52879,false,0.163068
5195,56168,false,0.203475
5196,50938,false,0.582688
5196,51253,false,0.525939
5196,59409,false,0.519323
5197,36665,false,0.233043
5198,17392,false,0.489895
5198,26251,false,0.341542
5198,40398,false,0.257581
5199,25320,false,0.502055
5200,24055,false,0.633075
5201,13529,false,0.404911
5201,28285,false,0.13882
5201,38658,false,0.450655
5201,48976,false,0.1016
5201,49040,false,0.655214
5202,14671,false,0.177873
5202,22877,false,0.772892
5202,28169,false,0.773163
5202,41873,false,0.468439
5202,43050,false,0.801338
5203,33638,false,0.759692
5204,36606,false,0.436032
5204,41026,false,0.381599
5205,53500,false,0.248107
5205,55500,false,0.44001
5206,19101,false,0.318243
5206,36200,false,0.56263
5206,51905,false,0.906633
5207,33618,false,0.990503
5207,36060,false,0.875679
5208,35786,false,0.673806
5208,51635,false,0.996395
5209,11704,false,0.899609
5209,24449,false,0.680915
5209,28773,false,0.269258
5209,37809,false,0.288958
5209,46236,false,0.093078
5210,38368,false,0.04861
5210,45939,false,0.852328
5211,26565,false,0.653032
5212,7724,true,0.007016
5212,13664,false,0.877527
5212,15234,false,0.855134
5212,36904,false,0.16419
5212,51234,false,0.61294
5213,13278,false,0.981999
5214,14334,false,0.856317
5214,35790,false,0.31934
5215,21041,false,0.888676
5215,24019,false,0.307905
5215,39370,false,0.338042
5215,46797,false,0.149129
5215,50245,false,0.009758
5216,24991,false,0.067771
5216,25249,false,0.750488
5216,30830,false,0.835865
5217,17251,false,0.945863
5217,18844,false,0.157407
5217,36016,false,0.638629
5217,51587,false,0.745078
5218,28297,false,0.27962
5218,29229,false,0.259725
5218,42337,false,0.381842
5218,55929,false,0.738862
5219,37365,false,0.966011
5219,46166,false,0.391895
5220,10202,false,0.943472
5221,16255,false,0.473488
5221,24548,false,0.477929
5221,33535,false,0.786474
5221,52372,false,0.844281
5222,27589,false,0.286553
5222,53584,false,0.867766
5223,13366,false,0.358366
5223,16510,false,0.519132
5223,30440,false,0.010853
5223,34016,false,0.47823
5224,31650,false,0.404427
5224,34333,false,0.601443
5225,10215,false,0.700606
5225,26747,false,0.379831
5225,30663,false,0.563198
5225,53311,false,0.624788
5226,17772,false,0.86517
5228,29274,false,0.968902
5228,37309,false,0.435933
5228,56583,false,0.346526
5228,57803,false,0.292976
5229,17235,false,0.849353
5229,44639,false,0.18565
5230,45209,false,0.822752
5230,46258,false,0.814883
5231,10520,false,0.57263
5231,12940,false,0.655028
5231,38281,false,0.96363
5232,7288,true,0.089986
5232,21534,false,0.457294
5232,35419,false,0.111068
5232,48152,false,0.471859
5233,11777,false,0.901922
5233,24078,false,0.188874
5233,34805,false,0.178037
5233,55491,false,0.716137
5234,7670,true,0.759726
5234,7962,true,0.193932
5234,18143,false,0.455297
5234,28581,false,0.388626
5234,37806,false,0.039276
5234,54559,false,0.070656
5235,46115,false,0.66679
5235,52880,false,0.975366
5236,7793,true,0.975656
5236,30129,false,0.556596
5236,34032,false,0.690159
5236,35541,false,0.581147
5236,59260,false,0.190459
5237,7146,true,0.361941
5237,42244,false,0.621305
5237,48003,false,0.349746
5238,17288,false,0.243034
5238,50010,false,0.832211
5239,22029,false,0.07207
5240,7197,true,0.374287
5240,7867,true,0.793937
5240,24563,false,0.091175
5240,27468,false,0.98859
5241,49264,false,0.85986
5242,48215,false,0.835453
5242,51972,false,0.126209
5243,7919,true,0.349042
5243,30018,false,0.388699
5243,55594,false,0.386431
5244,7439,true,0.107339
5244,7710,true,0.525718
5244,18464,false,0.414203
5244,21671,false,0.523566
5245,7989,true,0.088053
5245,24667,false,0.564782
5245,31235,false,0.667741
5245,56991,false,0.069731
5247,7139,true,0.91532
5247,21862,false,0.496934
5247,26869,false,0.102984
5247,35118,false,0.465825
5247,36971,false,0.067913
5247,58534,false,0.069691
5248,24094,false,0.902141
5248,52435,false,0.831906
5249,7008,true,0.617684
5249,13656,false,0.350107
5250,7703,true,0.608827
5250,7923,true,1.021123
5250,23592,false,0.514533
5250,24515,false,0.933468
5250,28519,false,0.445897
5250,33559,false,0.387256
5250,56141,false,0.482
5251,17174,false,0.201006
5251,20483,false,0.097343
5251,21491,false,0.718318
5252,7646,true,0.784828
5252,12443,false,0.780804
5252,32165,false,0.934022
5252,40137,false,0.836728
5252,51272,false,0.51204
5253,13244,false,0.926136
5253,49906,false,0.018246
5254,23296,false,0.648488
5254,32698,false,0.373668
5254,35357,false,0.084257
5254,55566,false,0.863191
5255,25561,false,0.701036
5255,39142,false,0.570443
5256,21802,false,0.234702
5256,41306,false,0.631478
5257,37610,false,0.813259
5258,14584,false,0.657846
5258,58978,false,0.893449
5259,13784,false,0.65766
5259,21288,false,0.924238
5259,33290,false,0.977127
5259,36787,false,0.311604
5261,21848,false,0.800374
5261,32560,false,0.948289
5261,37647,false,0.228381
5262,32983,false,0.041102
5263,19061,false,0.484736
5263,30009,false,0.371235
5264,56768,false,0.434942
5265,15943,false,0.410121
5266,53545,false,0.124673
5267,27612,false,0.559787
5267,35789,false,0.103459
5268,33286,false,0.348131
5268,40196,false,0.252426
5268,52705,false,0.972276
5271,14467,false,0.48396
5272,16491,false,0.163327
5273,27334,false,0.937563
5273,47065,false,0.624973
5274,13522,false,0.790818
5274,28589,false,0.951583
5274,47922,false,0.436107
5274,48954,false,0.617905
5275,14281,false,1.015499
5275,37173,false,0.452287
5275,37569,false,0.177517
5275,46292,false,0.999154
5276,38805,false,0.122862
5276,42333,false,0.161207
5276,58342,false,0.940586
5277,14027,false,0.808623
5279,22248,false,0.596639
5279,45351,false,0.985155
5280,26724,false,0.621636
5280,32154,false,0.284907
5280,42435,false,0.019643
5280,45598,false,0.645922
5281,21175,false,0.563863
5281,28306,false,0.900891
5281,28951,false,0.109879
5281,55058,false,0.996095
5281,57221,false,0.238985
5282,26832,false,0.861978
5283,15260,false,0.258664
5283,49343,false,0.684847
5284,22657,false,0.834046
5284,31914,false,0.198289
5285,31055,false,0.298046
5285,33237,false,0.390498
5285,35010,false,0.993265
5285,37121,false,0.371922
5285,37236,false,0.374465
5286,13535,false,0.375385
5286,58318,false,0.649373
5287,43060,false,0.309876
5287,45457,false,0.381173
5287,56383,false,0.236164
5289,12124,false,0.462566
5289,31762,false,0.021494
5289,44576,false,0.075475
5289,51104,false,0.009078
5290,18642,false,0.003388
5290,24829,false,0.459479
5290,36377,false,0.56005
5290,52967,false,0.385236
5290,59804,false,0.70318
5291,11162,false,0.993756
5291,47028,false,0.459197
5291,58373,false,0.729826
5292,33102,false,0.369371
5292,37195,false,0.977774
5292,49249,false,0.970525
5292,59007,false,0.555803
5293,39827,false,0.799065
5294,41767,false,0.173681
5294,41974,false,0.355382
5294,44473,false,0.711946
5294,47512,false,0.894434
5294,54613,false,0.406239
5295,10086,false,0.643699
5295,12630,false,0.651701
5295,24821,false,0.201429
5295,50615,false,0.020416
5296,42812,false,0.088338
5296,54470,false,6.8E-5
5297,49952,false,0.671983
5298,13817,false,0.714108
5298,28508,false,0.27125
5300,35854,false,0.374379
5300,41875,false,0.890315
5301,16442,false,0.384118
5301,23461,false,0.597337
5301,27926,false,0.844996
5301,29135,false,0.522938
5301,58423,false,0.680906
5302,17730,false,0.019646
5302,34438,false,0.679461
5302,57796,false,0.195
5303,20639,false,0.399419
5303,30054,false,0.231277
5304,40133,false,0.450596
5305,33777,false,0.538755
5305,48403,false,0.322352
5306,17497,false,0.939576
5307,47552,false,0.004486
5309,34989,false,0.669731
5310,31346,false,0.478411
5310,39261,false,0.399959
5311,10490,false,0.46526
5311,50734,false,0.115872
5312,20272,false,0.631869
5312,53715,false,0.339474
5313,25345,false,0.033025
5313,46223,false,0.26994
5314,54711,false,0.739723
5314,58278,false,0.780349
5315,25713,false,0.491443
5315,48998,false,0.053108
5315,53748,false,0.045273
5316,18962,false,0.960986
5316,24827,false,0.617194
5317,51654,false,0.638149
5318,20229,false,0.734055
5318,22314,false,0.218646
5318,23048,false,0.237205
5318,24450,false,0.351871
5318,31528,false,0.604129
5318,45332,false,0.413115
5320,35914,false,0.438262
5320,51641,false,0.564249
5321,51761,false,0.844592
5321,53398,false,0.175954
5323,56837,false,0.472017
5323,59456,false,0.412763
5324,12071,false,0.860562
5324,41257,false,0.492159
5324,46000,false,0.225727
5325,17803,false,0.345253
5325,25344,false,0.745389
5325,35604,false,0.063177
5325,47246,false,0.580972
5325,48641,false,0.863068
5326,11911,false,0.084404
5326,23081,false,1.005567
5326,23308,false,0.61194
5326,27476,false,0.192083
5326,39397,false,0.894492
5327,34596,false,0.488578
5328,19458,false,0.844025
5328,23740,false,0.097941
5328,32813,false,0.097502
5329,22308,false,0.780813
5329,31456,false,0.071163
5330,11487,false,0.110062
5331,33329,false,0.618579
5331,33673,false,0.222856
5331,36034,false,0.241045
5332,34432,false,0.705131
5332,42125,false,0.186432
5332,50643,false,0.158931
5333,11134,false,0.842886
5333,54145,false,0.559701
5334,52567,false,0.795623
5335,22045,false,0.154664
5335,28132,false,0.680751
5336,33585,false,0.584373
5336,37264,false,0.6001
5336,38848,false,0.28326
5338,17946,false,0.102032
5338,19617,false,0.931168
5339,18567,false,0.984304
5340,31303,false,0.526297
5340,49235,false,0.320726
5341,32922,false,0.509938
5341,52014,false,0.857818
5342,35655,false,0.433677
5342,55325,false,0.122663
5343,25565,false,1.001598
5343,25775,false,0.065783
5343,38341,false,0.867519
5343,51248,false,0.785567
5344,19677,false,0.14963
5344,28621,false,0.003169
5344,48090,false,0.212728
5345,18665,false,0.057915
5345,18850,false,0.153096
5345,24524,false,0.803558
5345,39776,false,0.787111
5345,49991,false,0.328147
5346,34712,false,0.976664
5347,12856,false,0.946296
5347,17382,false,0.813485
5347,37035,false,0.56387
5347,39011,false,0.112768
5348,45864,false,0.112126
5350,26175,false,0.619684
5350,33127,false,1.007624
5350,43825,false,0.842944
5351,40693,false,0.780346
5351,42479,false,0.675006
5351,45662,false,0.308236
5351,49341,false,0.573922
5353,13884,false,0.780121
5353,57930,false,0.364985
5354,19099,false,0.949366
5354,47243,false,0.967896
5354,59124,false,0.582295
5355,29613,false,0.210906
5356,10435,false,0.927533
5356,11672,false,0.233979
5356,51941,false,0.329849
5357,32496,false,0.944062
5358,28387,false,0.147772
5358,46085,false,0.497435
5359,11104,false,0.934018
5359,23776,false,1.004423
5359,26075,false,0.994882
5360,45412,false,0.13328
5360,47513,false,0.586354
5361,11486,false,0.537911
5361,12880,false,0.444661
5361,23682,false,0.612312
5361,27137,false,0.703036
5361,29981,false,0.217506
5362,44645,false,0.786659
5362,46418,false,0.165295
5363,17528,false,0.739038
5363,19484,false,0.275197
5364,20313,false,0.192531
5364,31891,false,0.582288
5364,48228,false,0.254628
5365,10018,false,0.452666
5365,50589,false,0.393042
5366,36922,false,0.020287
5366,40042,false,0.696659
5367,26582,false,0.041918
5367,40881,false,0.003338
5367,47716,false,0.760041
5367,53806,false,0.326983
5368,18418,false,0.549034
5368,33176,false,0.998678
5369,37216,false,0.009859
5369,38107,false,0.282772
5369,52026,false,0.377587
5370,56182,false,0.719654
5372,15280,false,0.069089
5372,56833,false,0.678601
5373,10861,false,0.765482
5373,15055,false,0.665566
5373,17726,false,0.334955
5373,21236,false,0.860743
5373,22385,false,0.557115
5374,47545,false,0.463536
5375,18456,false,0.045085
5375,19072,false,0.22692
5375,25266,false,0.063247
5375,35250,false,0.341598
5375,52162,false,0.063294
5376,34391,false,0.389173
5376,44436,false,0.866893
5376,56351,false,0.864996
5377,16809,false,0.782481
5377,44789,false,0.503977
5378,26632,false,0.523677
5378,48378,false,0.945377
5378,57598,false,0.527976
5379,32416,false,0.14985
5380,31755,false,0.283416
5380,54796,false,0.026278
5380,57727,false,0.084901
5381,26769,false,0.196778
5382,49155,false,0.107024
5382,55102,false,0.426603
5383,24973,false,0.932773
5383,25434,false,0.373986
5383,31759,false,0.770167
5383,38101,false,0.93659
5383,55197,false,0.064572
5384,14159,false,0.348511
5384,35494,false,0.202056
5384,39808,false,0.942976
5384,51035,false,0.066721
5385,58580,false,0.084278
5386,17131,false,0.6497
5386,21817,false,0.866237
5386,41735,false,0.142372
5387,10786,false,0.220867
5387,31116,false,0.414305
5387,48718,false,0.64938
5388,10934,false,0.320814
5388,48871,false,0.068248
5389,52150,false,0.117725
5390,42494,false,0.328545
5391,36486,false,0.137181
5391,36816,false,0.458386
5391,37032,false,0.392955
5392,46525,false,0.11685
5393,36289,false,0.152856
5393,42065,false,0.828684
5393,58669,false,0.017663
5394,27378,false,0.188457
5394,48226,false,0.677891
5397,16096,false,0.692359
5397,23768,false,1.003828
5397,35142,false,0.411247
5397,44912,false,0.620891
5398,56875,false,0.729604
5399,14169,false,0.552197
5399,45792,false,0.703172
5400,16429,false,0.571544
5400,26028,false,0.393774
5400,32177,false,0.399905
5400,46430,false,0.91104
5401,7181,true,0.034723
5401,11575,false,0.044549
5401,12418,false,0.844149
5401,42989,false,0.411261
5402,14953,false,0.505654
5402,35538,false,0.339064
5402,52945,false,0.793395
5402,56195,false,0.253005
5402,57903,false,0.514215
5403,7523,true,0.436584
5403,13051,false,0.729336
5404,36848,false,0.832286
5405,44362,false,0.071739
5406,29781,false,0.30199
5406,37198,false,0.834898
5406,52839,false,0.084899
5406,56241,false,0.213873
5408,43294,false,0.251153
5408,57452,false,0.776023
5409,31708,false,0.144274
5410,32634,false,0.436626
5411,30125,false,0.24038
5412,35129,false,0.042933
5412,36767,false,0.835516
5413,11829,false,0.008619
5413,21492,false,0.889566
5413,48046,false,0.65895
5414,38092,false,0.113078
5415,11435,false,0.712122
5415,27281,false,0.879235
5415,31782,false,0.558338
5416,13513,false,0.158057
5416,45152,false,0.132216
5417,23875,false,0.929937
5417,45406,false,1.008432
5417,58826,false,0.308229
5418,31150,false,0.804947
5418,52681,false,0.703157
5419,22904,false,0.437406
5419,42734,false,0.58323
5419,43924,false,0.430742
5421,10759,false,0.455123
5421,21339,false,0.121691
5421,25439,false,0.532134
5421,48613,false,0.972883
5421,50199,false,0.885337
5422,29325,false,0.271594
5422,43661,false,0.517761
5423,38983,false,0.418512
5423,43631,false,0.71457
5423,50669,false,0.451239
5424,14704,false,0.534422
5424,19324,false,0.340553
5424,26120,false,0.763723
5424,37470,false,0.587034
5424,39354,false,0.100232
5425,35688,false,0.464764
5425,41123,false,0.50313
5425,55292,false,0.93068
5426,18186,false,0.682543
5426,27919,false,0.640398
5426,37239,false,0.456237
5426,38559,false,0.028067
5427,27354,false,0.188495
5427,40953,false,0.77024
5428,17650,false,0.352404
5429,21000,false,0.591165
5430,21120,false,0.549012
5430,43575,false,0.520765
5430,43579,false,0.067068
5431,18783,false,0.033245
5431,40350,false,0.633752
5431,40798,false,0.307587
5431,45826,false,0.74463
5432,26191,false,0.628465
5432,26495,false,0.596722
5433,38988,false,0.355463
5434,14723,false,0.363269
5434,37703,false,0.77153
5434,41245,false,0.465799
5435,36458,false,0.30076
5435,51398,false,0.811403
5435,53057,false,0.613212
5435,56380,false,0.306349
5436,28340,false,0.67252
5436,33132,false,0.026824
5437,20080,false,0.044853
5437,56272,false,0.334991
5438,56056,false,0.342278
5440,58116,false,0.605464
5441,10661,false,0.792997
5442,11943,false,0.817005
5442,21636,false,0.39463
5442,29760,false,0.435716
5442,48850,false,0.609811
5442,52126,false,0.016929
5443,15471,false,0.074148
5443,28109,false,0.282959
5443,46143,false,0.59538
5443,59992,false,0.660991
5444,16754,false,0.587507
5444,18494,false,1.004357
5444,22331,false,0.800086
5444,28420,false,0.562962
5444,30316,false,0.019466
5444,38442,false,0.809384
5444,47453,false,0.994395
5445,36476,false,0.793235
5445,57506,false,0.561389
5446,36810,false,0.814819
5446,56572,false,0.70828
5447,31234,false,0.189679
5448,38098,false,0.976068
5448,38892,false,0.031844
5448,44052,false,0.409135
5448,58567,false,0.261667
5449,17433,false,0.211401
5449,31439,false,0.19339
5449,44964,false,0.612121
5451,14923,false,0.640387
5451,29922,false,0.629945
5451,55690,false,0.528109
5451,58443,false,0.322595
5452,22467,false,0.237649
5452,23055,false,0.313864
5452,34367,false,0.653971
5452,42099,false,0.522673
5452,44745,false,0.78098
5452,46273,false,0.118417
5453,16278,false,0.980452
5453,31928,false,0.514393
5453,39948,false,0.477286
5454,15957,false,0.854509
5454,45737,false,0.499124
5455,7999,true,0.750587
5455,45418,false,0.294418
5456,7939,true,0.832868
5456,11242,false,0.697752
5456,50904,false,0.367341
5457,18628,false,0.709947
5457,32170,false,0.041032
5458,36580,false,0.021464
5458,45699,false,0.002078
5459,32069,false,0.362108
5459,49602,false,0.005402
5460,34031,false,0.232646
5461,23867,false,0.234958
5461,26209,false,0.935726
5463,30932,false,0.148675
5463,37611,false,0.224299
5463,45021,false,0.445621
5463,48346,false,0.076233
5464,10897,false,1.000219
5464,15759,false,0.045423
5464,24028,false,0.072387
5464,28472,false,0.558632
5464,43869,false,0.428391
5465,15075,false,0.737265
5465,16130,false,0.28513
5465,17962,false,0.919958
5465,23907,false,0.78897
5465,33800,false,0.928145
5465,39042,false,0.200417
5465,42188,false,0.620413
5465,45995,false,0.232109
5467,32256,false,0.716833
5467,39348,false,0.316729
5467,46973,false,1.00376
5468,13918,false,0.709573
5468,36505,false,0.271246
5468,53118,false,0.3857
5468,56673,false,0.394855
5469,10603,false,0.222821
5469,43782,false,0.531805
5469,48791,false,0.813594
5470,23589,false,0.76879
5472,20814,false,0.698068
5472,29051,false,0.091319
5472,31984,false,0.848731
5472,45540,false,0.592725
5472,50600,false,0.443104
5472,57406,false,0.060921
5473,12098,false,0.4084
5473,41758,false,0.796905
5473,56821,false,0.877485
5474,54378,false,0.72636
5475,12695,false,0.901784
5475,15290,false,0.182163
5476,22288,false,0.515333
5476,42938,false,0.558751
5478,19046,false,0.856962
5478,28042,false,0.432504
5478,56420,false,0.286734
5479,22496,false,0.630644
5479,44489,false,0.192325
5479,48153,false,0.622946
5479,57505,false,0.634841
5479,59622,false,0.400612
5480,14267,false,0.523492
5480,29647,false,0.725851
5480,53459,false,0.521648
5480,54649,false,0.738012
5481,55962,false,0.389541
5482,43920,false,0.743922
5482,43929,false,0.799568
5482,57365,false,0.56099
5482,58973,false,0.866682
5483,30696,false,0.387721
5483,49539,false,0.981202
5485,48259,false,0.226072
5485,49358,false,0.313065
5485,59865,false,0.185803
5486,23437,false,0.553565
5486,29938,false,0.801901
5486,57077,false,0.048379
5486,58799,false,0.218743
5487,14778,false,0.426653
5487,16962,false,0.223312
5487,24353,false,0.479369
5487,28735,false,0.240853
5489,10301,false,0.752436
5489,20192,false,0.047732
5489,28375,false,0.769231
5489,44981,false,0.591439
5490,17137,false,0.976915
5490,27791,false,0.541871
5492,10399,false,0.235478
5492,26429,false,0.013666
5492,57492,false,0.21456
5493,47939,false,0.171609
5493,49542,false,0.170632
5494,39696,false,0.365038
5495,13332,false,0.937824
5495,33801,false,0.591669
5496,11809,false,0.175312
5496,21427,false,0.758551
5496,24149,false,0.002641
5496,41205,false,0.908282
5496,43893,false,0.881665
5496,56680,false,0.491294
5497,16999,false,0.158582
5497,41775,false,0.312861
5497,49514,false,0.383463
5499,14602,false,0.31149
5499,16300,false,0.056954
5501,23850,false,0.385985
5501,31722,false,0.78606
5501,34167,false,0.533643
5501,35443,false,0.701491
5502,22252,false,0.634899
5502,40361,false,0.77464
5503,20792,false,0.770384
5504,36335,false,0.99566
5505,17212,false,0.121989
5506,13014,false,0.275575
5506,16760,false,0.376094
5507,25403,false,0.374354
5509,19759,false,1.008545
5509,50131,false,0.365326
5509,59789,false,0.886681
5511,10809,false,0.612905
5511,28438,false,0.814436
5511,45865,false,0.635112
5512,11946,false,0.49323
5512,12763,false,0.705264
5512,22627,false,0.971553
5513,14779,false,0.135596
5513,56834,false,1.006429
5514,31594,false,0.246779
5514,41368,false,1.006328
5515,40955,false,0.215311
5517,50647,false,0.861197
5518,29076,false,0.38903
5518,40300,false,0.285276
5520,48357,false,0.22872
5520,49938,false,0.966975
5520,50340,false,0.870012
5522,22355,false,0.721082
5522,27850,false,0.700888
5522,55604,false,0.074221
5523,28910,false,0.054733
5523,42355,false,0.159468
5523,58795,false,0.459624
5526,20773,false,0.070852
5526,53364,false,0.176
5527,33083,false,0.687142
5527,48102,false,0.355758
5528,17020,false,0.053758
5528,24516,false,0.528224
5528,45819,false,0.707545
5530,44004,false,0.594567
5530,44806,false,0.867543
5530,46191,false,0.488916
5531,14343,false,0.85178
5531,25296,false,0.310193
5532,25872,false,0.907017
5532,40716,false,0.272957
5532,48847,false,0.533429
5533,59332,false,0.104364
5534,22521,false,0.332395
5534,28425,false,0.897771
5534,33165,false,0.781995
5535,43742,false,0.660526
5535,50162,false,0.965071
5536,44428,false,0.42896
5537,13264,false,0.351221
5537,50800,false,0.671975
5537,51409,false,0.12948
5538,40290,false,0.072303
5539,35391,false,0.52054
5539,43767,false,0.186717
5539,52022,false,0.368655
5540,10380,false,0.193637
5540,16347,false,0.18837
5540,16537,false,0.608712
5541,28585,false,0.435233
5541,32597,false,0.27034
5541,47119,false,0.654819
5541,52639,false,0.340437
5542,18334,false,0.235974
5542,40336,false,0.152724
5542,52169,false,0.032083
5542,52199,false,0.876793
5543,18583,false,0.263501
5543,47504,false,0.234569
5543,50837,false,0.107708
5543,57489,false,0.626827
5543,59482,false,0.481822
5546,7653,true,0.303891
5546,27738,false,0.408619
5546,55066,false,0.055841
5546,55994,false,0.195508
5546,56020,false,0.210516
5547,7725,true,0.973116
5547,38351,false,0.136146
5547,38755,false,0.049806
5547,42628,false,0.934741
5547,44532,false,0.408783
5547,49927,false,0.522296
5547,59842,false,0.931717
5548,7956,true,0.668664
5548,11206,false,0.764927
5548,42854,false,0.304661
5549,11169,false,0.757365
5549,17284,false,0.683087
5549,40269,false,0.748835
5549,55330,false,0.636906
5551,7152,true,0.720947
5551,26549,false,0.708775
5551,27248,false,0.826984
5551,29153,false,0.056672
5551,55077,false,0.793508
5552,7316,true,0.394356
5552,40930,false,0.321273
5552,41848,false,0.937107
5552,47989,false,0.8985
5552,49529,false,0.561729
5552,52784,false,0.018803
5553,7037,true,0.20782
5553,7529,true,0.451962
5555,7579,true,0.435328
5555,33355,false,0.84143
5555,58082,false,0.893244
5556,11039,false,0.204663
5556,17748,false,0.905079
5556,20268,false,0.367622
5556,34856,false,0.829733
5557,7073,true,0.426137
5557,7897,true,0.308421
5557,18015,false,0.768911
5557,27155,false,0.563894
5557,43968,false,0.592218
5558,7110,true,0.779993
5558,19715,false,0.517516
5558,27203,false,0.015065
5559,13063,false,0.843925
5559,29410,false,0.413608
5559,31188,false,0.161752
5559,32052,false,0.13206
5561,12934,false,0.636746
5561,54408,false,0.509893
5562,40417,false,0.927447
5563,11963,false,0.169205
5564,36779,false,0.080435
5565,15464,false,0.957374
5565,20444,false,0.805837
5565,40560,false,0.085154
5565,43085,false,0.123204
5565,51306,false,0.128028
5566,46621,false,0.036805
5566,47244,false,0.015035
5567,22309,false,0.240958
5567,47318,false,0.96047
5568,56429,false,0.200111
5569,16633,false,0.502346
5570,21070,false,0.911269
5570,55679,false,0.777391
5571,19336,false,0.044672
5571,25827,false,0.834963
5571,29657,false,0.298234
5571,42520,false,0.420977
5571,54162,false,0.09043
5572,19314,false,0.126586
5572,33609,false,0.751398
5572,33622,false,0.667517
5572,38015,false,1.007623
5572,46068,false,0.930104
5573,21183,false,0.936389
5574,18005,false,0.33662
5574,38243,false,0.123195
5574,42184,false,0.153257
5575,15374,false,0.971662
5575,18786,false,0.159027
5575,29888,false,0.427083
5575,50916,false,0.459209
5575,56549,false,0.692804
5576,10969,false,0.559023
5576,22664,false,0.140006
5576,27651,false,0.671921
5577,15503,false,0.444455
5577,27956,false,0.535178
5577,54926,false,0.443666
5578,12982,false,0.150086
5578,17701,false,0.696964
5578,37912,false,0.92299
5578,43063,false,0.763804
5578,44863,false,0.30086
5579,43858,false,0.260656
5581,35733,false,0.832957
5581,38643,false,0.488265
5581,41595,false,0.971679
5581,42755,false,0.539996
5582,17723,false,0.802607
5582,23458,false,0.381757
5582,30970,false,0.896009
5582,31311,false,0.047175
5582,43154,false,0.797737
5583,17046,false,0.127658
5584,17341,false,0.840372
5584,20751,false,0.346583
5584,31962,false,0.620154
5584,48875,false,0.385487
5585,39965,false,0.551252
5585,57155,false,0.173792
5586,14669,false,0.820207
5587,14656,false,0.770034
5587,47331,false,0.369688
5588,12617,false,0.982144
5588,16665,false,0.967067
5588,34820,false,0.343292
5589,11567,false,0.337914
5589,14983,false,0.465707
5590,26152,false,0.908685
5590,26335,false,0.967744
5590,55025,false,0.832681
5591,7411,true,0.839122
5591,8002,true,0.311637
5591,27682,false,0.740557
5591,49686,false,0.54071
5592,7051,true,0.009293
5592,7388,true,0.267346
5592,7393,true,0.342321
5592,7568,true,0.16387
5592,7779,true,0.517335
5592,15175,false,0.439156
5592,53656,false,0.416901
5593,7083,true,0.331546
5593,7193,true,0.244153
5593,33481,false,0.542632
5593,34248,false,0.023228
5594,7857,true,0.791239
5594,7958,true,0.377517
5594,39203,false,0.691307
5594,47749,false,0.920783
5595,7345,true,0.112751
5595,27165,false,0.865802
5595,41533,false,0.236029
5596,7210,true,0.726063
5596,15846,false,0.18823
5596,15949,false,0.92102
5597,7173,true,0.394948
5597,38216,false,0.07533
5597,55640,false,0.270725
5598,7239,true,0.877973
5598,13182,false,0.545726
5598,14382,false,0.932926
5598,41908,false,0.569026
5599,47097,false,0.137558
5599,55914,false,0.981132
5600,34686,false,0.094612
5600,51873,false,0.108655
5601,56457,false,0.858591
5602,7751,true,0.005224
5602,20505,false,0.850291
5602,52239,false,0.159821
5603,7007,true,0.212969
5603,17102,false,0.4073
5604,7242,true,0.031326
5604,7438,true,0.602511
5604,16580,false,0.328258
5604,25189,false,0.810178
5604,44334,false,0.10587
5605,7251,true,0.230176
5605,7807,true,0.817981
5605,7922,true,0.740648
5605,53611,false,0.871961
5605,54050,false,0.05695
5606,7673,true,0.329921
5606,16440,false,0.815955
5606,34430,false,0.906017
5607,49167,false,0.729153
5607,49980,false,0.606125
5607,53339,false,0.935276
5607,57761,false,0.627413
5608,7815,true,0.485038
5608,7924,true,0.588604
5608,14449,false,0.456241
5608,22180,false,0.601636
5608,35896,false,0.337685
5608,47802,false,0.064728
5609,18878,false,0.782244
5609,45208,false,0.937304
5609,56021,false,0.283303
5610,30033,false,0.356788
5611,18421,false,0.399241
5612,11381,false,0.888311
5612,37882,false,0.386974
5612,40887,false,0.4049
5612,43641,false,0.531846
5612,52305,false,0.808967
5612,56797,false,0.888967
5613,15466,false,0.793974
5613,16838,false,0.670113
5613,30719,false,0.793277
5613,56422,false,0.664139
5613,59216,false,0.396836
5614,12814,false,0.031568
5614,13934,false,0.368495
5614,35731,false,0.710446
5614,45746,false,0.193875
5614,49758,false,0.205941
5614,50586,false,0.186165
5614,51123,false,0.251832
5614,53154,false,0.726594
5615,11543,false,0.977636
5615,19456,false,0.415442
5615,39566,false,0.987385
5615,45039,false,0.858952
5616,13943,false,0.47947
5616,29238,false,0.955325
5616,45894,false,0.506494
5617,24582,false,0.593379
5617,25047,false,0.57664
5618,13947,false,0.069494
5618,42191,false,0.099
5619,23733,false,0.510713
5619,31052,false,0.91029
5619,40174,false,0.464109
5619,56277,false,0.931896
5620,12537,false,0.152365
5620,17008,false,1.003709
5620,36430,false,0.770601
5621,45898,false,0.090966
5621,56116,false,0.036307
5622,21733,false,0.336344
5622,31246,false,0.502409
5622,40437,false,0.795241
5622,59367,false,0.12531
5623,46162,false,0.003939
5624,17465,false,0.552793
5625,10332,false,0.813829
5625,16377,false,0.329272
5625,51257,false,0.543111
5626,28081,false,0.695285
5627,22920,false,0.309179
5627,35348,false,0.176597
5627,41045,false,0.034723
5627,49687,false,0.274335
5628,31899,false,0.036919
5628,55117,false,0.944205
5629,42946,false,0.556055
5629,45481,false,0.965906
5630,43803,false,0.462543
5631,14095,false,0.375985
5631,31387,false,0.972363
5631,44636,false,0.203854
5631,53503,false,0.167164
5631,57627,false,0.653743
5632,27169,false,0.722441
5632,40868,false,0.203695
5632,48916,false,0.634051
5633,21816,false,0.844836
5633,22167,false,0.715623
5633,55390,false,0.619139
5634,12405,false,0.247146
5635,22224,false,0.59748
5635,59898,false,0.727279
5636,24746,false,0.709835
5637,12452,false,0.278258
5637,13495,false,0.73982
5637,36881,false,0.893918
5638,14893,false,0.365905
5638,31301,false,0.161391
5638,35309,false,0.288125
5639,24463,false,0.302267
5640,25309,false,0.145038
5640,43978,false,0.993483
5641,11900,false,0.312604
5641,12088,false,0.027665
5641,21081,false,0.751966
5641,24777,false,0.769449
5641,33227,false,0.13181
5642,19344,false,0.162249
5642,27032,false,0.065707
5642,42089,false,0.435917
5642,59022,false,0.885941
5643,11872,false,0.821501
5643,13186,false,0.386822
5643,18458,false,0.581173
5643,28094,false,0.210809
5644,24558,false,0.926406
5645,15572,false,0.020791
5645,20718,false,0.633744
5645,34042,false,0.660315
5646,10297,false,0.731713
5649,23887,false,0.197814
5649,49766,false,0.70021
5649,55822,false,0.455667
5650,7030,true,0.754092
5650,7643,true,0.33541
5650,14609,false,0.544187
5650,47051,false,0.988477
5651,7573,true,0.042258
5651,24087,false,0.555797
5651,35397,false,0.122775
5652,51062,false,0.258178
5653,19591,false,0.928446
5653,26073,false,0.702559
5653,29363,false,0.978187
5654,25749,false,0.391026
5654,34321,false,0.231371
5654,44640,false,0.584483
5654,57383,false,0.181487
5655,7650,true,1.012443
5656,41024,false,0.528644
5656,49754,false,0.557282
5657,22559,false,0.186856
5658,14015,false,0.166502
5658,24787,false,0.558991
5658,25389,false,0.449151
5658,38076,false,0.329185
5658,38182,false,0.452164
5658,51446,false,0.732391
5658,54285,false,0.830777
5658,58060,false,0.954386
5658,58530,false,0.098798
5659,10627,false,0.872545
5659,25411,false,0.373879
5660,48677,false,0.662276
5661,20585,false,0.548409
5661,28812,false,0.479408
5662,16857,false,0.956726
5662,35476,false,0.401448
5663,20395,false,0.009423
5663,40312,false,0.022132
5664,23402,false,0.789594
5664,26770,false,0.662648
5665,23535,false,0.365855
5665,33052,false,0.510187
5665,37479,false,0.312743
5665,52610,false,0.807931
5666,18746,false,0.457785
5667,13462,false,0.926898
5667,17981,false,0.387998
5667,42459,false,0.873946
5667,43559,false,0.276023
5668,43169,false,0.884791
5668,53997,false,0.163823
5668,54539,false,0.311599
5669,37376,false,0.369287
5669,48655,false,0.40674
5670,10170,false,0.484362
5670,17727,false,0.378572
5670,40763,false,0.049243
5670,56039,false,0.191637
5671,17804,false,0.390462
5671,18667,false,0.873268
5671,51623,false,0.730508
5672,14433,false,0.194518
5673,18763,false,0.938185
5674,22452,false,0.366606
5675,12926,false,0.691396
5675,13719,false,0.251134
5675,27786,false,0.344055
5675,35941,false,0.837589
5675,44603,false,0.059294
5675,47702,false,0.274359
5676,7130,true,0.370765
5676,27050,false,0.98168
5676,27328,false,0.599213
5677,7637,true,0.107518
5677,7677,true,0.362596
5677,15415,false,0.175934
5677,16017,false,0.938988
5678,7222,true,0.542639
5678,7309,true,0.257768
5678,32896,false,0.777108
5679,7902,true,0.684874
5679,19490,false,0.016877
5680,20393,false,0.88941
5680,50534,false,0.670793
5680,57906,false,0.145852
5681,13859,false,0.515173
5681,27568,false,0.956396
5681,52825,false,0.043454
5682,7286,true,0.954422
5683,50187,false,0.938289
5684,7436,true,0.445654
5685,7479,true,0.250557
5685,21877,false,0.434271
5685,35636,false,0.726426
5685,44733,false,0.209945
5686,18157,false,0.446408
5687,7298,true,0.527876
5687,7299,true,0.668222
5687,21164,false,0.56924
5687,23142,false,1.003952
5687,42260,false,0.400712
5687,42344,false,0.459768
5688,17589,false,0.395846
5688,35593,false,0.675807
5688,35920,false,0.744178
5689,7601,true,0.860387
5690,10263,false,0.428224
5690,28648,false,0.288175
5691,7538,true,0.130561
5692,7440,true,0.028983
5693,50869,false,0.114278
5694,31119,false,0.778059
5694,31783,false,0.843061
5694,35481,false,0.915002
5694,59346,false,0.7851
5695,35457,false,0.418605
5695,54034,false,0.560221
5697,14358,false,0.108452
5697,29052,false,0.938493
5697,39905,false,0.621616
5697,51359,false,0.349419
5698,7991,true,0.438479
5698,34677,false,0.304245
5698,44624,false,0.553085
5698,54214,false,0.643757
5699,7965,true,0.088458
5700,37971,false,0.558286
5700,48938,false,0.465954
5701,31871,false,0.783687
5701,54830,false,0.597721
5702,22583,false,0.263325
5702,27257,false,0.671014
5703,11839,false,0.257046
5703,31688,false,0.404859
5703,49157,false,0.094749
5704,19162,false,0.79875
5704,42758,false,0.085568
5704,48919,false,0.349483
5705,11074,false,0.749055
5705,19870,false,0.340338
5705,20993,false,0.871535
5705,49272,false,0.304015
5705,58073,false,0.717045
5706,50008,false,0.489002
5707,11365,false,0.543099
5707,20370,false,0.588267
5707,32637,false,0.208123
5707,55869,false,0.384753
5708,19366,false,0.880261
5709,28851,false,0.521534
5711,34084,false,0.767692
5711,34617,false,0.877747
5712,16599,false,0.533477
5712,34986,false,0.227332
5713,11547,false,0.119819
5715,19970,false,0.411466
5715,53354,false,0.147564
5715,56850,false,0.639218
5716,10820,false,0.792733
5716,15377,false,0.926745
5716,33374,false,0.206618
5717,13359,false,0.667234
5717,17346,false,0.330667
5717,25229,false,0.754889
5717,31441,false,0.634005
5717,51833,false,0.364915
5719,43634,false,0.881994
5720,18161,false,0.083148
5721,35759,false,0.018254
5721,54231,false,0.797758
5722,23562,false,0.228931
5722,34503,false,0.414651
5722,43411,false,0.995222
5722,53409,false,0.042548
5723,19480,false,0.306694
5723,51240,false,0.23727
5723,57998,false,0.23714
5725,51346,false,0.501396
5725,52606,false,0.110455
5725,59397,false,0.404259
5726,13334,false,0.356463
5727,14091,false,0.200927
5727,43653,false,0.218767
5727,54683,false,0.157811
5728,25580,false,0.283901
5728,28865,false,0.669756
5728,39754,false,0.595562
5728,52265,false,0.039239
5729,34784,false,0.589797
5729,51226,false,0.321788
5730,21239,false,0.524356
5731,25550,false,0.719422
5731,36056,false,0.592807
5731,50791,false,0.836684
5733,11910,false,0.623549
5733,15235,false,0.006316
5733,19701,false,0.063472
5733,43727,false,0.935116
5733,46528,false,0.394428
5734,25700,false,0.196992
5734,29287,false,0.17202
5734,31098,false,0.94084
5734,32728,false,0.279188
5734,39271,false,0.405643
5734,40676,false,0.14259
5735,18931,false,0.999824
5735,35394,false,0.065264
5735,52231,false,0.876637
5736,17798,false,0.64905
5736,18728,false,0.67105
5736,25370,false,0.768955
5737,11006,false,0.546958
5737,12865,false,0.543933
5737,29206,false,0.439367
5737,34343,false,0.167164
5737,37414,false,0.82055
5737,58515,false,0.571608
5738,29047,false,0.522529
5739,16829,false,0.870464
5740,14601,false,0.787623
5740,38254,false,0.619518
5740,51504,false,0.139302
5741,22406,false,0.557139
5742,21708,false,0.07663
5742,53661,false,0.021105
5743,15495,false,0.961904
5743,26816,false,0.290495
5743,34763,false,0.314982
5743,43535,false,0.44416
5743,53283,false,0.758106
5744,17028,false,0.688975
5744,54765,false,0.322747
5745,25923,false,0.245324
5745,28549,false,0.891192
5745,31452,false,0.230127
5745,31540,false,0.017162
5745,40277,false,0.545136
5745,47524,false,1.005332
5745,58839,false,0.880947
5746,18381,false,0.772
5746,34551,false,0.724689
5746,43974,false,0.717873
5746,48783,false,0.818066
5747,18011,false,0.77576
5748,30032,false,0.506831
5748,52692,false,0.151388
5748,59731,false,0.818786
5750,17488,false,0.243058
5750,36688,false,0.658367
5750,40841,false,0.076046
5751,21354,false,0.627506
5751,46371,false,0.226735
5751,58725,false,0.055107
5752,11536,false,0.44169
5752,41016,false,0.65011
5752,52686,false,0.083162
5753,12090,false,0.259785
5753,19988,false,0.225027
5754,16517,false,0.458916
5754,21509,false,0.129225
5754,53082,false,0.492302
5754,59156,false,0.810731
5754,59830,false,0.700876
5755,54229,false,0.152761
5756,22394,false,0.877241
5756,24389,false,0.006279
5756,42790,false,0.046287
5756,58942,false,0.064836
5757,13691,false,0.295774
5758,15458,false,0.780155
5758,18089,false,0.409907
5758,20336,false,0.245967
5758,30130,false,0.475621
5758,41773,false,0.143476
5758,47122,false,0.231501
5759,36536,false,0.790222
5760,23419,false,0.908325
5760,51132,false,0.720172
5761,17983,false,0.485018
5762,37513,false,0.837879
5762,59820,false,0.285109
5763,44821,false,0.013833
5763,51827,false,0.43913
5764,12625,false,0.265517
5764,21849,false,0.547668
5765,13365,false,0.008553
5765,29934,false,0.184113
5765,32740,false,0.133474
5765,46481,false,0.738864
5765,54606,false,0.73831
5766,19306,false,0.783395
5766,39078,false,0.38854
5767,29937,false,0.226409
5767,34496,false,0.621814
5767,47881,false,0.729683
5768,39012,false,0.745677
5768,55095,false,0.534819
5769,13130,false,0.35231
5769,29124,false,0.512587
5770,19864,false,0.671022
5770,32369,false,0.930098
5771,22076,false,0.981407
5772,21617,false,0.580702
5772,27802,false,0.019047
5773,36930,false,0.306319
5773,44245,false,0.963984
5773,49220,false,0.060553
5775,22287,false,0.92246
5775,48092,false,0.730045
5775,50004,false,0.239258
5775,57945,false,1.002688
5776,50762,false,0.603911
5777,36516,false,0.677534
5777,44682,false,0.905236
5777,59176,false,0.040909
5778,18916,false,0.626755
5778,30715,false,0.1533
5778,41884,false,0.603451
5778,55576,false,0.294247
5779,10447,false,0.583912
5779,10583,false,0.28028
5779,25849,false,0.419258
5779,35894,false,0.183322
5779,46752,false,0.030653
5780,33637,false,0.704835
5780,43095,false,0.26578
5780,59679,false,0.48237
5781,19451,false,0.941604
5781,24185,false,0.897333
5781,48836,false,0.562802
5782,44424,false,0.804572
5783,33405,false,0.719598
5783,44864,false,0.392388
5785,17170,false,0.970531
5785,50333,false,0.59193
5787,36026,false,0.661532
5788,14173,false,0.484844
5788,46998,false,0.023462
5789,37820,false,0.720103
5789,46676,false,0.866362
5789,58548,false,0.976885
5790,15620,false,0.517285
5790,18091,false,0.399014
5790,27107,false,0.407274
5790,28024,false,0.204413
5790,42835,false,0.824564
5790,43738,false,0.225039
5791,41791,false,0.780138
5792,13873,false,0.13875
5792,40100,false,0.293604
5792,53841,false,0.013079
5793,15902,false,0.805168
5793,19212,false,0.358606
5794,27485,false,0.077855
5795,31544,false,0.522744
5795,51056,false,0.672871
5796,39394,false,0.552793
5797,18183,false,0.974468
5797,41365,false,0.281897
5797,58144,false,0.931755
5798,16213,false,0.330295
5798,44765,false,0.131796
5798,50699,false,0.55977
5799,19980,false,0.460707
5799,37220,false,0.759935
5800,22386,false,0.035166
5800,53218,false,0.57455
5801,14421,false,0.027874
5802,19461,false,0.714484
5802,24357,false,0.962475
5802,44755,false,0.728301
5803,35112,false,0.615495
5803,44555,false,1.011332
5803,50683,false,0.625057
5804,21809,false,0.56167
5804,39728,false,0.161482
5804,45843,false,0.447833
5805,33243,false,0.843426
5805,48630,false,0.897209
5805,51555,false,0.579374
5807,22665,false,0.382733
5808,16921,false,0.871849
5809,40156,false,0.980676
5809,47505,false,0.819704
5809,57555,false,0.717131
5810,39791,false,0.396092
5811,57665,false,0.177021
5812,27900,false,0.255161
5812,42251,false,0.590323
5813,14298,false,0.141432
5813,37375,false,0.165
5813,52377,false,0.058281
5814,27654,false,0.724337
5814,29340,false,0.75863
5814,39041,false,0.089854
5814,46518,false,0.810914
5815,47406,false,0.927316
5815,49437,false,0.256308
5816,42290,false,0.302635
5816,45467,false,0.297822
5816,52823,false,0.008824
5817,20598,false,0.163677
5817,45767,false,0.05024
5818,17977,false,0.709867
5818,23033,false,0.383913
5818,31724,false,0.73736
5818,49384,false,0.80392
5819,20776,false,0.023629
5819,24776,false,0.020784
5819,58508,false,0.308205
5819,59136,false,0.172558
5821,38632,false,0.840744
5821,41890,false,0.12595
5821,59641,false,0.145465
5823,30283,false,0.057047
5823,55332,false,0.774674
5824,10216,false,0.293788
5824,44974,false,0.503495
5825,37660,false,0.439048
5825,41751,false,0.877977
5825,43964,false,0.726264
5826,27039,false,0.224916
5826,34535,false,0.466237
5826,51933,false,0.549775
5826,53104,false,0.37786
5826,58178,false,0.976449
5827,22597,false,0.091027
5827,29247,false,0.368116
5827,30242,false,0.223603
5827,31160,false,0.291993
5827,37154,false,0.596921
5827,51108,false,0.366369
5828,17069,false,0.669308
5828,40049,false,0.239588
5828,57908,false,0.460877
5830,15713,false,0.685286
5830,22033,false,0.194929
5830,34169,false,0.259
5830,35379,false,0.313422
5831,21698,false,0.503861
5831,44686,false,0.723884
5832,44871,false,0.25634
5833,20635,false,0.558926
5833,36672,false,0.466724
5834,14392,false,0.074504
5838,12206,false,0.082742
5838,19749,false,0.120318
5838,56534,false,0.695537
5839,44012,false,0.38438
5840,33386,false,0.006905
5840,38112,false,0.848104
5840,40890,false,0.471755
5841,34992,false,0.41431
5841,35049,false,0.618041
5842,25748,false,0.057725
5842,27989,false,0.133959
5842,31216,false,0.432854
5843,15243,false,0.24089
5843,46439,false,0.974901
5844,7903,true,0.97744
5844,20686,false,0.567683
5844,38429,false,0.59857
5845,7140,true,0.603233
5845,7947,true,0.724796
5845,42224,false,0.016468
5846,7467,true,0.729976
5846,20406,false,0.585045
5846,39043,false,0.990762
5846,52431,false,0.452499
5847,16880,false,0.745405
5847,41126,false,0.689304
5847,45163,false,0.444012
5847,48659,false,0.049981
5848,12319,false,0.742422
5848,41907,false,0.035788
5848,47494,false,0.772681
5849,7061,true,0.186498
5849,12059,false,0.77662
5849,32732,false,0.992513
5850,7686,true,0.051057
5850,13269,false,0.23344
5850,15244,false,0.369693
5851,20231,false,0.685378
5851,47166,false,0.933618
5854,15845,false,0.817641
5854,46414,false,0.230765
5855,15177,false,0.368582
5855,55855,false,0.310504
5856,13234,false,0.046287
5856,16171,false,1.000899
5857,11286,false,0.433609
5857,13755,false,0.650575
5857,55645,false,0.406855
5858,46327,false,0.848216
5859,32410,false,0.61524
5859,41204,false,0.93644
5860,12628,false,0.122161
5860,33462,false,0.457816
5860,37499,false,0.147742
5860,49003,false,0.412193
5860,49791,false,0.069246
5861,14750,false,0.543947
5861,37753,false,0.847383
5861,59563,false,0.30994
5863,26783,false,0.793676
5863,33394,false,0.3842
5863,37148,false,0.433459
5863,40733,false,0.184867
5863,50226,false,0.872547
5863,57892,false,0.410841
5864,29694,false,0.99282
5864,42735,false,0.808173
5864,43848,false,0.95835
5864,58017,false,0.093908
5865,50194,false,0.011984
5865,52514,false,0.089558
5865,59072,false,0.805202
5867,53153,false,0.916476
5867,58768,false,0.773834
5868,52927,false,0.122885
5870,13138,false,0.524291
5870,24460,false,0.867164
5871,48604,false,0.12169
5872,35768,false,0.571113
5872,40593,false,0.224873
5872,49633,false,0.986828
5873,25946,false,1.029543
5873,43013,false,0.953451
5874,44425,false,1.015489
5874,56073,false,0.751182
5875,17091,false,1.00733
5875,19559,false,0.724885
5875,48255,false,0.046628
5875,50473,false,0.600686
5876,17081,false,0.757179
5876,22413,false,0.167667
5876,38006,false,0.121778
5877,59307,false,0.928033
5878,13982,false,0.02539
5878,16441,false,0.222482
5878,19618,false,0.00255
5878,21894,false,0.488599
5878,45279,false,0.21023
5879,33515,false,0.813568
5879,34437,false,0.394445
5879,57991,false,0.473083
5880,13727,false,0.29127
5880,33894,false,0.621599
5881,16156,false,0.792562
5881,22230,false,0.137351
5881,59929,false,0.967283
5882,22869,false,0.509068
5882,25396,false,0.400027
5882,34831,false,0.355308
5882,40413,false,0.626814
5883,10098,false,0.81341
5883,31502,false,0.178159
5884,34065,false,0.199577
5884,51219,false,0.699099
5884,54727,false,0.392283
5885,10207,false,0.697084
5885,19547,false,0.278166
5885,32828,false,0.935123
5885,42729,false,0.579643
5886,27141,false,0.171313
5886,30764,false,0.750287
5886,36823,false,0.457577
5886,38000,false,0.558395
5886,52177,false,0.818791
5887,12559,false,0.18013
5887,46230,false,0.156915
5888,42727,false,0.884559
5888,46180,false,0.853031
5889,25519,false,0.609182
5889,38832,false,0.325276
5889,39930,false,0.608094
5890,24546,false,0.922727
5890,45063,false,0.04507
5890,49631,false,0.167378
5890,53799,false,0.761417
5891,48647,false,0.987923
5891,51887,false,0.811529
5892,13298,false,0.640446
5892,59919,false,0.534211
5893,40730,false,0.156621
5893,53256,false,0.64107
5893,55643,false,0.58774
5895,12468,false,0.353888
5895,24715,false,0.524352
5895,30043,false,0.475407
5895,47817,false,0.086967
5896,26313,false,0.440507
5896,26500,false,0.435238
5896,40223,false,0.524622
5896,45504,false,0.968207
5897,29254,false,0.730155
5897,38593,false,0.376329
5897,45110,false,0.424751
5898,40933,false,0.507642
5898,44219,false,0.772458
5898,47201,false,0.997043
5899,14493,false,0.897536
5900,37042,false,0.945357
5900,38567,false,0.018555
5901,23114,false,0.659089
5901,24170,false,0.993313
5902,26387,false,0.332461
5902,42447,false,0.577928
5902,50678,false,0.018306
5902,56789,false,0.863627
5903,31751,false,0.784591
5903,44715,false,0.670233
5903,59809,false,0.05707
5904,19664,false,0.658136
5904,31162,false,0.448221
5904,51243,false,0.416279
5904,57971,false,0.723723
5905,18833,false,0.391504
5905,38417,false,0.258171
5905,54692,false,0.760627
5906,17969,false,0.125206
5906,19144,false,0.698147
5906,21093,false,0.627724
5906,37331,false,0.65317
5906,42101,false,0.958393
5906,43542,false,0.652465
5906,52793,false,0.861846
5907,20050,false,0.234333
5907,29473,false,0.644918
5907,53107,false,0.328327
5908,12119,false,0.377168
5908,59609,false,0.645425
5909,17591,false,0.395688
5909,24863,false,0.773516
5909,25819,false,0.500266
5909,46829,false,0.623161
5909,54051,false,0.455657
5910,43833,false,0.666475
5910,54435,false,0.868695
5911,30089,false,0.196915
5911,40827,false,0.351874
5911,59105,false,0.465247
5912,20726,false,0.417447
5912,55489,false,0.434931
5912,56800,false,0.185099
5913,31175,false,0.329661
5913,48944,false,0.063563
5914,39860,false,0.492525
5914,52147,false,0.874087
5915,7153,true,0.309302
5915,7693,true,0.182081
5915,18012,false,0.983117
5915,28096,false,0.752193
5915,48342,false,0.977242
5915,53843,false,0.164163
5916,7887,true,0.896008
5916,7978,true,0.307877
5916,31774,false,0.962601
5916,35341,false,0.509394
5916,36006,false,0.048481
5916,47892,false,0.246602
5917,7800,true,0.879567
5917,18032,false,0.380413
5917,21089,false,0.241824
5917,26589,false,0.457501
5918,17004,false,0.069156
5918,51176,false,0.795967
5920,19718,false,0.197421
5920,21785,false,0.123394
5920,30774,false,0.677492
5920,36711,false,0.116804
5920,47730,false,0.396773
5921,30319,false,0.56648
5921,40695,false,0.01407
5921,55200,false,0.177847
5922,7249,true,0.56551
5922,21662,false,0.30149
5922,44197,false,0.093983
5923,32612,false,0.865375
5924,7287,true,0.903102
5924,20918,false,0.772858
5925,16444,false,0.507998
5926,7104,true,0.456552
5926,7255,true,0.175058
5926,22849,false,0.379189
5926,34890,false,0.559183
5926,40582,false,0.927304
5927,7228,true,0.357089
5927,7585,true,0.81129
5928,36274,false,0.627705
5929,24721,false,0.185376
5929,47566,false,0.124856
5930,57987,false,0.01482
5931,7423,true,1.004239
5931,30394,false,0.824228
5932,7844,true,0.146447
5932,41166,false,0.125334
5932,48437,false,0.225763
5933,16805,false,0.779801
5933,18155,false,0.767941
5933,30224,false,0.170446
5935,16398,false,0.432179
5935,55121,false,0.413819
5936,34408,false,0.473268
5937,17165,false,0.320191
5937,27607,false,0.844462
5937,56866,false,0.604109
5938,27646,false,0.221143
5939,37656,false,0.851009
5940,37113,false,0.24501
5940,50580,false,0.070834
5940,54272,false,0.623149
5941,12808,false,0.724929
5941,14360,false,0.780564
5941,28176,false,0.568088
5941,36819,false,0.347771
5942,26275,false,0.60045
5942,27672,false,0.564888
5943,15655,false,0.823139
5943,39205,false,0.50911
5943,39951,false,0.961229
5944,21106,false,0.023158
5944,29255,false,0.306703
5944,36131,false,0.259645
5945,32525,false,0.096229
5945,40533,false,0.510894
5945,43531,false,0.429285
5945,48619,false,0.303295
5945,58510,false,0.927399
5946,29145,false,0.102712
5946,57634,false,0.529652
5947,31715,false,0.25892
5948,12053,false,0.444258
5949,31743,false,0.649769
5949,48290,false,0.674347
5949,54253,false,0.660909
5949,58477,false,0.205237
5950,33670,false,0.323499
5950,37111,false,0.820674
5951,29289,false,0.255184
5952,25089,false,0.478174
5952,34222,false,0.137085
5952,39602,false,0.719216
5953,18281,false,0.08758
5953,53160,false,0.485387
5954,19444,false,0.053484
5955,16630,false,0.188348
5955,42168,false,0.36116
5956,12957,false,0.333953
5956,27394,false,0.514819
5956,51215,false,0.046398
5956,56113,false,0.828175
5956,57078,false,0.365678
5957,12544,false,0.248738
5957,19531,false,0.392163
5957,36495,false,0.224264
5958,49526,false,0.225745
5959,19466,false,0.613079
5960,10184,false,0.682737
5960,10254,false,0.634164
5960,12740,false,0.518358
5960,15698,false,0.26789
5960,22063,false,0.694314
5960,55650,false,0.678701
5961,57049,false,0.634225
5961,57080,false,0.814305
5963,12229,false,0.319944
5964,48899,false,0.049999
5964,53191,false,0.641271
5965,28574,false,0.724458
5966,10643,false,0.752607
5966,40714,false,0.107659
5967,24896,false,0.296249
5967,33594,false,0.186737
5968,46054,false,0.998951
5968,52804,false,0.745784
5969,11053,false,0.085254
5969,59674,false,0.15181
5971,41277,false,0.924911
5971,46194,false,0.05878
5972,12539,false,0.73397
5972,38902,false,0.30345
5972,41655,false,0.569295
5972,53368,false,0.922438
5973,22589,false,0.811196
5973,31832,false,0.686482
5973,39722,false,0.533318
5973,47271,false,0.755588
5974,38293,false,0.007915
5974,53137,false,0.337352
5974,56884,false,0.267691
5975,57650,false,0.46208
5975,58719,false,0.974953
5977,54386,false,0.696316
5978,11043,false,0.104885
5978,27483,false,0.523427
5978,32678,false,0.969507
5978,50081,false,0.473608
5979,35141,false,0.858978
5979,56205,false,0.575599
5981,38697,false,0.579418
5981,51014,false,0.015949
5982,19111,false,0.367485
5982,30002,false,0.491897
5982,31338,false,0.209032
5982,33328,false,0.782951
5982,35880,false,0.593543
5982,52679,false,0.761119
5982,58322,false,0.513482
5983,10194,false,0.917079
5983,25583,false,0.648174
5983,28376,false,0.269881
5983,46966,false,0.294502
5984,10249,false,0.882901
5984,34901,false,0.401406
5984,46974,false,0.800581
5985,15135,false,0.599717
5985,20703,false,0.620641
5985,28638,false,0.885714
5985,49586,false,0.277342
5986,50238,false,0.399417
5987,13423,false,0.794048
5987,24275,false,0.711882
5987,30695,false,0.913973
5988,10549,false,0.402877
5989,16340,false,0.897437
5989,47684,false,0.216866
5989,51140,false,0.009978
5989,52653,false,0.175446
5990,27382,false,0.271152
5990,39536,false,0.326708
5991,30247,false,0.124946
5991,40872,false,0.087542
5991,42652,false,0.239306
5991,51084,false,0.383182
5991,56207,false,0.449464
5992,35429,false,0.24083
5992,38344,false,0.597503
5992,57989,false,0.425005
5992,58935,false,0.028156
5993,41564,false,0.720767
5994,10937,false,0.366217
5995,24679,false,0.963933
5995,41701,false,0.211098
5995,42630,false,0.515495
5995,51097,false,0.222327
5996,14292,false,0.194487
5996,36487,false,0.304807
5997,24755,false,0.656687
5997,27844,false,0.111069
5997,36563,false,0.996103
5997,58855,false,0.303221
5998,10394,false,0.955144
5998,31202,false,0.880855
5998,38455,false,0.210383
5998,51693,false,0.205777
5999,58078,false,0.606384
6000,47461,false,0.07442
6000,50667,false,0.997891
6002,37190,false,0.988465
6002,40529,false,0.802209
6002,43145,false,0.197495
6003,42615,false,0.348123
6004,33321,false,0.984593
6004,33838,false,0.182911
6004,42972,false,0.070783
6004,55461,false,0.728158
6005,15748,false,0.294804
6005,32365,false,0.943626
6005,49877,false,0.518349
6005,56114,false,0.378291
6006,11225,false,0.100694
6006,43285,false,0.968854
6008,35030,false,0.534342
6009,28654,false,0.709803
6010,11366,false,0.449333
6011,16173,false,0.096866
6011,21079,false,0.712351
6011,25857,false,0.085608
6011,28011,false,0.110675
6011,34836,false,0.96883
6011,38399,false,0.395957
6012,15358,false,0.337362
6012,17953,false,0.24581
6012,38584,false,0.872631
6012,54292,false,0.783139
6013,15271,false,1.016377
6013,44214,false,0.702995
6013,53741,false,0.454826
6014,10214,false,0.610367
6014,16945,false,0.97882
6014,45544,false,0.610566
6014,47841,false,0.372786
6015,42035,false,0.592404
6016,13867,false,0.252192
6017,58513,false,0.902266
6018,35473,false,0.472078
6019,19097,false,0.333239
6020,11717,false,0.824296
6020,31514,false,0.384463
6020,48123,false,0.14252
6021,50166,false,0.020611
6021,50845,false,0.97524
6022,16331,false,1.005081
6022,19131,false,0.359128
6022,50305,false,0.976727
6025,43912,false,0.360358
6027,11060,false,0.307328
6027,14325,false,0.235771
6027,17201,false,0.347399
6027,35120,false,0.453745
6027,53069,false,0.246438
6028,12891,false,0.362518
6028,22525,false,0.408265
6028,39191,false,0.89069
6028,40283,false,0.169807
6029,27952,false,0.212714
6029,50277,false,0.83171
6029,55434,false,0.341565
6031,22440,false,0.482521
6031,34003,false,0.140597
6033,17441,false,0.048509
6033,20032,false,0.316224
6033,25390,false,0.026774
6034,22708,false,0.871016
6034,35211,false,0.454292
6035,25737,false,0.572877
6035,41491,false,0.178028
6035,45553,false,0.133722
6035,50478,false,0.103888
6035,58339,false,0.112617
6036,17299,false,0.071186
6036,56023,false,0.494103
6037,24539,false,0.804904
6037,37012,false,0.697382
6037,37176,false,0.432026
6037,40045,false,0.912264
6037,46881,false,1.021332
6038,11342,false,0.300673
6038,45815,false,0.298449
6039,13940,false,1.005095
6039,24987,false,0.550935
6039,35284,false,0.455031
6040,13311,false,0.109511
6040,34664,false,0.945804
6041,7746,true,0.844096
6041,7901,true,0.619049
6041,45452,false,0.64148
6042,21274,false,0.823279
6042,23329,false,0.262802
6042,47425,false,0.680089
6042,55167,false,0.030167
6043,13339,false,0.60622
6043,24039,false,0.276313
6043,31596,false,0.644885
6044,7682,true,0.655084
6044,7987,true,0.498346
6044,34015,false,0.954701
6045,12207,false,0.33343
6045,36397,false,0.242627
6045,40785,false,0.922835
6045,46987,false,0.174209
6046,7360,true,1.008019
6046,32240,false,0.922134
6046,45450,false,0.684668
6046,49277,false,0.661637
6047,14503,false,0.318273
6047,17526,false,0.884434
6047,23022,false,0.259077
6047,35143,false,0.214371
6047,39258,false,0.600744
6047,47180,false,0.758958
6048,21255,false,0.30028
6048,39295,false,0.731915
6048,58555,false,0.742805
6049,37801,false,0.357239
6049,52296,false,0.145419
6049,57658,false,0.045856
6051,19790,false,1.045493
6051,51705,false,1.004786
6052,24901,false,0.303811
6052,50497,false,0.083181
6053,19860,false,0.775841
6053,55803,false,0.88628
6054,38540,false,1.007463
6054,58483,false,0.090853
6054,59620,false,0.909434
6055,28287,false,0.844914
6055,39307,false,0.122888
6055,54389,false,0.678534
6056,18802,false,0.555379
6056,23274,false,0.562795
6056,27102,false,0.371412
6056,59863,false,0.373073
6057,31201,false,0.046967
6058,40673,false,0.799652
6059,28797,false,0.772266
6059,43840,false,0.007153
6059,49596,false,0.591464
6060,20943,false,0.348989
6060,57037,false,0.582762
6060,59195,false,0.449394
6063,30331,false,0.649691
6064,15607,false,0.283062
6064,46190,false,1.003611
6064,49262,false,0.239693
6065,40003,false,0.561137
6066,14445,false,0.223527
6066,16979,false,0.288281
6066,40420,false,0.460439
6067,20577,false,0.883052
6067,26021,false,0.096884
6069,39165,false,0.270425
6069,57773,false,0.857952
6070,50222,false,0.920447
6070,58853,false,0.201669
6072,21190,false,0.253989
6072,53148,false,0.03786
6073,25706,false,0.495563
6074,12363,false,0.806193
6074,19801,false,0.919054
6074,56466,false,0.443295
6075,39331,false,0.863569
6076,25424,false,0.361087
6076,34547,false,0.907765
6076,45131,false,0.996874
6077,39681,false,0.073669
6077,40139,false,0.401781
6079,34411,false,0.211918
6079,58815,false,0.164525
6079,59824,false,0.140953
6080,17435,false,0.053539
6080,26245,false,0.291748
6080,37512,false,0.911498
6081,21027,false,0.348359
6081,33140,false,0.02816
6082,58437,false,0.882603
6083,16851,false,0.129961
6084,32719,false,0.512343
6084,54387,false,0.421783
6085,20068,false,0.582373
6085,52337,false,0.034048
6086,16273,false,1.009038
6086,20960,false,0.918644
6086,34709,false,0.85465
6086,42041,false,0.290612
6087,15799,false,0.315685
6087,30869,false,0.177043
6087,31564,false,0.812109
6087,32816,false,0.787409
6087,49808,false,0.331231
6088,55242,false,0.50153
6088,59345,false,0.866712
6089,10400,false,0.071576
6089,28209,false,0.527874
6089,29910,false,0.098606
6090,46740,false,0.743406
6090,47600,false,0.305212
6093,40759,false,0.830262
6093,47262,false,0.734039
6093,53645,false,0.896298
6093,58784,false,0.596919
6094,11184,false,0.524286
6094,40060,false,0.26816
6094,58794,false,0.693459
6095,50752,false,0.9018
6097,14511,false,0.997956
6097,20099,false,0.610291
6097,22268,false,1.014988
6099,14719,false,0.991028
6100,49786,false,0.511567
6100,55871,false,0.571177
6101,23590,false,0.405065
6101,30027,false,0.539511
6101,30463,false,0.986178
6101,57526,false,0.116053
6102,24674,false,0.278286
6103,33024,false,0.270317
6103,41396,false,0.261976
6104,24801,false,0.482061
6104,30555,false,0.086149
6104,33491,false,0.011885
6104,33608,false,0.675107
6104,52448,false,0.927286
6105,20135,false,0.217184
6105,42648,false,0.440589
6105,46563,false,0.040634
6105,49815,false,0.722631
6105,51568,false,0.293316
6105,52687,false,0.103332
6106,30039,false,0.419324
6106,37929,false,0.31531
6106,59684,false,0.478126
6107,13731,false,0.369225
6107,19179,false,0.394116
6107,26163,false,0.222127
6107,27543,false,0.234284
6110,15214,false,0.453493
6110,27469,false,0.919642
6110,38307,false,0.066935
6110,40329,false,0.811254
6110,44301,false,0.657942
6110,49909,false,0.877084
6111,58402,false,0.066671
6112,25174,false,0.840479
6112,48731,false,0.652284
6113,34073,false,0.412201
6113,56284,false,0.367766
6113,58259,false,0.084512
6114,11846,false,0.488303
6114,18052,false,0.470281
6115,30892,false,0.596676
6115,34847,false,0.132766
6115,43637,false,0.84623
6116,33596,false,0.288164
6117,25682,false,0.790646
6117,29018,false,0.287149
6118,21562,false,0.903158
6118,26573,false,0.093641
6118,26764,false,0.886167
6119,27592,false,0.295378
6119,41859,false,0.657938
6119,51893,false,0.721801
6120,25882,false,0.34232
6120,27193,false,0.989675
6120,36630,false,0.061664
6120,38008,false,0.695626
6120,47248,false,0.199571
6120,57709,false,0.607387
6121,23502,false,0.176947
6121,37878,false,0.194448
6121,51683,false,0.134169
6121,54122,false,0.752739
6122,11895,false,0.117567
6122,16998,false,0.421919
6122,25624,false,0.536159
6122,27450,false,0.778133
6123,11318,false,0.842602
6123,16539,false,0.932091
6123,29392,false,0.358411
6124,20329,false,0.081778
6124,21419,false,0.350773
6124,21678,false,0.376455
6124,40340,false,0.432752
6125,19866,false,0.397831
6125,20460,false,0.425162
6125,32593,false,0.068267
6125,36978,false,0.334183
6125,40468,false,0.325519
6127,12661,false,0.145689
6128,24242,false,0.060938
6128,52011,false,0.454856
6129,59121,false,0.96232
6130,39112,false,0.549339
6130,50438,false,0.902353
6131,24739,false,0.179784
6131,50209,false,0.448078
6132,55892,false,0.660444
6133,46477,false,0.88698
6133,53319,false,0.075529
6134,14268,false,0.33834
6134,18215,false,0.712901
6134,30595,false,0.895324
6134,48498,false,0.005614
6135,13132,false,0.061312
6135,49540,false,0.24542
6136,47877,false,0.550495
6136,54433,false,0.047123
6137,23267,false,0.904377
6137,36126,false,1.033545
6138,13125,false,0.656316
6139,38553,false,0.213463
6140,10211,false,0.153467
6140,11830,false,0.350548
6140,16521,false,0.46663
6141,27812,false,0.717079
6142,11745,false,0.814611
6142,15108,false,0.362243
6143,28922,false,1.002017
6143,34932,false,0.557946
6143,43324,false,0.136635
6143,47278,false,0.806882
6144,24631,false,0.048654
6144,56760,false,0.906185
6144,58301,false,0.0304
6145,11665,false,0.844076
6145,25024,false,0.128232
6145,36859,false,0.353393
6145,44357,false,0.787499
6146,34431,false,0.335358
6146,56159,false,0.171344
6147,27523,false,0.062853
6148,58110,false,0.337982
6149,55246,false,0.459619
6149,57445,false,0.259636
6151,26741,false,0.941183
6151,38282,false,0.980925
6151,56719,false,0.392988
6152,31577,false,0.493787
6153,46407,false,0.69802
6153,50149,false,0.549513
6153,54195,false,0.3936
6154,47546,false,0.865651
6155,31169,false,0.494301
6156,37688,false,0.618966
6156,57103,false,0.926844
6157,48282,false,0.408402
6157,49412,false,0.964191
6158,33792,false,0.177586
6158,48610,false,0.493806
6159,7667,true,0.01635
6159,12050,false,0.029388
6159,16680,false,0.987916
6159,41820,false,0.625518
6159,58962,false,0.290154
6160,14850,false,0.303648
6160,51676,false,0.199129
6161,11241,false,0.413094
6161,29712,false,0.168605
6161,36576,false,0.743086
6161,40931,false,0.027769
6163,11465,false,0.59564
6163,13245,false,0.405109
6163,24549,false,0.077762
6163,52404,false,0.258711
6163,53983,false,0.905923
6164,37112,false,0.271621
6164,48411,false,0.28153
6165,43064,false,0.819216
6166,16634,false,0.377663
6166,48294,false,0.07375
6167,12702,false,0.276214
6167,22564,false,0.424849
6167,26159,false,0.22774
6167,55605,false,0.434665
6168,34070,false,0.781731
6168,44615,false,0.311868
6168,59384,false,0.18119
6169,14390,false,0.286952
6170,12117,false,0.358042
6170,17524,false,0.673083
6170,18315,false,0.160871
6170,24138,false,0.66851
6170,27809,false,0.960342
6170,29230,false,0.728745
6170,56307,false,0.376752
6171,23152,false,0.978713
6171,29883,false,0.446019
6171,36328,false,0.275038
6171,42621,false,0.853048
6172,34190,false,0.500779
6172,40574,false,0.919436
6172,52206,false,0.676884
6173,16143,false,0.475447
6174,15470,false,0.598337
6174,46267,false,0.728154
6175,45571,false,0.659668
6176,23096,false,0.295241
6177,41198,false,0.745979
6179,54985,false,0.802755
6180,31757,false,0.570421
6181,45027,false,0.223274
6182,15085,false,0.141172
6182,51442,false,0.487704
6183,10120,false,0.577796
6183,32181,false,0.971545
6183,39306,false,0.692196
6184,38795,false,0.974918
6185,13603,false,0.522896
6185,21085,false,0.966701
6185,26414,false,0.349873
6185,32783,false,0.051822
6185,46278,false,0.069598
6186,36053,false,0.613057
6187,18700,false,0.069401
6187,56723,false,0.211967
6188,14147,false,0.155802
6188,16166,false,0.557349
6188,30389,false,0.601244
6189,28120,false,0.495697
6189,45806,false,0.935526
6189,51822,false,0.650299
6190,24831,false,0.160817
6190,42291,false,0.600169
6190,50532,false,0.539205
6191,20333,false,0.530266
6191,21186,false,0.224657
6191,29772,false,0.383338
6192,31067,false,0.758933
6192,46840,false,0.631957
6193,22350,false,0.63569
6193,26138,false,0.79898
6194,30046,false,0.76799
6194,41841,false,0.431462
6194,50327,false,0.461322
6196,24320,false,0.497667
6196,45868,false,0.092868
6196,47673,false,0.610778
6196,58589,false,0.932245
6197,26630,false,0.558278
6197,45428,false,0.626745
6198,15133,false,0.91698
6198,28146,false,0.08662
6198,34405,false,0.901649
6199,20109,false,0.356996
6199,40429,false,0.802064
6200,15544,false,0.244958
6201,27944,false,0.396891
6201,37573,false,0.01672
6201,56731,false,0.623057
6201,57295,false,0.8638
6202,18754,false,0.68682
6202,18765,false,0.335891
6202,28680,false,0.841961
6202,52660,false,0.633245
6202,57386,false,0.514771
6203,50284,false,0.538578
6204,27128,false,0.267419
6205,11152,false,0.194692
6205,32409,false,0.431348
6205,42658,false,0.642602
6205,51261,false,0.023019
6206,17097,false,0.531493
6206,19295,false,0.205319
6206,21650,false,0.671074
6206,49099,false,0.003643
6206,51744,false,0.301798
6207,10146,false,0.243013
6207,14721,false,0.586931
6207,26727,false,0.698759
6207,48068,false,0.879574
6208,45779,false,0.185211
6208,49944,false,0.256686
6208,52776,false,0.459835
6209,10571,false,0.357875
6209,19558,false,0.820673
6209,20331,false,0.96809
6209,32571,false,0.358539
6210,25498,false,0.976891
6211,54851,false,0.090445
6212,46355,false,0.865423
6213,33540,false,0.834771
6213,50602,false,0.824573
6214,17202,false,0.421312
6214,17217,false,0.87547
6215,14044,false,0.042179
6215,59896,false,0.332254
6216,10457,false,0.423125
6217,45280,false,0.006282
6217,54972,false,0.996467
6218,19092,false,0.999634
6218,19166,false,0.521967
6218,20304,false,0.543639
6218,32693,false,0.677605
6218,37435,false,0.107175
6218,38211,false,0.905118
6218,57882,false,0.658497
6219,29776,false,0.421458
6219,47932,false,0.732903
6220,20236,false,0.77758
6220,36532,false,0.073894
6220,56858,false,0.901941
6221,44159,false,0.416008
6223,57291,false,0.169274
6224,25502,false,0.099226
6224,37389,false,0.547422
6224,43973,false,0.520579
6225,34334,false,0.116996
6225,37246,false,0.940382
6225,44862,false,0.221742
6225,55006,false,0.675137
6225,57900,false,0.989798
6226,38377,false,0.669187
6226,55608,false,0.055956
6227,22669,false,0.637714
6227,50396,false,0.496472
6228,33107,false,0.249422
6229,11957,false,0.170805
6229,18928,false,0.402146
6229,21013,false,0.22197
6229,39565,false,0.496277
6229,40408,false,0.69706
6230,21954,false,0.809314
6230,24932,false,0.527995
6231,11894,false,0.239573
6231,30099,false,0.02198
6231,30499,false,0.331187
6232,11562,false,0.740965
6232,17918,false,0.311491
6233,46033,false,0.488167
6233,55201,false,0.936732
6234,12648,false,0.636402
6234,13538,false,0.395221
6235,16639,false,0.967633
6235,27880,false,0.538941
6236,30543,false,0.312248
6236,38898,false,0.252552
6236,45669,false,0.186794
6237,19924,false,0.090519
6237,45766,false,0.002235
6237,52558,false,1.005336
6238,25093,false,0.181054
6238,31702,false,0.260941
6238,55889,false,0.975694
6239,40558,false,0.014457
6239,44934,false,0.473103
6239,45184,false,0.347529
6240,58511,false,0.214589
6241,31778,false,0.661883
6242,27385,false,0.492872
6242,32992,false,0.967444
6242,39071,false,0.07687
6242,46617,false,0.218118
6244,41329,false,0.996773
6244,43140,false,0.884158
6244,45099,false,0.75334
6245,20888,false,0.755458
6245,37348,false,0.254129
6245,55345,false,0.552202
6245,59764,false,0.426269
6246,38775,false,0.392054
6246,43621,false,0.071563
6246,51556,false,0.061118
6247,23810,false,0.838314
6247,33076,false,0.951573
6247,59095,false,0.905303
6248,22015,false,0.133972
6248,59859,false,0.591588
6249,20902,false,0.629575
6249,24947,false,0.520388
6249,31399,false,0.020321
6250,17793,false,0.112507
6250,31083,false,0.117818
6251,30163,false,0.500273
6251,41149,false,0.304182
6252,10169,false,0.863667
6252,25752,false,0.417007
6253,18733,false,0.928721
6253,19418,false,0.600737
6254,20046,false,0.375289
6254,43599,false,0.232781
6255,24202,false,0.757636
6255,39605,false,0.158779
6255,40976,false,0.159335
6256,11364,false,0.460712
6256,46116,false,0.966733
6256,54260,false,0.812931
6257,15953,false,0.707326
6257,25376,false,0.418493
6258,51781,false,0.617014
6259,13591,false,0.152219
6259,33226,false,0.975601
6260,46646,false,0.438043
6261,38132,false,0.992292
6261,47174,false,0.884864
6263,27862,false,0.127141
6263,43073,false,0.800315
6263,50892,false,0.062417
6263,56014,false,0.584668
6265,25459,false,0.233069
6266,12153,false,0.09777
6267,26295,false,0.29341
6267,27426,false,0.434926
6267,44103,false,0.348161
6267,47019,false,0.401031
6268,19679,false,0.779234
6268,38725,false,0.828999
6268,43021,false,0.958383
6269,22295,false,0.739325
6269,35652,false,0.047184
6269,50725,false,0.271231
6269,54270,false,0.078313
6270,14182,false,0.192531
6270,20375,false,0.834074
6270,21394,false,0.293223
6270,32057,false,0.045094
6270,55692,false,0.375207
6271,31332,false,0.054101
6271,57546,false,1.018688
6273,35359,false,0.024803
6274,21076,false,0.034511
6274,21413,false,0.331089
6274,43415,false,0.950034
6274,58812,false,0.443602
6275,25401,false,0.870956
6275,39472,false,0.494249
6275,53036,false,0.436087
6276,26652,false,0.797746
6276,49091,false,0.488352
6277,38820,false,0.338518
6277,46289,false,0.637874
6278,17447,false,0.670064
6278,39580,false,0.409553
6279,16702,false,0.961534
6279,19076,false,0.499725
6280,16863,false,0.370728
6280,19760,false,0.781406
6280,52961,false,0.266376
6281,27486,false,0.260721
6281,58035,false,0.21859
6282,30664,false,0.651167
6284,14443,false,0.095956
6284,56876,false,0.906056
6285,38125,false,0.087258
6288,14963,false,0.092193
6288,15125,false,0.766321
6288,15393,false,0.96784
6288,19627,false,0.651517
6288,31717,false,0.946914
6288,57518,false,0.7997
6289,19242,false,0.870467
6290,37519,false,0.495831
6290,45790,false,0.719327
6291,37080,false,0.745393
6291,37199,false,0.020678
6291,38907,false,0.015781
6291,40956,false,0.206039
6293,11177,false,0.918946
6293,46521,false,0.15513
6293,49574,false,0.711171
6294,26813,false,0.655202
6294,34843,false,0.051048
6294,54245,false,0.448236
6295,17527,false,0.550469
6295,30077,false,0.178063
6296,30170,false,1.001308
6296,46994,false,0.552245
6296,49318,false,0.022009
6297,39157,false,0.353276
6297,59835,false,0.89047
6299,11418,false,0.451741
6299,23355,false,1.00904
6299,28620,false,0.810159
6300,35195,false,0.690853
6300,43554,false,0.678935
6302,25277,false,0.892532
6302,33940,false,0.904409
6302,39949,false,0.606815
6302,43672,false,0.144477
6303,52220,false,0.422697
6304,21681,false,0.027716
6304,27735,false,0.681044
6304,41161,false,0.115191
6305,37641,false,0.528009
6305,50335,false,0.582345
6306,31111,false,0.890462
6306,34957,false,0.339945
6306,47010,false,0.259538
6308,33314,false,0.38811
6308,39584,false,0.215937
6308,51626,false,0.026506
6308,57947,false,0.211749
6309,14887,false,0.53159
6309,40447,false,0.808789
6309,59237,false,0.38847
6310,26969,false,0.426325
6310,43030,false,0.437938
6311,52494,false,0.197244
6312,30511,false,0.752038
6313,10725,false,0.540098
6313,18372,false,0.03766
6313,19756,false,0.54139
6313,30270,false,0.899418
6313,50811,false,0.756683
6314,32515,false,0.54254
6315,47380,false,0.699027
6316,23563,false,2.83E-4
6316,26991,false,0.427585
6316,44611,false,0.484723
6316,44939,false,0.977642
6316,57313,false,0.507029
6317,10819,false,0.042246
6317,56164,false,0.235951
6318,12920,false,0.500511
6318,34445,false,0.584441
6319,16541,false,0.619922
6319,27289,false,0.612582
6319,29640,false,0.575271
6319,35949,false,0.352211
6320,15827,false,0.783096
6320,50302,false,0.450609
6321,13569,false,0.671384
6321,29444,false,0.071218
6321,44056,false,0.076408
6321,54578,false,0.314805
6323,18493,false,0.839133
6323,21591,false,0.599727
6323,22244,false,0.060311
6323,36220,false,0.469137
6323,53764,false,0.978192
6323,58837,false,0.960475
6324,12093,false,0.712028
6324,12186,false,0.627004
6324,16859,false,0.484529
6325,20692,false,0.241324
6325,21111,false,0.300434
6325,26327,false,0.971777
6325,26829,false,0.955629
6326,40641,false,0.134451
6327,27653,false,0.219224
6328,24263,false,0.635487
6329,17738,false,0.974633
6329,45796,false,0.712501
6329,50316,false,0.810705
6331,13669,false,0.090051
6331,23283,false,0.682304
6331,28044,false,0.992425
6331,53633,false,0.500341
6332,18668,false,0.353394
6332,38067,false,0.130355
6334,14910,false,0.44235
6334,24652,false,0.336089
6334,42113,false,0.887214
6334,50304,false,0.929699
6334,57331,false,0.528461
6336,13871,false,0.786452
6336,58304,false,0.627569
6337,13200,false,0.956503
6337,24530,false,0.873122
6337,31900,false,0.845097
6339,58285,false,0.491461
6340,33450,false,0.215453
6340,51569,false,0.273923
6341,25910,false,0.349269
6341,29373,false,0.782414
6343,16103,false,0.114324
6343,53152,false,0.700773
6344,27489,false,0.138473
6344,29942,false,0.219472
6345,54989,false,0.036466
6346,27548,false,0.858542
6346,39519,false,0.691717
6347,16192,false,0.001954
6347,27540,false,0.345346
6347,40208,false,0.025511
6347,46625,false,0.818555
6348,28395,false,1.002867
6348,33966,false,0.935373
6348,56504,false,0.792654
6349,45948,false,0.456836
6350,11238,false,0.59161
6350,25124,false,0.579395
6350,56224,false,0.540672
6351,28066,false,0.319587
6351,28343,false,0.025845
6351,46083,false,0.355889
6351,50648,false,0.760945
6352,22569,false,0.592206
6352,40885,false,0.929621
6353,24835,false,0.468234
6353,34322,false,0.977668
6354,27808,false,0.979804
6354,58989,false,0.662819
6355,49680,false,0.775374
6356,20874,false,0.86374
6357,24895,false,0.714871
6357,26538,false,0.639258
6357,35992,false,0.491937
6357,36685,false,0.635516
6357,45062,false,0.999998
6358,14029,false,0.888835
6358,37252,false,0.485506
6359,26839,false,0.663857
6359,45928,false,0.57035
6360,10427,false,0.824691
6360,13635,false,0.486115
6360,21215,false,0.714245
6360,29112,false,0.217256
6360,45366,false,0.444326
6361,21369,false,0.981727
6362,18926,false,0.743119
6362,47388,false,0.43452
6363,19051,false,0.986644
6364,48993,false,0.330727
6365,10230,false,1.039996
6365,17282,false,0.197678
6365,19424,false,0.820698
6365,55893,false,0.04004
6366,11248,false,0.532489
6366,23442,false,0.924102
6366,56962,false,0.091647
6367,16092,false,0.940213
6367,38940,false,0.458012
6367,42500,false,0.309694
6368,41281,false,0.13166
6368,46027,false,0.185043
6369,42726,false,0.329782
6370,30361,false,0.781475
6370,38903,false,0.632102
6371,29535,false,0.644955
6371,39810,false,0.634765
6371,52264,false,0.068543
6372,43640,false,0.230835
6372,56918,false,0.4335
6373,49829,false,0.047572
6373,51209,false,0.042392
6374,19273,false,0.369484
6374,25021,false,0.731715
6374,29682,false,0.744599
6374,52893,false,0.109101
6375,13354,false,0.818795
6376,32477,false,0.793968
6376,41612,false,0.871402
6377,48235,false,0.475857
6377,54347,false,0.298091
6377,56148,false,0.505044
6378,16545,false,0.456867
6378,21532,false,0.775088
6378,28741,false,0.371311
6378,49726,false,0.91053
6379,55255,false,0.056786
6380,13728,false,0.377888
6380,32706,false,0.717811
6380,39834,false,0.473551
6381,21332,false,0.221178
6381,47789,false,0.212365
6381,54538,false,0.192812
6382,11794,false,0.754145
6382,49098,false,0.108468
6382,55034,false,0.422792
6383,12304,false,0.195688
6383,14202,false,0.654433
6383,54480,false,0.093186
6383,55497,false,0.196846
6384,34987,false,0.609802
6384,41313,false,0.659563
6385,22065,false,0.995162
6385,28560,false,0.301039
6385,46919,false,0.057696
6386,18750,false,0.342144
6386,50157,false,0.020549
6386,54440,false,0.799887
6387,35693,false,0.871867
6388,28886,false,0.732731
6388,55647,false,0.713516
6389,37259,false,0.157766
6389,53000,false,0.309484
6389,54982,false,0.10844
6391,27498,false,0.172519
6391,54105,false,0.199096
6392,7832,true,0.711133
6392,28026,false,0.540754
6392,59242,false,0.590073
6393,7558,true,0.384022
6393,10009,false,0.343659
6394,7656,true,0.271041
6394,21879,false,0.282846
6394,27649,false,0.044997
6395,7204,true,0.144313
6395,20787,false,0.611528
6395,42004,false,0.263734
6396,29663,false,0.426057
6396,52175,false,0.802964
6396,56173,false,0.40209
6397,7235,true,0.73546
6397,7471,true,0.181267
6397,18414,false,0.579773
6397,18684,false,0.825663
6398,25397,false,0.330375
6398,25605,false,0.128325
6398,51727,false,0.947625
6398,52630,false,0.984508
6400,30096,false,0.596062
6401,28998,false,0.231409
6401,52704,false,0.671753
6402,17958,false,0.042888
6402,26117,false,0.448181
6402,46132,false,0.812255
6403,7395,true,0.250989
6403,7721,true,0.92695
6403,30775,false,0.710648
6404,40606,false,0.673319
6404,42705,false,0.11328
6405,27766,false,0.242809
6405,44815,false,0.154421
6405,47908,false,0.413561
6405,57846,false,0.447268
6406,17289,false,0.247196
6406,18180,false,0.338077
6406,29355,false,0.634548
6406,41933,false,0.394258
6407,11348,false,0.170491
6407,16703,false,0.580844
6407,33829,false,0.455984
6408,7697,true,0.395033
6408,15872,false,0.485775
6409,59798,false,0.900472
6410,7118,true,0.061607
6410,15199,false,0.106905
6411,13056,false,0.628458
6411,37075,false,0.494297
6411,52432,false,0.619378
6412,7894,true,0.873263
6412,39196,false,0.629739
6412,49045,false,0.652841
6413,41796,false,0.615259
6413,48202,false,0.528534
6414,35237,false,0.627945
6415,41129,false,0.460688
6415,51020,false,0.976278
6416,7629,true,0.185219
6416,53278,false,0.181576
6417,45758,false,0.699031
6418,7645,true,0.6397
6418,24502,false,0.205421
6418,52790,false,0.003306
6418,54243,false,0.71837
6419,7787,true,0.357198
6419,14589,false,0.622907
6420,7141,true,0.24061
6420,39914,false,0.519766
6421,28447,false,0.433286
6421,47121,false,0.578598
6422,7631,true,0.169924
6422,32857,false,0.46107
6422,37277,false,0.054345
6422,52510,false,0.018826
6422,59485,false,0.759477
6423,29278,false,0.7853
6423,30566,false,0.115043
6423,34855,false,0.357157
6423,41327,false,0.764529
6424,12257,false,0.923204
6424,59031,false,0.799021
6425,34928,false,0.469365
6425,58503,false,0.593831
6426,32249,false,0.573099
6426,55235,false,0.173528
6428,28307,false,0.617898
6429,45427,false,0.218884
6429,49267,false,0.870869
6430,11855,false,0.947811
6430,12945,false,0.832296
6430,48348,false,0.535453
6431,21056,false,0.584254
6431,59751,false,0.340291
6433,46787,false,0.027673
6433,46850,false,0.334834
6434,39830,false,0.156663
6434,41629,false,0.186377
6434,52855,false,0.10293
6435,17388,false,0.646867
6435,39721,false,0.523116
6435,55043,false,0.275013
6436,16189,false,0.06344
6436,32799,false,1.013366
6436,35903,false,0.964869
6436,59901,false,0.032419
6437,11092,false,0.838697
6439,15751,false,0.435757
6440,14548,false,0.561724
6440,21057,false,0.386209
6440,42033,false,0.099669
6441,50974,false,0.385519
6442,11889,false,0.174231
6442,23836,false,0.206825
6442,46776,false,0.834548
6443,12816,false,0.051733
6443,57538,false,0.902021
6444,19349,false,0.467849
6445,45354,false,0.171095
6446,16854,false,0.175285
6447,20650,false,0.96851
6447,46904,false,0.593069
6448,38372,false,0.4197
6448,49479,false,0.425616
6449,13932,false,0.86015
6449,20848,false,0.761939
6449,42114,false,0.590972
6449,42464,false,0.387106
6450,46720,false,0.834335
6450,58798,false,0.783635
6451,18060,false,0.823672
6452,45251,false,0.273787
6454,25875,false,0.331978
6455,25325,false,0.354232
6455,48115,false,0.080455
6455,52667,false,0.547371
6455,55104,false,0.577088
6456,25996,false,0.336092
6456,36139,false,0.34734
6456,36497,false,0.488645
6456,39425,false,0.954186
6457,40053,false,0.591259
6457,55775,false,0.025822
6458,28674,false,0.941953
6458,41824,false,0.965496
6458,53399,false,0.972391
6459,24519,false,0.531853
6459,45715,false,0.993224
6460,39906,false,0.61916
6460,52256,false,0.584229
6460,53773,false,0.617933
6461,12012,false,0.933935
6461,45633,false,0.004543
6461,48427,false,0.395917
6462,27748,false,0.542373
6462,30777,false,0.219427
6464,31058,false,0.621538
6465,12255,false,0.896667
6465,31973,false,0.852681
6465,57654,false,0.579217
6466,53094,false,0.688907
6467,39488,false,0.734529
6468,15336,false,0.715175
6468,43801,false,0.237268
6469,36394,false,0.502523
6469,55295,false,0.845894
6470,11984,false,0.422126
6470,31218,false,0.498252
6471,29804,false,0.044137
6472,22695,false,0.699982
6472,23484,false,0.908009
6472,28569,false,0.433435
6473,15171,false,0.337378
6473,15339,false,0.092078
6473,23151,false,0.850245
6473,40550,false,0.313402
6473,43310,false,0.929306
6474,16914,false,0.064331
6474,59313,false,0.689422
6475,45029,false,0.237979
6475,52600,false,0.883372
6476,12343,false,0.288548
6476,15178,false,0.139317
6476,20921,false,0.011799
6476,38547,false,0.551104
6476,50668,false,0.942643
6476,51380,false,0.736355
6477,11577,false,0.249507
6477,15091,false,0.699897
6477,22326,false,0.051037
6477,26984,false,0.506322
6477,36330,false,0.509399
6477,45278,false,0.030427
6478,13821,false,0.387234
6478,36296,false,0.672502
6479,14930,false,0.840556
6479,24665,false,0.428374
6479,29895,false,0.191522
6479,32636,false,0.40034
6480,38162,false,0.137381
6481,10016,false,0.4739
6481,23681,false,0.850498
6481,42788,false,0.4317
6481,50230,false,0.819525
6482,33495,false,0.925983
6483,11275,false,0.606603
6483,15931,false,0.014999
6484,34881,false,0.04161
6484,35558,false,0.189034
6484,59625,false,0.196526
6485,16106,false,0.84156
6485,39164,false,0.571663
6486,16258,false,0.391554
6486,23715,false,0.19796
6486,37657,false,0.683829
6486,56078,false,0.247187
6487,27680,false,0.440757
6487,32072,false,0.861199
6487,56055,false,0.139507
6488,29912,false,0.938394
6488,35804,false,0.273967
6488,50023,false,0.461214
6489,15314,false,0.59585
6489,57463,false,0.620583
6490,28558,false,0.915612
6490,58714,false,0.185151
6491,28275,false,0.335124
6492,18048,false,0.434269
6493,11763,false,0.46945
6493,35454,false,0.417433
6494,25960,false,0.037968
6494,35630,false,0.225855
6495,13662,false,0.092267
6495,15661,false,0.619129
6495,21910,false,0.100382
6495,37838,false,0.588069
6495,56303,false,0.72071
6495,57184,false,0.709049
6496,23524,false,0.543232
6496,32780,false,0.586674
6496,58910,false,0.237771
6497,51180,false,0.372897
6497,59948,false,0.605281
6498,14977,false,0.799158
6498,36049,false,0.178674
6498,39490,false,0.625549
6498,52645,false,0.584981
6499,44561,false,0.862735
6500,19733,false,0.835056
6500,26096,false,0.450258
6500,29275,false,0.586414
6500,49887,false,0.257036
6501,19155,false,0.431393
6501,27698,false,0.849689
6501,59110,false,0.444061
6502,31818,false,0.807013
6503,20326,false,0.345307
6503,38746,false,0.562622
6504,12871,false,0.277505
6504,38119,false,0.007215
6504,50788,false,0.671232
6505,21207,false,0.187258
6505,39118,false,0.77833
6505,54858,false,0.717944
6506,11108,false,0.627658
6506,17400,false,0.468423
6507,42385,false,0.604239
6507,51034,false,0.105336
6507,51808,false,0.855911
6508,30418,false,0.026007
6508,57266,false,0.887928
6509,25615,false,0.271168
6509,30430,false,0.758655
6510,18199,false,0.563477
6510,18437,false,0.03904
6510,36610,false,0.456559
6510,54065,false,1.017468
6511,28202,false,0.64418
6511,37778,false,0.627957
6511,45480,false,0.915688
6511,53166,false,0.746948
6511,58666,false,0.004045
6512,32657,false,0.372437
6512,33152,false,0.712641
6512,46601,false,0.716242
6513,15043,false,0.544785
6513,34608,false,0.41194
6513,39522,false,0.642398
6514,13645,false,0.390888
6514,16534,false,0.608425
6514,51400,false,0.139179
6515,20141,false,0.039349
6515,49219,false,0.190908
6516,10011,false,0.494485
6516,52950,false,0.173593
6517,13577,false,0.521507
6517,31233,false,0.62671
6517,36935,false,0.621819
6518,14916,false,0.226975
6519,24239,false,0.44825
6520,30049,false,0.192621
6520,36684,false,0.097762
6520,44266,false,0.513448
6520,44716,false,0.429625
6521,32982,false,0.082312
6522,44796,false,0.272541
6523,10611,false,0.371628
6523,10831,false,0.387752
6523,55310,false,0.966077
6524,39752,false,0.211987
6524,45069,false,0.277153
6525,10102,false,0.743964
6525,30816,false,0.906189
6525,55888,false,0.069689
6526,21012,false,0.499219
6526,33046,false,0.49627
6527,22079,false,0.444587
6528,10668,false,0.349811
6529,12126,false,0.388936
6529,34010,false,0.777824
6530,16557,false,0.139877
6531,14208,false,0.01005
6531,26560,false,0.945792
6532,18896,false,0.73652
6533,12505,false,0.717579
6533,23500,false,0.555487
6533,26514,false,0.249221
6533,36912,false,0.107485
6534,23775,false,0.373849
6534,57965,false,0.706008
6535,20676,false,0.679158
6535,21409,false,0.479833
6535,31790,false,0.979248
6535,40607,false,0.679977
6536,20361,false,0.081834
6536,30372,false,0.72268
6536,42172,false,0.036431
6536,50322,false,0.796662
6536,50966,false,0.857639
6537,30655,false,0.156562
6537,31036,false,0.984678
6538,10412,false,0.388318
6538,49259,false,0.409696
6539,20119,false,0.271353
6540,24748,false,0.876275
6540,35795,false,0.926902
6540,38165,false,0.846817
6540,52457,false,0.833446
6541,17197,false,0.966546
6541,18740,false,0.314593
6541,24812,false,0.96757
6541,33412,false,0.584144
6543,13458,false,0.354848
6543,28971,false,0.575019
6543,47391,false,0.085865
6543,48684,false,0.477551
6544,27699,false,0.996266
6544,30842,false,0.338096
6544,31195,false,0.906949
6544,41748,false,0.950441
6544,43238,false,0.777983
6544,49380,false,0.55404
6545,22936,false,0.103354
6545,34372,false,0.634946
6546,43709,false,0.031183
6546,51024,false,0.799401
6547,14679,false,0.286155
6547,20975,false,0.653168
6547,48842,false,0.888228
6547,54767,false,0.792336
6547,57230,false,0.098537
6548,20520,false,0.784844
6548,42022,false,0.489079
6549,15914,false,0.467889
6550,19454,false,0.439411
6550,33202,false,0.343838
6551,15476,false,1.002242
6552,17300,false,0.5215
6552,44347,false,0.667016
6552,45703,false,0.339036
6552,46293,false,0.50936
6553,26036,false,0.874337
6553,40108,false,0.17708
6553,55634,false,0.95054
6554,26282,false,0.1896
6554,28218,false,0.061307
6555,17255,false,0.539723
6556,12550,false,0.584624
6556,19299,false,0.60836
6556,41049,false,0.761695
6556,48396,false,0.139665
6557,18859,false,0.66573
6557,29954,false,0.352964
6559,34695,false,0.081828
6559,56264,false,0.741499
6561,54976,false,0.488587
6562,25538,false,0.084349
6562,43651,false,0.600808
6563,24375,false,0.640528
6564,27484,false,0.67769
6564,28165,false,0.907758
6564,32354,false,0.416793
6564,44818,false,0.626013
6565,49194,false,0.197135
6566,15183,false,0.916099
6566,59468,false,0.139969
6567,25680,false,0.035767
6567,40499,false,0.774745
6567,59254,false,0.564448
6568,25729,false,0.019064
6568,31433,false,0.495432
6569,37002,false,0.959211
6570,51539,false,0.334456
6571,38236,false,0.121062
6571,48979,false,1.000123
6571,50627,false,0.353584
6571,57021,false,0.327052
6572,35866,false,0.608521
6572,37620,false,0.56038
6573,15546,false,0.974617
6573,30632,false,0.442367
6573,34522,false,0.889954
6573,55817,false,0.219481
6574,43541,false,0.695487
6574,44688,false,0.678816
6575,44961,false,0.937835
6576,36740,false,0.73344
6577,11688,false,0.800555
6577,27537,false,0.828451
6578,53815,false,0.679304
6578,58577,false,0.266345
6579,22705,false,0.843829
6579,54981,false,0.47374
6580,16293,false,0.881773
6581,37423,false,0.521937
6582,34030,false,0.376996
6582,41915,false,0.341463
6582,46145,false,0.755833
6583,21130,false,0.802395
6583,32778,false,0.156732
6583,58487,false,0.950471
6584,30392,false,0.374744
6584,37509,false,0.730087
6585,38176,false,0.055585
6585,52326,false,0.559211
6586,11555,false,0.699424
6586,26568,false,0.043884
6587,54368,false,0.343804
6589,22160,false,1.011492
6589,23085,false,0.167896
6589,23861,false,0.911024
6590,39458,false,0.465959
6591,11969,false,0.830812
6591,33330,false,0.257078
6591,40816,false,0.567213
6591,47986,false,0.550049
6591,52008,false,0.149292
6592,26334,false,0.834501
6593,19369,false,0.421253
6594,18985,false,0.694813
6594,23501,false,0.206772
6594,35923,false,0.178673
6595,20340,false,0.646838
6595,56390,false,0.223148
6595,59412,false,0.313889
6596,21009,false,0.297102
6596,29633,false,0.82028
6597,27813,false,0.760753
6597,37574,false,0.141922
6597,51907,false,1.069833
6599,15787,false,0.417415
6600,14245,false,0.447138
6600,22612,false,0.840207
6600,36836,false,0.533339
6600,46069,false,0.953734
6600,48315,false,0.407214
6600,57432,false,0.277155
6601,33303,false,0.895
6602,57152,false,0.699167
6603,42019,false,0.353354
6603,44450,false,0.910757
6604,11083,false,0.265716
6605,13146,false,0.494195
6605,23052,false,0.72596
6605,55264,false,0.499664
6606,24017,false,0.346288
6606,36472,false,0.321814
6607,14819,false,0.827244
6607,24811,false,0.906961
6607,31317,false,0.120748
6607,40587,false,0.424889
6607,52598,false,0.258784
6608,45329,false,0.39615
6609,23650,false,0.160301
6609,50018,false,0.843446
6609,55870,false,0.672864
6610,13659,false,0.641464
6611,11826,false,0.127132
6611,18375,false,0.564002
6611,48634,false,0.704448
6611,49084,false,0.469666
6612,18548,false,0.547238
6612,25379,false,0.236245
6612,33706,false,0.552963
6612,38506,false,0.578444
6612,45589,false,0.309221
6613,15024,false,0.606264
6613,54635,false,0.556962
6614,16619,false,0.653112
6614,18445,false,0.410851
6614,51436,false,0.935032
6615,21109,false,0.888239
6616,10777,false,0.521699
6617,12101,false,0.146403
6617,51685,false,0.930921
6618,23948,false,0.403751
6618,39929,false,0.206031
6618,52024,false,0.484389
6620,18024,false,0.590567
6620,54125,false,0.071386
6621,13703,false,0.359797
6621,20612,false,0.56332
6621,21949,false,0.466242
6621,34981,false,0.744979
6622,25674,false,0.836199
6622,44008,false,0.185275
6622,47006,false,0.077473
6622,53367,false,0.612935
6623,20125,false,0.25123
6624,29997,false,0.369036
6624,56354,false,0.060239
6626,19604,false,0.658607
6626,19642,false,0.748398
6626,58327,false,0.043837
6627,22477,false,0.790727
6627,40381,false,0.071817
6627,50434,false,0.164003
6629,38392,false,0.285818
6629,40482,false,0.298351
6630,21886,false,0.374351
6630,36232,false,0.762587
6630,40863,false,0.205607
6631,12367,false,0.072641
6631,54178,false,0.820091
6632,56153,false,0.653515
6633,11570,false,0.686431
6633,13412,false,0.577588
6633,28617,false,0.913092
6633,35339,false,0.558463
6634,33933,false,0.386837
6634,54193,false,0.285646
6634,56589,false,0.314583
6635,39322,false,0.418359
6638,35607,false,0.2919
6638,48595,false,0.871977
6638,57045,false,0.396456
6639,12513,false,0.400932
6639,21298,false,0.211678
6639,29978,false,0.158382
6641,25501,false,0.611001
6641,53456,false,0.572431
6642,14144,false,0.30784
6642,54599,false,0.132186
6643,11189,false,0.264333
6643,34162,false,0.838378
6643,56598,false,0.202229
6644,36474,false,0.447098
6645,24043,false,0.222563
6645,47101,false,0.247383
6646,21035,false,0.888581
6646,44761,false,0.284553
6646,51393,false,0.773889
6647,19033,false,0.797292
6647,23878,false,0.561586
6647,31847,false,0.46631
6647,41246,false,0.354155
6648,18738,false,0.192231
6648,44068,false,0.178151
6648,52734,false,0.537229
6649,40409,false,0.039379
6651,18977,false,0.181524
6651,50836,false,0.886275
6652,23014,false,0.589832
6653,25433,false,0.970008
6654,26445,false,0.196336
6654,40415,false,0.401708
6654,58519,false,0.549951
6655,46073,false,0.69813
6656,14157,false,0.220919
6656,25208,false,0.280865
6656,51170,false,0.841339
6657,53937,false,0.419226
6658,29913,false,0.191903
6658,37754,false,0.907168
6658,46010,false,0.632613
6658,53241,false,0.187993
6659,17421,false,0.729196
6659,23880,false,0.748836
6659,40637,false,0.876122
6661,51712,false,0.268677
6662,23919,false,0.439923
6662,59802,false,0.887966
6663,23223,false,0.890438
6663,33615,false,0.950856
6663,52766,false,0.444444
6664,12827,false,0.303789
6664,29634,false,0.070296
6665,33818,false,0.207865
6665,58451,false,0.454212
6665,58644,false,0.925721
6666,19403,false,0.926886
6666,26079,false,0.37829
6667,18150,false,0.289088
6667,20976,false,0.326625
6667,22659,false,0.211637
6667,42836,false,0.140253
6667,59452,false,0.703785
6668,16354,false,0.03542
6668,18880,false,0.997549
6668,24029,false,0.878557
6668,24858,false,0.072524
6668,33623,false,0.388703
6668,45118,false,0.376551
6668,52605,false,0.497818
6669,41952,false,0.517732
6670,18112,false,0.884653
6672,23874,false,0.730141
6672,55755,false,0.179129
6672,58581,false,0.187513
6675,41705,false,0.243539
6676,40914,false,0.36288
6676,51777,false,0.974553
6677,27045,false,0.456727
6677,39368,false,0.355561
6678,15132,false,0.209225
6678,18975,false,0.304443
6678,29140,false,0.904371
6678,40819,false,0.331041
6678,46100,false,0.339974
6679,23884,false,0.251905
6679,28636,false,0.406726
6680,21812,false,0.584077
6680,42925,false,0.255037
6680,52816,false,0.040467
6680,54412,false,0.486203
6680,58813,false,0.603648
6681,28399,false,0.083403
6681,41776,false,0.814115
6681,44872,false,1.005642
6681,56900,false,0.005716
6682,28954,false,0.069847
6683,41656,false,0.020188
6684,24306,false,0.431687
6684,25999,false,0.71108
6684,29911,false,0.651932
6686,16759,false,0.384288
6686,23084,false,0.441227
6686,40493,false,0.624448
6686,49196,false,0.864345
6686,57674,false,0.098273
6687,11932,false,0.125477
6687,18140,false,0.257504
6688,18416,false,0.678843
6688,29228,false,0.387596
6688,41750,false,0.616274
6688,52460,false,0.461447
6689,16157,false,0.029869
6689,22837,false,0.537184
6689,42364,false,0.549639
6689,49007,false,0.781392
6690,19384,false,0.4084
6691,26337,false,0.846811
6692,31032,false,0.740777
6692,39076,false,0.270725
6693,18946,false,0.783938
6693,45102,false,0.465756
6694,15498,false,0.458525
6694,37096,false,0.25596
6694,37862,false,1.001584
6694,42307,false,0.794302
6695,39523,false,0.269196
6697,32955,false,0.183873
6697,52331,false,0.029099
6699,57959,false,0.077723
6699,59481,false,0.248618
6700,33846,false,0.044877
6701,16710,false,0.41038
6701,20430,false,0.963958
6702,14543,false,0.733232
6702,23515,false,0.19512
6702,55625,false,0.484419
6703,22323,false,0.622329
6703,30355,false,0.84595
6704,29766,false,0.460021
6704,34998,false,0.21668
6704,50456,false,0.434727
6705,36037,false,0.799168
6705,55974,false,0.37907
6706,45260,false,0.241552
6706,55511,false,0.613977
6707,27837,false,0.496341
6707,33952,false,0.493005
6708,13772,false,0.920773
6708,24808,false,0.180865
6708,50164,false,0.729597
6709,28713,false,0.10825
6709,38094,false,0.142954
6709,43410,false,0.407713
6710,25493,false,0.232729
6711,33498,false,0.212174
6711,36650,false,0.135087
6711,55153,false,0.570984
6711,55392,false,0.492379
6712,29469,false,0.166332
6714,12846,false,0.705122
6714,23616,false,0.598725
6714,34444,false,0.575105
6715,19053,false,0.810957
6715,19828,false,0.385511
6715,31498,false,0.431645
6715,49523,false,0.757568
6716,33580,false,0.985708
6716,49156,false,0.812007
6716,53390,false,0.008485
6716,59832,false,0.134096
6717,11034,false,0.388163
6717,11941,false,0.942581
6717,28737,false,0.897581
6717,51885,false,0.296851
6719,11471,false,0.202636
6719,39333,false,0.907994
6719,55122,false,0.220266
6720,18627,false,0.417158
6720,21994,false,0.091241
6720,25632,false,0.652503
6720,37904,false,0.59282
6720,43841,false,0.460254
6721,19896,false,0.692567
6722,29683,false,0.11151
6722,33177,false,0.427064
6722,44380,false,0.344898
6723,30023,false,0.233025
6723,50732,false,0.986841
6723,57285,false,0.866946
6723,58287,false,0.837559
6724,16392,false,0.543681
6724,31935,false,0.007631
6724,45324,false,0.102199
6724,59939,false,0.152337
6725,25677,false,0.190952
6726,17626,false,0.70972
6726,24678,false,0.733581
6726,24705,false,0.704497
6727,16235,false,0.118645
6728,33169,false,0.275023
6728,35645,false,0.674981
6730,50637,false,0.145797
6731,21458,false,0.645919
6732,15490,false,0.677329
6732,40982,false,0.051897
6733,16327,false,0.447246
6733,21663,false,0.527342
6733,32071,false,0.465995
6733,40944,false,0.026904
6733,47127,false,0.190924
6734,22276,false,0.892114
6734,27200,false,0.85091
6734,34679,false,0.658575
6736,26098,false,0.035061
6736,52504,false,0.211751
6737,28036,false,0.944399
6737,32265,false,0.267879
6737,50002,false,0.98062
6738,11352,false,0.651073
6739,22509,false,0.046357
6739,23254,false,0.763141
6739,27639,false,0.133911
6739,53261,false,0.546962
6740,37800,false,0.013895
6740,47537,false,0.430838
6741,10513,false,0.479892
6741,31508,false,0.871961
6741,39125,false,0.107559
6742,21465,false,0.908713
6743,30707,false,0.269886
6744,58823,false,0.242029
6746,10783,false,0.415175
6746,21198,false,0.594997
6746,37856,false,0.606389
6746,47099,false,0.430402
6746,51164,false,0.200616
6746,52624,false,0.881993
6747,23488,false,0.09454
6748,22189,false,0.339522
6748,24045,false,0.751679
6748,40427,false,0.896667
6748,45938,false,0.737005
6749,34288,false,0.440141
6749,51052,false,0.899533
6750,27351,false,0.963355
6750,41199,false,0.980593
6750,53204,false,0.069756
6751,24654,false,0.573784
6751,50594,false,0.461791
6751,57569,false,0.910421
6752,24030,false,1.55E-4
6752,32917,false,0.386537
6752,50782,false,0.914351
6753,24704,false,0.993304
6753,41808,false,0.554082
6754,24636,false,0.229953
6754,33575,false,0.863486
6754,50043,false,0.441871
6755,49562,false,0.507177
6756,18571,false,0.990456
6757,13974,false,0.320101
6757,24344,false,0.006624
6757,50136,false,1.051618
6759,36107,false,0.718729
6760,11399,false,0.808298
6760,16089,false,0.39043
6760,46823,false,0.891169
6761,18935,false,0.602212
6761,44884,false,0.980933
6762,52240,false,0.824423
6763,37575,false,0.826766
6763,47115,false,0.734317
6764,31166,false,0.518245
6765,11276,false,0.701662
6765,15506,false,0.995182
6765,25140,false,0.473
6766,22557,false,0.336332
6766,23568,false,0.332751
6766,33007,false,0.335696
6766,46604,false,0.488243
6766,48822,false,0.518273
6767,24414,false,0.907494
6767,50895,false,0.837633
6768,21623,false,0.837435
6768,28796,false,0.996063
6768,29616,false,0.316736
6768,34088,false,0.417678
6768,52198,false,0.057773
6768,56906,false,0.472168
6769,23176,false,0.434088
6769,27298,false,0.920344
6769,27840,false,0.376237
6770,15068,false,0.114399
6770,29384,false,0.478579
6770,41594,false,0.287598
6771,53700,false,0.821494
6771,54600,false,0.97417
6772,10811,false,0.78758
6772,40317,false,0.125869
6772,49616,false,0.091882
6772,52140,false,0.681092
6772,52875,false,0.831513
6773,19719,false,0.009227
6773,25503,false,0.060414
6773,35574,false,0.656996
6773,57012,false,0.141702
6774,32459,false,0.203406
6775,17818,false,0.856521
6776,26330,false,0.349432
6776,33134,false,0.899986
6776,33225,false,0.007184
6777,20216,false,0.187778
6778,36038,false,0.677301
6778,58767,false,0.656488
6779,19337,false,0.433272
6779,38466,false,0.037765
6779,41008,false,0.336848
6779,49673,false,0.615602
6780,10693,false,0.043942
6780,27313,false,0.521203
6781,10812,false,0.848387
6781,35508,false,0.828685
6781,41579,false,0.424492
6781,42785,false,0.629215
6781,42871,false,0.677278
6782,15008,false,0.178855
6783,13404,false,0.349345
6783,13491,false,0.535877
6783,16768,false,0.873853
6783,17073,false,0.363408
6783,18654,false,0.40113
6783,32163,false,0.152988
6784,32550,false,0.769144
6784,38445,false,0.268534
6784,58472,false,0.244875
6786,19364,false,0.749501
6786,21412,false,0.527625
6787,25742,false,0.832293
6787,50610,false,0.648782
6787,52227,false,0.529529
6787,54969,false,0.76572
6788,12552,false,0.183864
6788,20778,false,0.444607
6789,15779,false,0.191501
6789,17369,false,0.881963
6789,39587,false,0.068189
6790,15651,false,0.642289
6790,15744,false,0.534714
6790,27332,false,0.082356
6790,35638,false,0.185318
6790,55190,false,0.882892
6790,55458,false,1.004709
6791,12719,false,0.260646
6791,40435,false,0.800294
6793,11150,false,0.129852
6793,25554,false,0.439252
6794,19171,false,0.785199
6794,27100,false,0.953537
6794,29579,false,0.77619
6794,29597,false,0.039605
6794,32535,false,0.00755
6794,45988,false,0.483575
6794,52584,false,0.906108
6796,14834,false,0.776751
6796,42959,false,0.931309
6796,46619,false,0.063959
6797,12791,false,0.753349
6797,24925,false,0.422098
6797,29100,false,0.138778
6797,50271,false,0.640779
6797,58902,false,0.482803
6798,30549,false,0.289578
6798,52060,false,0.165506
6798,58414,false,0.539988
6799,30185,false,0.092954
6799,39344,false,0.751289
6800,13887,false,0.194311
6800,59822,false,0.852356
6801,48196,false,0.597281
6801,53745,false,0.761652
6803,37977,false,0.87719
6803,44318,false,0.07271
6804,12094,false,0.85685
6804,38180,false,0.354911
6804,42108,false,0.894012
6804,56127,false,0.874728
6805,36362,false,0.69029
6805,38908,false,0.998858
6805,42196,false,0.339698
6805,50578,false,0.074878
6805,56995,false,0.969218
6806,37460,false,0.192688
6806,56252,false,0.449791
6808,33334,false,0.18989
6808,50822,false,0.282947
6808,53349,false,0.979766
6810,34565,false,0.550103
6812,24814,false,0.564851
6813,51526,false,0.661159
6814,37827,false,0.412567
6814,38666,false,0.844671
6814,51547,false,0.283341
6815,29126,false,0.186258
6815,39398,false,0.576027
6816,21090,false,1.005066
6816,44337,false,0.894019
6816,45365,false,0.527132
6816,46660,false,0.63387
6816,53134,false,0.027754
6816,56637,false,0.616471
6817,51460,false,0.060703
6818,51974,false,0.459298
6818,53769,false,0.206089
6818,56555,false,0.187607
6819,15184,false,0.610853
6819,59505,false,0.784884
6820,27970,false,0.842331
6820,54759,false,0.298454
6821,23632,false,0.175279
6821,32668,false,0.203943
6822,37934,false,0.766334
6822,58448,false,0.807969
6823,20780,false,0.82508
6823,21779,false,0.804144
6824,21062,false,0.24883
6824,28167,false,0.20403
6824,35082,false,0.805508
6824,36693,false,0.93086
6824,45841,false,0.634322
6824,55616,false,0.140499
6824,59364,false,0.932782
6826,26398,false,0.730263
6826,32378,false,0.749884
6826,38432,false,0.372865
6827,16225,false,0.918373
6827,21250,false,0.791114
6827,29873,false,0.364004
6827,38250,false,0.407059
6827,41207,false,0.095024
6827,44595,false,0.83634
6827,47602,false,0.657432
6828,13826,false,0.375585
6828,28126,false,0.378891
6828,28960,false,0.774965
6828,48751,false,0.261776
6829,31308,false,0.181317
6830,10363,false,0.978715
6830,32315,false,0.581381
6831,33346,false,0.868429
6831,54984,false,0.838116
6832,37721,false,0.085195
6832,46786,false,0.279272
6832,48186,false,0.625778
6833,12947,false,0.54434
6833,14517,false,0.598679
6833,17948,false,0.434938
6833,18645,false,0.979116
6833,47627,false,0.999327
6834,56431,false,1.014907
6835,47187,false,0.908761
6835,48896,false,0.481152
6836,21333,false,0.608894
6836,43944,false,0.905135
6836,52045,false,0.964179
6837,26892,false,1.00061
6838,34801,false,0.9176
6838,39055,false,0.265798
6839,23730,false,0.437985
6840,44345,false,0.405727
6840,53397,false,0.489768
6840,56844,false,0.747288
6841,15692,false,1.007923
6841,22439,false,0.00372
6841,29845,false,0.067115
6842,37617,false,0.168036
6843,18003,false,0.41763
6843,43753,false,0.131797
6844,33613,false,0.591321
6844,52647,false,0.636031
6844,56407,false,0.141956
6845,27407,false,0.240948
6845,35192,false,0.744244
6846,40489,false,0.838407
6847,10289,false,0.573185
6847,16129,false,0.628323
6847,16930,false,0.661403
6847,18316,false,0.815881
6847,20936,false,0.895777
6847,27160,false,0.553879
6847,37001,false,0.281681
6848,11346,false,0.26292
6848,21053,false,0.050352
6849,17294,false,0.915626
6849,32468,false,0.334903
6849,34025,false,0.058182
6849,48524,false,0.986881
6851,31053,false,1.037035
6851,40828,false,1.001118
6851,41939,false,0.014897
6851,57472,false,0.792806
6852,43346,false,0.921143
6852,45294,false,0.314428
6853,29939,false,0.439554
6853,32632,false,0.63795
6853,34204,false,0.591147
6853,56590,false,0.748866
6854,26798,false,0.4454
6854,28214,false,0.028811
6854,30654,false,0.879928
6854,31897,false,0.781384
6854,35884,false,0.320538
6854,41916,false,0.227867
6855,15101,false,0.340002
6855,29607,false,0.118846
6856,15231,false,0.854493
6856,49441,false,0.155797
6857,44198,false,0.396582
6857,46913,false,0.503331
6857,57079,false,0.474552
6858,19643,false,0.577107
6858,23996,false,0.327764
6858,27528,false,0.683783
6858,36072,false,0.70042
6858,50299,false,0.381894
6859,37097,false,0.996146
6859,37213,false,0.107298
6859,41487,false,0.812682
6860,39679,false,0.677768
6861,32331,false,0.132852
6861,58561,false,0.603078
6862,15275,false,0.980552
6862,33369,false,0.729567
6862,46321,false,0.989533
6862,56627,false,0.560616
6863,14532,false,0.493228
6863,59039,false,0.585757
6864,13391,false,0.375981
6864,17783,false,0.409034
6864,22582,false,0.31915
6864,36075,false,0.436135
6864,44371,false,0.829604
6866,40296,false,0.917011
6867,12038,false,0.453428
6867,52608,false,0.813131
6868,33741,false,0.554691
6868,57413,false,0.16064
6869,26590,false,0.002019
6869,46070,false,0.536699
6869,51118,false,0.504299
6870,47562,false,0.688428
6871,31173,false,0.564307
6871,40793,false,0.143933
6871,55943,false,0.396586
6872,18366,false,0.886816
6872,33030,false,0.427226
6872,55274,false,0.950655
6872,56189,false,0.081784
6873,15505,false,0.870244
6873,23629,false,0.490572
6873,25238,false,0.276374
6873,27795,false,0.954891
6874,36099,false,0.480211
6874,46208,false,0.06462
6875,16379,false,1.018947
6875,19346,false,0.086017
6876,11020,false,0.289747
6876,13510,false,0.450644
6876,22165,false,0.094546
6876,33825,false,0.917713
6877,30947,false,0.076174
6877,35390,false,0.127735
6878,16237,false,0.447266
6878,31734,false,0.700881
6879,17517,false,0.455299
6879,24230,false,0.640043
6879,29045,false,0.582642
6879,38129,false,0.590104
6879,38312,false,0.146018
6879,39003,false,0.31647
6880,23470,false,0.13853
6880,44330,false,0.585906
6880,54207,false,0.713467
6881,30128,false,0.84943
6882,18305,false,0.148808
6883,18123,false,0.36868
6883,36612,false,0.160361
6883,48491,false,0.585534
6884,36632,false,0.722377
6884,43114,false,0.928137
6884,43992,false,0.992978
6884,47788,false,0.433586
6885,15488,false,0.856617
6885,19859,false,0.419587
6885,38999,false,0.010657
6886,26688,false,0.662487
6886,45876,false,0.367699
6886,49048,false,0.77072
6886,58645,false,0.786513
6887,16356,false,0.450112
6887,36544,false,0.613635
6888,15313,false,0.345158
6888,31344,false,0.12462
6888,52765,false,0.143314
6888,57090,false,0.605371
6889,17022,false,0.87851
6889,19442,false,0.724889
6889,41998,false,1.018228
6889,58749,false,0.988659
6890,17617,false,0.545361
6890,42059,false,0.364802
6890,54974,false,0.699066
6893,50786,false,0.116948
6894,25937,false,0.74814
6894,53604,false,0.061937
6895,19113,false,0.341382
6895,26740,false,0.699606
6895,32555,false,0.760805
6895,52895,false,0.818961
6896,15756,false,0.842321
6896,20860,false,0.03722
6896,54869,false,0.126545
6897,26038,false,0.431532
6897,26726,false,0.592911
6897,39889,false,0.985974
6897,50692,false,0.946544
6898,56391,false,0.589673
6898,56412,false,0.621935
6898,56525,false,0.158249
6899,31855,false,0.111969
6899,37191,false,0.580713
6899,42151,false,0.948219
6901,25830,false,0.623578
6901,32123,false,0.719529
6903,23949,false,0.340818
6903,32079,false,0.534344
6903,33780,false,0.247204
6904,17562,false,0.277319
6904,43562,false,0.773387
6904,59891,false,0.717868
6905,11561,false,0.890552
6905,22912,false,0.591
6906,10172,false,0.10105
6906,13988,false,0.286569
6906,42443,false,0.762509
6908,22852,false,0.973026
6908,57211,false,0.389947
6909,14964,false,0.64154
6909,17577,false,0.377167
6909,30165,false,0.940144
6909,59329,false,0.155998
6910,12533,false,1.004854
6910,22123,false,0.110956
6911,19172,false,0.131506
6911,21637,false,0.088852
6911,23300,false,0.920281
6911,45484,false,0.655702
6912,31000,false,0.802259
6912,51013,false,0.799191
6913,18670,false,0.5966
6913,28255,false,0.209557
6914,16085,false,0.122985
6914,28880,false,0.913633
6914,38815,false,0.398415
6916,10716,false,0.750837
6917,18245,false,0.075286
6917,19946,false,0.235411
6917,42872,false,0.588401
6917,43201,false,0.55713
6918,53562,false,0.27406
6918,59139,false,0.364759
6919,15098,false,0.677662
6919,17016,false,0.323723
6919,33601,false,0.995255
6920,13096,false,0.830989
6920,13288,false,0.419235
6920,21171,false,0.457206
6920,23146,false,0.84359
6920,30399,false,0.999712
6921,21451,false,0.90191
6922,17633,false,0.003982
6922,22198,false,0.501953
6922,51598,false,0.664805
6922,57525,false,0.961808
6922,59657,false,0.448275
6923,43629,false,0.232315
6924,13551,false,0.281855
6924,40659,false,0.747527
6927,13472,false,0.347625
6928,11523,false,0.076682
6928,27293,false,0.002044
6929,10587,false,0.113168
6929,37391,false,0.038419
6929,38386,false,0.614991
6929,38576,false,0.030266
6929,55710,false,0.187117
6930,48413,false,0.446555
6931,36931,false,0.331257
6931,54724,false,0.065472
6931,59688,false,0.156064
6932,34045,false,0.82177
6932,38526,false,0.330653
6932,43856,false,0.268509
6932,51649,false,0.150962
6932,55414,false,0.370638
6933,49561,false,0.26105
6933,59120,false,0.571473
6934,25948,false,0.135965
6934,46707,false,0.442703
6935,29925,false,0.379244
6935,52948,false,0.398234
6936,10578,false,0.671377
6936,13473,false,0.090307
6936,29590,false,0.384431
6936,42757,false,0.023424
6936,44719,false,0.133507
6936,57327,false,0.080124
6937,32437,false,0.289779
6937,45383,false,0.824801
6938,15782,false,0.046364
6938,39529,false,0.638479
6939,13874,false,0.527024
6939,25941,false,0.566033
6939,42715,false,0.842848
6939,44063,false,0.415326
6939,44164,false,0.488122
6939,59024,false,0.900347
6940,11626,false,0.254594
6940,19581,false,0.353795
6942,11542,false,0.641044
6942,11861,false,0.421717
6942,40535,false,0.557526
6943,23498,false,0.349978
6943,39028,false,0.701287
6943,41540,false,0.895558
6943,43137,false,0.323675
6943,51478,false,0.12696
6943,51733,false,0.093701
6943,57775,false,0.359812
6944,11868,false,0.484267
6944,12977,false,0.973807
6944,31566,false,0.107127
6944,53711,false,0.766058
6944,54165,false,0.039993
6945,11647,false,0.987609
6945,53183,false,0.397739
6946,13870,false,0.971357
6946,27306,false,0.358157
6946,32878,false,0.519352
6947,35293,false,0.327454
6947,36178,false,0.657857
6947,36747,false,0.728768
6949,11480,false,0.244294
6949,52652,false,0.18603
6950,19468,false,0.92461
6950,22757,false,0.773913
6950,59994,false,0.403783
6951,57919,false,0.628294
6952,32255,false,0.500105
6952,35559,false,0.399003
6953,16050,false,0.193118
6953,39279,false,0.61686
6954,10324,false,0.980018
6954,23852,false,0.507411
6954,26329,false,0.632631
6955,46661,false,0.437522
6955,53461,false,0.244541
6957,25422,false,0.588167
6957,41495,false,0.045251
6957,48500,false,0.845318
6957,59088,false,0.84734
6958,48108,false,0.777692
6960,48627,false,0.092106
6961,18019,false,0.107872
6961,39652,false,0.61543
6962,10044,false,0.540611
6962,25321,false,0.860983
6962,40724,false,0.185635
6962,46605,false,0.688602
6962,51830,false,0.154419
6963,13702,false,0.253864
6963,36790,false,0.316396
6963,42761,false,0.486409
6963,57106,false,0.220485
6965,12953,false,0.025152
6965,21766,false,0.035146
6965,24529,false,0.200585
6965,33343,false,0.915638
6966,28883,false,0.372068
6967,14588,false,0.849802
6967,31551,false,0.10729
6968,14161,false,0.243301
6968,52229,false,0.095806
6969,22802,false,0.549811
6969,46704,false,0.953945
6970,29107,false,0.331931
6970,38078,false,0.612499
6972,13750,false,0.20666
6972,26481,false,0.516387
6973,41235,false,0.720734
6974,20574,false,0.115021
6974,36069,false,0.457372
6974,54083,false,0.549539
6975,28244,false,0.919985
6975,44101,false,0.652663
6976,25592,false,0.35614
6978,36737,false,0.620475
6978,39019,false,0.696375
6978,56401,false,0.044184
6979,52664,false,0.0885
6980,34771,false,0.148737
6981,28364,false,0.901865
6981,44604,false,0.573027
6981,50445,false,0.339171
6982,11336,false,0.658658
6982,19953,false,0.428768
6982,24788,false,0.40108
6982,33680,false,0.706159
6982,46549,false,0.875783
6982,56565,false,0.952754
6983,28138,false,0.047172
6983,30815,false,0.423679
6983,41347,false,0.598241
6983,59206,false,0.879319
6984,26513,false,0.086206
6984,59082,false,0.266229
6985,22780,false,0.681812
6985,36623,false,0.667257
6986,38206,false,0.907696
6986,45978,false,0.516307
6986,50034,false,0.023706
6986,56233,false,0.024253
6987,20233,false,0.998605
6987,43044,false,0.274084
6987,44193,false,0.853931
6988,18894,false,0.980066
6988,29735,false,0.72981
6988,37709,false,0.249682
6988,39386,false,0.939458
6988,46598,false,0.558438
6990,22126,false,0.083426
6990,24873,false,0.328735
6991,29761,false,0.735144
6991,42439,false,0.899049
6992,11909,false,0.614024
6992,47441,false,0.673772
6992,47468,false,0.771202
6993,14904,false,0.010418
6994,27177,false,0.641828
6994,51872,false,0.694353
6994,52575,false,0.768593
6995,14034,false,0.312944
6995,43435,false,0.989641
6996,20259,false,0.951312
6996,34563,false,0.345206
6997,31255,false,0.905617
6997,57085,false,0.398859
6998,48122,false,0.529956
6998,50465,false,0.886196
6998,57898,false,0.511438
6999,18716,false,0.665233
7000,22927,false,0.10632
7000,46575,false,0.82852
7000,51358,false,0.546125
7000,55840,false,0.383355
7001,40000,false,0.817003
7001,42579,false,0.123839
7001,55747,false,0.327478
7002,18911,false,0.678088
7002,42712,false,0.680444
7003,16514,false,0.643761
7003,53186,false,0.555035
7004,47509,false,0.992397
7005,34804,false,0.665944
7005,40443,false,0.213481
7005,45716,false,0.667366
7005,53660,false,0.090941
7006,12310,false,0.518046
7006,31787,false,0.487161
7006,41105,false,0.3471
7006,58492,false,0.739602
7006,59889,false,0.53978
7007,16615,false,0.20245
7007,52200,false,0.625313
7008,14735,false,0.090671
7008,16136,false,0.187556
7008,17290,false,0.556965
7008,26222,false,0.610308
7008,56084,false,0.332271
7009,18976,false,0.333161
7009,26701,false,0.955404
7009,55009,false,0.705539
7010,26382,false,0.62879
7010,41309,false,0.230787
7010,45681,false,0.354005
7011,21042,false,0.614988
7011,45393,false,0.727927
7011,48366,false,0.030892
7011,55998,false,0.292886
7012,11719,false,0.945604
7012,14093,false,0.082808
7012,47755,false,0.117014
7013,24223,false,0.403122
7013,37064,false,0.713753
7013,46420,false,0.890974
7013,51387,false,0.420591
7015,13420,false,0.291639
7015,13889,false,0.589916
7015,56486,false,0.995372
7018,23574,false,0.907006
7018,32671,false,0.158557
7018,40909,false,0.731526
7019,24465,false,0.176579
7019,28171,false,0.417801
7019,35872,false,0.317628
7019,45813,false,0.05419
7020,12201,false,0.666871
7020,16181,false,0.498213
7020,42803,false,0.131794
7020,53465,false,0.860764
7021,39612,false,0.730393
7022,33494,false,0.99286
7022,36346,false,0.014233
7023,16153,false,0.151342
7024,11873,false,0.354151
7024,24929,false,0.390134
7025,49030,false,0.188978
7025,59773,false,0.49396
7026,23929,false,0.384781
7026,30284,false,0.702701
7026,37768,false,0.311283
7028,18090,false,0.88918
7028,25802,false,0.015404
7028,37243,false,0.327506
7028,53124,false,0.917339
7029,12336,false,0.370199
7029,33701,false,0.346038
7029,36223,false,0.845298
7029,51715,false,0.643783
7029,53083,false,0.8568
7029,60000,false,0.472203
7030,29115,false,0.115271
7030,29143,false,0.351348
7030,58453,false,0.44795
7031,22077,false,0.870748
7031,24310,false,0.949327
7031,45016,false,0.01034
7031,52729,false,1.005964
7031,55376,false,0.636236
7032,34882,false,0.701294
7032,37411,false,0.77316
7033,10521,false,0.364502
7033,31492,false,1.003705
7033,33730,false,0.17334
7033,47871,false,0.923142
7034,36347,false,0.910212
7034,58049,false,0.085883
7035,12841,false,0.788565
7035,18361,false,0.071234
7035,27121,false,0.286774
7035,31352,false,0.923907
7036,30673,false,0.365593
7036,33877,false,0.428033
7037,17530,false,0.778491
7037,51903,false,0.408353
7038,46502,false,1.010834
7038,49073,false,0.643286
7039,25817,false,0.431386
7039,52753,false,0.714141
7039,56715,false,0.506536
7040,13134,false,0.239429
7040,15975,false,0.5788
7040,31359,false,0.459032
7040,37775,false,0.630761
7040,50048,false,0.377513
7041,28391,false,0.460716
7041,42421,false,1.002482
7041,43837,false,0.69465
7041,57254,false,0.107273
7041,57829,false,0.624081
7042,31872,false,0.925887
7042,40701,false,0.340284
7042,53730,false,0.401844
7042,58882,false,0.578061
7042,59073,false,0.392644
7043,44352,false,0.058512
7043,55867,false,0.19347
7044,35430,false,0.438108
7045,12699,false,0.877416
7045,27534,false,0.233334
7045,30933,false,0.641476
7046,24594,false,0.943603
7046,37500,false,0.077721
7046,40896,false,0.99517
7046,47454,false,0.942784
7046,49627,false,0.246768
7047,22387,false,0.956879
7047,54962,false,0.660148
7048,10445,false,0.302872
7048,27642,false,0.564709
7048,45081,false,0.272095
7048,53265,false,0.212574
7048,56423,false,0.902806
7049,33579,false,0.767397
7049,51675,false,0.789017
7049,53543,false,0.354008
7049,54423,false,0.940068
7051,26738,false,0.522044
7051,33869,false,0.982221
7051,36194,false,0.748416
7051,40562,false,0.192515
7052,10030,false,0.209922
7052,52607,false,0.011179
7052,54185,false,0.769341
7053,24424,false,0.912114
7053,39444,false,0.533493
7053,44144,false,0.016137
7053,47506,false,0.500023
7055,39000,false,0.100218
7057,12944,false,0.590037
7057,19939,false,0.736884
7057,33561,false,0.50585
7058,18636,false,0.918644
7058,59550,false,0.508049
7059,18226,false,0.338732
7059,24599,false,0.235542
7059,56997,false,0.415416
7060,17214,false,0.743642
7060,30773,false,0.879752
7061,10507,false,0.230825
7061,35571,false,0.881445
7062,16475,false,0.352161
7062,37338,false,0.246465
7063,55736,false,0.977755
7064,11784,false,0.666272
7064,14488,false,0.737473
7064,18275,false,0.156307
7064,44349,false,0.812745
7064,48818,false,0.819667
7065,11645,false,0.731256
7065,16594,false,0.981773
7065,25525,false,0.882671
7065,34200,false,0.770107
7065,35840,false,0.460235
7065,40305,false,0.931781
7065,50970,false,0.654423
7065,53388,false,0.725262
7066,10736,false,0.598899
7066,48841,false,0.156633
7067,17476,false,0.889431
7067,40729,false,0.718437
7067,58292,false,0.206146
7068,27706,false,0.994069
7068,35128,false,0.504014
7069,51027,false,0.774534
7071,18820,false,0.437998
7071,49012,false,0.973196
7071,50381,false,0.181944
7071,54670,false,0.577197
7072,18589,false,0.38814
7072,25938,false,0.821599
7073,11703,false,0.572093
7073,12902,false,0.584825
7073,52874,false,0.296569
7074,21036,false,0.538142
7074,46847,false,0.861305
7075,33998,false,0.736023
7075,36667,false,0.193325
7076,22953,false,0.469582
7076,31231,false,0.122562
7077,41132,false,0.855309
7077,54257,false,0.13969
7077,54695,false,0.163838
7077,59972,false,0.677884
7080,23187,false,0.246068
7081,29745,false,0.853104
7081,34807,false,0.947661
7081,41570,false,0.72659
7081,56072,false,0.607026
7082,15190,false,0.535009
7083,43156,false,0.771572
7083,48119,false,0.430328
7084,33391,false,0.421
7084,35947,false,0.765496
7085,47329,false,0.618289
7086,14328,false,0.145236
7086,28590,false,0.587427
7087,38917,false,0.089744
7088,53448,false,0.247895
7088,58158,false,0.654511
7089,21696,false,0.357258
7089,27495,false,0.144406
7089,42893,false,0.12569
7090,53654,false,0.395806
7091,12444,false,0.387512
7091,50204,false,1.009154
7091,50802,false,0.645507
7092,16667,false,0.694447
7093,18767,false,0.847
7094,27314,false,0.471992
7094,57897,false,0.87173
7095,42688,false,0.75424
7095,59374,false,0.016507
7096,14302,false,0.736313
7096,35745,false,0.077323
7096,59181,false,0.641129
7097,21751,false,0.915668
7097,36604,false,0.153432
7097,41575,false,0.816374
7098,14907,false,0.956011
7098,28038,false,0.066488
7098,29827,false,0.404352
7098,47651,false,0.993145
7098,56231,false,0.084905
7099,27403,false,0.140143
7099,42176,false,0.680056
7099,49546,false,0.211218
7100,24647,false,0.390929
7100,53273,false,0.140349
7101,24433,false,0.45185
7101,24753,false,0.228557
7101,43791,false,0.989741
7101,55335,false,0.27083
7101,58756,false,0.346792
7102,20558,false,0.955513
7102,43949,false,0.955101
7103,41485,false,0.321347
7103,46461,false,0.938671
7103,57212,false,0.843737
7104,28152,false,0.221785
7105,44657,false,0.308891
7105,53923,false,0.680307
7106,33684,false,0.44974
7106,44713,false,0.09845
7106,57265,false,0.569846
7107,53874,false,0.247383
7109,44748,false,0.374737
7109,55598,false,0.882126
7110,58474,false,0.099136
7112,17258,false,0.473837
7112,23564,false,0.479779
7112,24930,false,0.137825
7112,28854,false,0.052307
7112,34628,false,0.593856
7112,34860,false,0.938415
7114,12806,false,0.016087
7116,17082,false,0.693394
7116,18727,false,0.178885
7116,30021,false,0.474072
7117,54949,false,0.001476
7118,21863,false,0.051477
7118,27936,false,0.165606
7118,39545,false,0.008386
7118,44809,false,0.676876
7118,47312,false,0.600051
7118,56773,false,0.101518
7119,40062,false,0.339216
7119,50808,false,0.085064
7120,11420,false,0.097623
7120,23657,false,0.428192
7120,24404,false,0.027348
7120,42202,false,0.928355
7120,54569,false,0.813248
7121,28673,false,0.197842
7121,31819,false,0.725085
7121,37837,false,0.257464
7122,35151,false,0.381808
7122,41300,false,0.007214
7122,46302,false,0.424989
7123,32893,false,0.497765
7124,17702,false,0.42391
7124,34451,false,0.96898
7124,34891,false,0.049982
7124,35994,false,0.165115
7124,49017,false,0.098375
7125,44810,false,0.886385
7126,15710,false,0.930529
7126,24147,false,0.253204
7127,18114,false,0.12315
7128,11116,false,0.692988
7128,23928,false,0.403935
7128,39647,false,0.693861
7129,16466,false,0.096243
7129,21550,false,0.975737
7129,47707,false,0.982872
7131,22092,false,0.568987
7131,46790,false,0.070028
7131,59588,false,0.486382
7132,39226,false,0.26202
7133,15806,false,0.360241
7133,23924,false,0.230648
7133,25050,false,0.388469
7134,42390,false,0.183915
7134,43335,false,0.105216
7135,34576,false,0.117504
7135,42039,false,0.801001
7136,37816,false,0.899381
7136,51546,false,0.411286
7136,57734,false,0.459541
7137,46703,false,0.008352
7138,43302,false,0.762915
7138,44426,false,0.270195
7138,45340,false,0.332048
7139,17691,false,0.299001
7140,36556,false,0.363631
7140,49764,false,0.790915
7141,46662,false,0.600509
7142,33044,false,0.460879
7142,45627,false,0.757208
7143,10827,false,0.437377
7143,14481,false,0.747467
7143,36749,false,0.497861
7144,44708,false,0.784223
7145,25777,false,0.488316
7145,42703,false,0.244995
7145,48453,false,0.596386
7146,17370,false,0.250035
7146,19629,false,0.855333
7147,11810,false,0.978338
7147,29190,false,0.328657
7147,34227,false,0.856783
7148,11211,false,0.219674
7148,46160,false,0.103924
7149,48558,false,0.029695
7150,46136,false,0.587037
7151,30272,false,0.139453
7151,35098,false,0.164573
7151,58597,false,0.238677
7152,30241,false,0.111236
7153,18908,false,0.152601
7153,20744,false,0.395791
7153,34020,false,0.661948
7153,42255,false,0.534471
7154,38951,false,0.778563
7154,49232,false,0.880264
7154,51977,false,0.11193
7155,15969,false,0.504373
7155,24660,false,0.500045
7155,49942,false,0.634498
7156,44679,false,0.106551
7157,34915,false,0.626172
7158,21205,false,0.612247
7158,50838,false,0.83301
7159,17375,false,0.244272
7159,51748,false,0.071184
7159,58742,false,0.866049
7160,21177,false,0.591854
7160,28606,false,0.2046
7160,34054,false,0.124489
7161,15047,false,0.715453
7161,47503,false,0.028538
7162,25758,false,0.254038
7162,30683,false,0.270778
7163,30594,false,0.270733
7163,37214,false,0.368933
7163,43389,false,0.561665
7163,57914,false,0.127504
7164,13409,false,0.873883
7164,23086,false,0.861949
7165,10972,false,0.78173
7166,16443,false,0.570552
7166,34338,false,0.191534
7166,58656,false,0.42056
7167,56628,false,0.2827
7168,16160,false,0.374765
7168,18964,false,0.392344
7168,29354,false,0.62403
7168,54713,false,0.853791
7169,38882,false,0.102072
7169,54733,false,0.34167
7170,35774,false,0.590885
7170,37170,false,0.381501
7170,40773,false,0.445187
7170,43980,false,1.026359
7170,50702,false,0.038693
7171,49889,false,0.060264
7172,52877,false,0.758843
7173,33069,false,0.656939
7173,56897,false,0.023969
7174,11678,false,0.166639
7174,34164,false,0.512727
7175,39680,false,0.738654
7175,46954,false,0.968736
7176,10877,false,0.780784
7176,15586,false,0.886147
7176,29847,false,0.432871
7176,40325,false,0.474043
7177,46351,false,0.963997
7178,34903,false,0.550402
7178,56179,false,0.163486
7180,16355,false,0.078004
7181,48862,false,0.23879
7182,27868,false,0.121504
7182,35189,false,0.472251
7183,39567,false,0.377929
7184,42462,false,0.339478
7185,18391,false,0.346304
7185,19783,false,0.088115
7185,49185,false,0.770713
7186,16573,false,0.669661
7186,18675,false,0.562558
7186,34566,false,0.299414
7187,15861,false,0.039032
7187,37150,false,0.666525
7187,50577,false,0.419928
7187,55575,false,1.002211
7188,24419,false,0.806749
7188,41804,false,0.333651
7188,52472,false,0.503405
7188,59632,false,0.890852
7189,11885,false,0.665686
7189,24443,false,0.989208
7189,30569,false,0.798845
7189,57789,false,0.049058
7189,58370,false,0.559993
7189,58707,false,0.931361
7190,32825,false,0.501456
7190,41424,false,0.44413
7190,44951,false,0.203267
7190,49031,false,0.209087
7191,16748,false,0.689816
7191,47969,false,0.472106
7191,57284,false,0.903597
7192,26686,false,0.379837
7192,27320,false,0.611865
7192,28010,false,0.577921
7192,46586,false,0.003038
7192,50511,false,0.957476
7192,52072,false,0.914763
7193,31833,false,0.281997
7193,55164,false,0.949244
7194,20613,false,0.744142
7195,26409,false,0.803376
7195,30784,false,0.827176
7195,36795,false,0.353503
7196,18829,false,0.825799
7196,43515,false,0.530892
7197,11434,false,0.654838
7197,26729,false,0.076464
7197,37839,false,0.413871
7197,40708,false,0.59016
7198,33411,false,0.040909
7198,36256,false,0.571149
7198,43266,false,0.332071
7199,11991,false,0.957692
7199,24309,false,0.325636
7199,56756,false,0.01783
7200,16465,false,0.736236
7200,24144,false,0.600771
7201,31005,false,0.928235
7201,50392,false,0.755562
7202,35917,false,0.172059
7202,45501,false,0.855098
7203,13687,false,0.576435
7203,28473,false,0.728691
7203,38941,false,0.564426
7203,47275,false,0.869086
7204,13270,false,0.654582
7204,32847,false,0.031185
7204,33212,false,0.920539
7205,55948,false,0.396639
7206,23596,false,0.75472
7207,34731,false,0.589116
7207,43489,false,0.901916
7207,50193,false,0.943488
7207,55179,false,0.017996
7208,46397,false,0.908341
7209,54213,false,0.14662
7210,25895,false,0.297588
7210,33824,false,0.928596
7210,36987,false,0.674393
7210,47004,false,0.945012
7211,10950,false,0.338267
7211,13969,false,0.422956
7211,23767,false,0.957121
7211,41369,false,1.013055
7211,42690,false,0.5384
7212,10020,false,0.429281
7212,13116,false,0.986638
7212,19060,false,0.996271
7213,20061,false,0.00474
7213,34644,false,0.874933
7214,41089,false,0.752727
7214,45870,false,0.245368
7215,44283,false,0.819463
7215,58558,false,0.079277
7216,56714,false,0.043753
7216,59262,false,0.246849
7217,16904,false,0.752099
7217,17050,false,0.198963
7217,44208,false,0.503334
7217,47968,false,0.930599
7217,55032,false,0.126451
7218,29146,false,0.677401
7218,50283,false,0.026118
7219,10500,false,0.86645
7219,47839,false,0.071076
7220,18050,false,0.636379
7220,29136,false,0.604841
7221,19309,false,0.96247
7221,33168,false,0.711322
7221,43264,false,0.098285
7222,13576,false,0.345728
7222,24107,false,1.005055
7222,24130,false,0.964572
7223,53927,false,0.343944
7224,30207,false,0.784752
7224,50698,false,0.511175
7225,13581,false,0.27664
7225,57380,false,0.977808
7226,16693,false,0.345711
7226,40331,false,0.347032
7227,23671,false,0.754673
7227,26186,false,1.007263
7227,31381,false,0.277767
7228,22534,false,0.553657
7228,35153,false,0.003603
7228,35569,false,0.932424
7230,11173,false,0.528584
7230,56867,false,0.784503
7230,58985,false,0.002134
7233,48074,false,0.860239
7234,20355,false,0.902095
7234,37851,false,0.532387
7234,45804,false,0.171154
7234,47996,false,0.809619
7235,52286,false,0.846831
7236,36309,false,0.27125
7236,40091,false,0.775164
7236,43251,false,0.165915
7236,48331,false,0.854112
7238,11066,false,0.015446
7238,29474,false,0.160979
7238,49867,false,0.5846
7239,37094,false,0.438591
7239,51583,false,0.757924
7239,53784,false,0.33418
7239,59951,false,0.011353
7240,35699,false,0.341306
7241,13685,false,0.426808
7241,35054,false,0.790744
7241,35520,false,0.0583
7241,49016,false,0.680161
7241,54136,false,0.699659
7242,54414,false,0.229207
7243,35217,false,0.71524
7244,17075,false,0.624063
7244,21918,false,0.992602
7244,28359,false,1.00397
7244,43268,false,0.956153
7245,18868,false,0.799142
7245,22709,false,0.892495
7245,26283,false,0.837497
7245,49122,false,0.368958
7247,19270,false,0.304385
7247,51770,false,0.481321
7248,13807,false,0.104086
7248,18420,false,0.307956
7248,34399,false,0.055255
7248,44538,false,0.860792
7248,48388,false,0.712466
7248,49401,false,0.004952
7249,11883,false,0.201338
7249,12583,false,0.196125
7249,38115,false,0.648503
7249,52992,false,0.593771
7250,14657,false,0.235975
7250,22687,false,0.88986
7250,32353,false,0.991198
7250,40980,false,0.033863
7250,59514,false,0.626137
7251,27481,false,0.259343
7251,46939,false,0.337045
7251,56363,false,0.765069
7252,31121,false,0.141457
7253,12264,false,0.684909
7253,54291,false,0.502738
7254,15709,false,0.41309
7254,17728,false,0.416756
7255,52109,false,0.319328
7256,23950,false,0.394641
7256,43091,false,0.48451
7256,43623,false,0.669293
7256,58321,false,0.949684
7257,40204,false,0.799797
7257,48410,false,0.936468
7257,58045,false,0.010864
7258,13239,false,0.026416
7258,19994,false,0.247834
7258,21659,false,1.00076
7259,23844,false,0.892521
7259,25061,false,0.147323
7260,11222,false,0.071384
7260,55848,false,0.309012
7261,19972,false,0.184987
7261,31746,false,0.849646
7261,33802,false,0.330067
7261,40473,false,0.703265
7261,48725,false,0.354484
7262,36368,false,0.489395
7263,11207,false,0.872721
7263,26312,false,0.347549
7263,42230,false,0.808909
7263,48434,false,0.449076
7263,55656,false,0.317634
7264,29380,false,0.853239
7265,24570,false,0.824867
7265,35072,false,0.628067
7265,35332,false,0.586382
7265,36499,false,0.231133
7265,51669,false,0.939409
7267,18609,false,0.196306
7267,25773,false,0.628802
7267,28436,false,0.716843
7267,29959,false,0.506334
7267,50079,false,0.602554
7267,54372,false,0.119039
7267,55828,false,0.996944
7268,48167,false,0.655145
7269,54779,false,0.780286
7270,11770,false,0.892278
7270,16746,false,0.412808
7271,13452,false,0.850434
7271,22542,false,0.076138
7271,38760,false,0.054419
7272,22365,false,0.163613
7272,24974,false,0.406368
7272,49517,false,0.792976
7275,28191,false,0.456562
7276,10690,false,0.791807
7276,17740,false,0.891777
7276,25814,false,0.819005
7276,43878,false,0.597278
7276,48109,false,0.866555
7278,15790,false,0.129812
7278,29581,false,0.990315
7279,47005,false,0.330893
7279,50662,false,0.360032
7279,58779,false,0.933764
7281,12312,false,0.23029
7281,47155,false,1.00225
7281,54788,false,0.893856
7281,56738,false,0.794985
7282,53242,false,0.342636
7283,49797,false,0.54324
7284,11050,false,0.451465
7284,17111,false,1.012
7284,27836,false,0.141922
7284,29492,false,0.356328
7284,35110,false,0.981272
7284,53127,false,0.261046
7285,35245,false,0.67381
7286,15905,false,0.962028
7286,21709,false,0.3937
7286,28785,false,0.585055
7286,48161,false,0.451113
7286,59001,false,0.494694
7287,25665,false,0.984587
7287,37787,false,0.915081
7288,32445,false,0.025169
7288,37817,false,0.826245
7289,19839,false,0.215755
7290,11686,false,0.94981
7290,12864,false,0.753235
7290,29357,false,0.450133
7290,35720,false,0.034704
7290,35837,false,0.886926
7290,44281,false,0.581327
7291,10465,false,0.509804
7291,45442,false,0.713093
7292,23337,false,0.566004
7292,37377,false,0.110105
7292,42493,false,0.846497
7293,13017,false,0.906034
7294,19027,false,0.963681
7294,23438,false,1.021073
7294,37069,false,0.686832
7295,22438,false,0.426009
7295,34990,false,0.705858
7297,22740,false,0.151433
7297,31681,false,0.191642
7297,43273,false,0.126543
7298,10208,false,0.066315
7298,24207,false,0.676596
7298,29036,false,0.943596
7298,41874,false,0.64937
7298,49438,false,0.0305
7300,12276,false,0.372125
7300,40599,false,0.85917
7301,17805,false,0.829532
7301,19975,false,0.999821
7301,24885,false,0.96896
7301,32290,false,0.427193
7301,45067,false,0.259893
7302,13450,false,0.038045
7302,16992,false,0.604421
7303,16647,false,0.559363
7303,23040,false,0.554888
7303,37357,false,0.445701
7303,54492,false,0.602587
7304,17099,false,0.729271
7304,24525,false,0.522772
7304,35626,false,0.168864
7304,38705,false,0.627087
7304,40795,false,0.195882
7304,54549,false,0.868868
7304,57069,false,0.007961
7305,31701,false,0.75774
7305,35572,false,0.003422
7305,44165,false,0.927497
7306,25261,false,0.613012
7306,30255,false,0.821548
7306,39299,false,0.200542
7309,28535,false,0.595958
7309,32658,false,0.893669
7309,33167,false,0.287467
7310,10280,false,0.208858
7310,17976,false,0.688089
7310,29627,false,0.619754
7310,38880,false,0.501684
7310,44531,false,0.96281
7311,56893,false,0.17366
7312,29220,false,0.659329
7313,16779,false,0.716465
7313,50417,false,0.762283
7314,18575,false,0.903046
7314,32215,false,0.508215
7315,17403,false,0.271595
7315,24434,false,0.680614
7315,24528,false,0.783453
7316,21624,false,0.589691
7316,43545,false,0.210191
7316,50338,false,0.227635
7316,56066,false,0.76578
7317,41985,false,0.123517
7317,52025,false,0.970197
7318,52505,false,0.667737
7319,46567,false,0.187315
7320,12890,false,0.168416
7320,25862,false,0.974688
7320,29921,false,0.005071
7320,35228,false,0.218092
7321,10570,false,0.699105
7321,31419,false,0.827327
7322,16458,false,0.092652
7322,22512,false,0.986994
7323,24120,false,0.070188
7323,25226,false,0.724033
7323,27943,false,0.299593
7323,30210,false,0.702898
7324,22677,false,0.385531
7324,44019,false,0.931977
7324,48821,false,0.052212
7324,56040,false,0.622584
7325,10963,false,0.874552
7325,24712,false,0.545584
7325,28974,false,0.564721
7325,46968,false,0.398175
7325,56386,false,0.97217
7325,57147,false,0.286252
7325,57794,false,0.447596
7325,59154,false,0.792806
7326,26690,false,0.878295
7326,31440,false,0.838073
7326,46088,false,0.771885
7326,55795,false,0.868492
7327,16991,false,0.631127
7327,39474,false,0.35595
7327,50547,false,0.860489
7327,56967,false,0.296384
7328,14997,false,0.288579
7328,35877,false,0.568023
7328,49351,false,0.649741
7328,50126,false,0.497679
7330,19388,false,0.408156
7330,52095,false,0.694979
7331,11343,false,0.592437
7331,14765,false,0.478973
7331,43998,false,0.269339
7332,34844,false,0.557726
7332,41351,false,0.597335
7333,34349,false,0.036716
7333,57031,false,0.897822
7334,32971,false,0.569973
7334,46385,false,0.32261
7335,13684,false,0.405098
7337,12766,false,0.338867
7337,20074,false,0.415527
7337,57499,false,0.28749
7338,37183,false,0.246896
7339,13991,false,0.222251
7339,24586,false,0.452426
7341,35090,false,0.281701
7342,29259,false,0.074573
7342,44044,false,0.308961
7343,51312,false,0.076686
7344,19793,false,0.465103
7344,22513,false,0.127895
7344,41839,false,0.652795
7344,42496,false,0.616765
7344,43020,false,0.65125
7345,11573,false,0.708493
7345,16243,false,0.854546
7345,18689,false,0.182108
7345,22974,false,0.730621
7345,29056,false,0.435942
7345,59486,false,0.848287
7346,11073,false,0.64375
7346,28664,false,0.282742
7346,47449,false,0.685654
7347,21052,false,0.150538
7347,23227,false,0.450206
7349,46426,false,0.628355
7350,17230,false,0.66663
7350,20729,false,0.4059
7350,42629,false,0.01267
7350,49252,false,0.216226
7351,53289,false,0.036195
7351,53871,false,0.539434
7352,25779,false,0.881986
7352,58330,false,0.129981
7353,17551,false,0.743767
7353,22981,false,0.463305
7353,23471,false,0.768935
7353,25311,false,0.581167
7353,32077,false,0.899928
7354,20573,false,0.288514
7354,44651,false,0.898427
7355,28200,false,0.087251
7355,31249,false,0.064943
7356,15967,false,0.019159
7356,25106,false,0.056863
7356,39284,false,0.472078
7357,18529,false,0.967488
7357,21797,false,0.404063
7357,39624,false,0.973649
7358,26350,false,0.959286
7358,31689,false,0.929019
7359,36942,false,0.308008
7359,37560,false,0.261527
7360,37320,false,0.713076
7360,53455,false,0.371997
7361,18436,false,0.746301
7361,28800,false,0.339217
7361,32699,false,0.758391
7362,42663,false,0.01173
7362,48729,false,0.719491
7362,51620,false,0.631503
7363,13097,false,0.445452
7363,14702,false,0.642717
7363,20145,false,0.848115
7363,26399,false,0.775288
7363,26610,false,0.014778
7363,29503,false,0.642556
7363,34194,false,0.559662
7364,17439,false,0.176059
7364,27106,false,0.913927
7365,22811,false,0.007207
7365,26438,false,0.572388
7365,28088,false,0.463216
7365,42637,false,0.252093
7366,54825,false,0.664815
7367,32513,false,0.281802
7367,35155,false,0.07472
7367,35669,false,0.315993
7368,20822,false,0.925997
7368,27990,false,0.885535
7368,51182,false,0.335044
7368,56216,false,0.18979
7369,15383,false,0.462149
7369,45979,false,0.782557
7370,27147,false,0.145334
7370,27783,false,0.273533
7370,56571,false,0.994828
7372,17485,false,0.245306
7372,17665,false,0.573168
7372,34250,false,0.507842
7373,29780,false,0.177212
7373,35797,false,0.573319
7373,45052,false,0.670835
7374,20220,false,0.287758
7374,54612,false,0.097637
7374,55432,false,0.376797
7374,59967,false,0.387819
7376,48987,false,0.5473
7377,17631,false,0.645318
7377,29405,false,0.540099
7378,12190,false,0.21594
7378,31031,false,0.822419
7379,26792,false,0.21647
7379,27036,false,0.324682
7379,42068,false,0.015697
7379,52677,false,0.965863
7379,53525,false,0.653779
7379,53612,false,0.087526
7380,25522,false,0.608425
7380,34569,false,1.011616
7380,52791,false,0.972718
7380,59874,false,0.783505
7381,18190,false,0.584525
7381,35959,false,0.664567
7381,49700,false,0.223041
7382,41717,false,0.467216
7382,58945,false,0.759721
7383,11061,false,0.094106
7383,13140,false,0.45724
7383,44111,false,0.645826
7383,59786,false,0.240197
7384,17430,false,0.309111
7384,39967,false,0.948643
7384,53561,false,0.599037
7385,10945,false,0.578884
7385,39716,false,0.737364
7385,44488,false,0.262947
7386,20684,false,0.059893
7387,16602,false,0.266188
7388,15571,false,0.138584
7388,54364,false,0.841438
7388,57001,false,0.251381
7389,17674,false,0.877047
7390,24572,false,0.138974
7390,32246,false,0.322065
7391,32841,false,0.053327
7392,20002,false,0.114006
7393,33032,false,0.246144
7393,52236,false,0.545645
7393,55030,false,0.873395
7394,18450,false,0.058564
7394,43213,false,0.07088
7394,49721,false,0.56323
7395,15656,false,0.534098
7395,37204,false,0.827639
7395,43019,false,0.6187
7396,14441,false,0.995547
7396,21968,false,0.465601
7396,28408,false,0.500054
7396,53738,false,0.249572
7397,33153,false,0.15928
7397,49645,false,0.366864
7398,50007,false,0.538025
7399,45782,false,0.595588
7400,12872,false,0.152826
7400,30417,false,0.176656
7400,55697,false,0.86746
7401,28598,false,0.52822
7401,37954,false,1.015695
7401,48300,false,0.793407
7402,26937,false,0.141242
7402,33743,false,0.892488
7402,36475,false,0.525645
7402,53254,false,0.047812
7403,14647,false,0.943271
7403,16060,false,0.800186
7403,51098,false,0.243292
7404,15816,false,0.052744
7404,33324,false,0.017154
7404,40700,false,0.044498
7404,42575,false,0.389599
7404,52863,false,0.581341
7405,26705,false,0.374222
7405,51356,false,0.560229
7405,54991,false,0.65003
7406,21518,false,0.590629
7406,32772,false,0.247251
7407,20761,false,0.187375
7407,36085,false,0.782199
7408,31997,false,0.534506
7408,45009,false,0.432317
7409,23222,false,0.292415
7409,38545,false,0.320195
7409,40188,false,0.97786
7409,59473,false,0.388341
7410,36700,false,0.001424
7411,25210,false,0.382644
7412,17923,false,0.101028
7412,18370,false,0.065129
7412,27049,false,0.366692
7412,32962,false,0.808134
7412,43235,false,0.794507
7412,55884,false,0.261929
7413,21152,false,0.738831
7413,23757,false,0.674135
7414,25314,false,0.899149
7415,13637,false,0.558864
7415,17233,false,0.6185
7415,27164,false,0.658651
7415,39276,false,0.405806
7415,51809,false,0.612181
7416,45044,false,0.464618
7417,25626,false,0.172848
7417,40377,false,0.232614
7418,31925,false,0.18271
7419,27199,false,0.303269
7419,38492,false,0.21513
7420,16996,false,0.001553
7420,26929,false,0.260345
7420,28828,false,0.17458
7420,32011,false,0.448278
7421,27440,false,0.990557
7421,42670,false,0.322418
7422,40706,false,0.809961
7424,22683,false,0.507028
7424,24499,false,0.813265
7424,26476,false,0.981264
7424,55702,false,0.060119
7425,16423,false,0.555157
7425,19377,false,0.969526
7426,15160,false,0.140054
7427,10075,false,0.462583
7427,10321,false,0.520727
7427,10551,false,0.879525
7427,34531,false,0.38486
7427,35883,false,0.642301
7427,50370,false,0.080511
7428,12049,false,0.970796
7428,13493,false,0.128195
7428,13775,false,0.901704
7428,25869,false,0.230128
7428,39301,false,0.846307
7429,46229,false,0.328024
7429,52672,false,0.789688
7430,10056,false,0.480548
7430,10420,false,0.658426
7430,32691,false,0.499383
7430,47780,false,0.452329
7431,24148,false,0.461355
7431,24210,false,0.852773
7431,47603,false,0.191201
7431,55699,false,0.448061
7432,34468,false,0.295616
7433,16033,false,0.242479
7433,25131,false,0.969228
7434,15030,false,0.496093
7435,51096,false,0.769436
7436,35550,false,0.62544
7436,36413,false,0.346152
7436,58439,false,0.667009
7437,23978,false,0.875977
7437,26362,false,0.351188
7437,28577,false,0.062492
7437,33200,false,0.194283
7437,41397,false,0.197452
7437,54086,false,0.607467
7437,54323,false,0.649589
7438,45378,false,0.813857
7438,58378,false,0.375632
7439,15399,false,0.135459
7439,20423,false,0.066138
7439,51443,false,0.716059
7440,18474,false,0.974814
7440,31436,false,0.590242
7440,35216,false,0.440335
7440,46153,false,0.54088
7441,13058,false,0.927737
7441,24091,false,0.337602
7441,54937,false,0.446527
7443,39909,false,0.982933
7444,19954,false,0.762748
7444,20071,false,0.628538
7445,10743,false,0.587507
7445,14790,false,0.43855
7446,24749,false,0.89484
7446,25162,false,0.500353
7446,40439,false,0.744417
7447,34977,false,0.336199
7447,44020,false,0.226381
7447,57433,false,0.141949
7447,59537,false,0.425566
7448,41382,false,0.797735
7448,46674,false,0.040683
7448,46947,false,0.145908
7448,52309,false,0.690461
7449,26100,false,0.42244
7450,43762,false,0.385764
7451,35314,false,0.038705
7452,18585,false,0.470865
7452,56512,false,0.144067
7453,44681,false,0.938613
7453,56492,false,0.441786
7454,13031,false,0.405791
7455,28885,false,0.248957
7456,21045,false,0.909855
7456,29935,false,0.63381
7456,31953,false,0.438642
7456,52390,false,0.848644
7457,10126,false,0.362665
7457,14806,false,0.677818
7458,38706,false,0.506159
7458,53334,false,0.436781
7459,26680,false,0.933026
7459,28336,false,0.534153
7459,33873,false,0.321363
7460,26963,false,0.79053
7462,11807,false,0.651579
7462,40039,false,0.004271
7462,40907,false,0.256913
7462,41853,false,0.649258
7462,49626,false,0.382045
7463,16820,false,0.670922
7463,29531,false,0.93105
7463,54921,false,0.943583
7463,55383,false,0.053142
7464,20571,false,0.947649
7464,20757,false,0.201521
7464,50623,false,0.563942
7464,53123,false,0.989381
7466,15020,false,0.935269
7466,20631,false,0.56363
7466,35083,false,0.781232
7467,17106,false,0.693626
7467,29685,false,0.046947
7469,11625,false,0.22433
7469,27229,false,0.851522
7470,55435,false,0.04049
7471,13175,false,0.884265
7472,31961,false,0.294339
7472,56681,false,0.53107
7473,28222,false,0.473662
7473,35376,false,0.492724
7473,41532,false,0.188922
7474,29328,false,0.776172
7474,55277,false,0.529517
7474,57673,false,0.847341
7475,41384,false,0.919027
7476,12906,false,0.317725
7476,31271,false,0.427191
7476,32489,false,0.968259
7476,44325,false,0.758139
7476,53635,false,0.731634
7476,55841,false,0.506104
7477,33456,false,0.090033
7477,36752,false,0.161681
7477,45601,false,0.724412
7478,37558,false,0.463519
7478,40689,false,0.852039
7478,42899,false,0.653006
7480,16467,false,0.186022
7480,27739,false,0.75995
7480,38359,false,0.069866
7480,38527,false,0.694891
7481,17486,false,0.934148
7481,23332,false,0.718912
7481,26940,false,0.630493
7482,20498,false,0.008035
7482,32289,false,0.981738
7482,33978,false,0.995985
7482,45727,false,0.61289
7482,49404,false,0.619295
7483,47479,false,0.037184
7483,48953,false,0.223526
7484,17525,false,0.184134
7484,39317,false,0.163359
7485,46199,false,0.746165
7485,56318,false,0.461007
7486,35092,false,0.813819
7486,56879,false,0.920673
7488,35277,false,0.751689
7489,10798,false,0.578034
7489,20790,false,0.26276
7489,27023,false,0.599584
7489,30332,false,0.336768
7491,16427,false,0.124613
7491,30804,false,0.779283
7491,37547,false,0.069156
7491,43008,false,0.654626
7491,43788,false,0.202498
7491,52046,false,1.011745
7492,46304,false,0.852748
7493,23732,false,0.354282
7493,24671,false,0.253619
7493,25265,false,0.52911
7493,34924,false,0.491955
7493,50548,false,0.886533
7493,54418,false,0.470478
7495,14710,false,0.531404
7495,28099,false,0.548292
7496,49033,false,0.816093
7496,57788,false,0.194607
7497,24252,false,0.572801
7498,51497,false,0.563882
7499,15686,false,0.326731
7499,43299,false,0.290077
7499,43768,false,0.794157
7500,14290,false,0.071391
7500,24340,false,0.680756
7500,41647,false,0.94872
7500,45955,false,0.626956
7501,42908,false,0.44604
7502,47403,false,0.311555
7503,39904,false,0.703627
7503,45493,false,0.070098
7504,38777,false,0.978293
7505,19916,false,0.221431
7505,25097,false,0.584597
7505,39274,false,0.124513
7505,42458,false,0.665717
7506,59539,false,0.738368
7507,43838,false,0.796658
7508,31558,false,0.11722
7508,32395,false,0.824786
7508,39582,false,0.27253
7509,31261,false,0.93237
7509,32182,false,0.799883
7510,49315,false,0.416523
7511,21336,false,0.028868
7511,47983,false,0.654216
7511,55935,false,0.039489
7512,48803,false,0.446598
7513,45337,false,0.459651
7513,52529,false,0.784739
7514,11307,false,0.867583
7514,34000,false,0.555481
7515,11297,false,1.004932
7515,16224,false,0.869279
7516,10987,false,0.837669
7517,13256,false,0.227429
7518,25018,false,0.505808
7518,54536,false,0.132292
7519,16887,false,0.931914
7519,44381,false,0.178307
7519,55800,false,0.832713
7520,21792,false,0.660975
7520,27600,false,0.126247
7521,46131,false,0.872691
7522,29641,false,0.850143
7522,30729,false,0.796389
7523,45127,false,0.15593
7523,48782,false,0.783564
7523,55968,false,0.32158
7524,15956,false,0.882857
7524,28260,false,0.293797
7524,41162,false,0.040976
7524,44119,false,0.159412
7525,17749,false,0.692268
7525,22475,false,0.099796
7525,56752,false,0.957564
7527,15481,false,0.045581
7527,21775,false,0.624111
7528,21399,false,0.518909
7531,15392,false,0.625304
7531,30540,false,0.996734
7531,40001,false,0.37301
7531,54180,false,0.435989
7531,57330,false,0.452225
7532,54441,false,0.468481
7533,23738,false,0.341219
7533,31858,false,0.4746
7533,57019,false,0.144442
7533,59160,false,0.694175
7534,13614,false,0.411589
7534,17844,false,0.073903
7534,49806,false,0.104388
7534,57573,false,0.448715
7535,35601,false,0.538495
7535,42982,false,0.756751
7536,42324,false,0.158103
7537,48955,false,0.953291
7538,15240,false,0.919162
7538,20609,false,0.738105
7538,56478,false,0.653181
7540,36027,false,0.446617
7541,21746,false,0.697307
7541,39059,false,0.925911
7541,56358,false,0.737246
7541,59227,false,0.151597
7542,10409,false,0.937042
7542,32782,false,0.351787
7542,52306,false,0.611812
7543,36230,false,0.276294
7543,41299,false,0.245838
7543,55783,false,0.879332
7543,57376,false,0.808942
7544,34228,false,0.086885
7545,12111,false,0.833044
7545,44147,false,0.069089
7545,45048,false,0.491633
7546,36707,false,0.941437
7547,14151,false,0.676529
7547,35253,false,0.246524
7547,57600,false,0.196853
7548,38473,false,0.136536
7548,41226,false,0.251213
7549,40225,false,0.060965
7549,58667,false,0.604087
7550,10238,false,0.585598
7550,11349,false,0.64186
7551,27564,false,0.152716
7551,33525,false,0.828866
7552,15299,false,0.905346
7552,24009,false,0.444646
7552,58433,false,0.013934
7553,53382,false,0.614382
7554,42164,false,0.607802
7554,51508,false,0.817076
7554,51864,false,0.05886
7555,10220,false,0.802586
7555,10753,false,0.207278
7555,18045,false,0.721532
7555,26157,false,0.37396
7555,56874,false,0.329706
7556,12192,false,0.545438
7556,24695,false,0.008776
7556,34865,false,0.827174
7556,35264,false,0.776443
7556,57678,false,0.10784
7558,11299,false,0.778301
7558,37462,false,0.74898
7558,47073,false,1.002569
7559,18832,false,0.593554
7559,21351,false,0.692189
7559,21728,false,0.466512
7559,55433,false,0.06012
7560,11200,false,0.487131
7560,40734,false,0.896284
7561,12294,false,0.184397
7561,35298,false,0.992958
7561,38225,false,0.64344
7561,39556,false,0.576718
7561,49502,false,0.30288
7562,26880,false,0.106063
7562,28531,false,0.286039
7562,41282,false,0.291017
7562,50358,false,0.397277
7562,59656,false,0.016755
7563,48649,false,0.073042
7563,52613,false,0.228263
7564,12868,false,0.726763
7564,30416,false,0.214272
7564,43359,false,0.899521
7564,58976,false,0.892044
7565,35953,false,0.411968
7565,59793,false,0.163238
7568,38194,false,0.500337
7568,41745,false,0.48915
7569,11556,false,0.167662
7570,48925,false,0.1784
7570,55577,false,0.292619
7571,14682,false,0.293706
7571,19390,false,0.077847
7571,50379,false,0.735448
7572,20506,false,0.007531
7572,27083,false,0.093812
7573,13349,false,0.970509
7573,13764,false,0.1309
7573,21289,false,0.509267
7573,30350,false,0.972172
7573,50328,false,0.693938
7574,41164,false,0.907883
7574,47596,false,0.969612
7575,14008,false,0.869356
7575,38774,false,0.357897
7575,41168,false,0.00716
7575,47267,false,0.569834
7575,53274,false,0.717342
7576,30647,false,0.592515
7576,40418,false,0.162961
7577,16695,false,0.864424
7577,41357,false,0.450087
7578,46112,false,0.197086
7579,27655,false,0.638649
7580,17056,false,0.97806
7581,17364,false,0.529898
7581,20912,false,0.706156
7581,43759,false,0.105871
7582,11397,false,0.208797
7582,14505,false,0.439774
7582,16363,false,0.885035
7582,25774,false,0.81692
7582,50773,false,0.802067
7583,39362,false,0.239763
7583,48220,false,0.170889
7583,57302,false,0.536336
7584,35354,false,0.007608
7585,29777,false,0.930885
7585,36080,false,0.154358
7585,47428,false,0.805459
7587,46295,false,0.59967
7588,19165,false,0.349155
7588,25762,false,0.45259
7588,34658,false,0.224853
7588,54567,false,0.814554
7589,20284,false,0.176091
7589,34369,false,0.315438
7590,12665,false,0.117148
7590,13294,false,0.13986
7590,20645,false,0.729581
7590,21431,false,0.292611
7591,28926,false,0.704636
7592,22746,false,0.677057
7592,51749,false,0.301032
7593,30573,false,0.58275
7593,32564,false,0.598709
7593,54268,false,0.31418
7594,19514,false,0.523513
7594,22648,false,0.505557
7594,24905,false,0.232588
7595,29504,false,0.115467
7595,36708,false,0.842308
7595,55859,false,0.7669
7596,30456,false,0.653193
7596,59323,false,0.550253
7597,40664,false,0.420981
7597,51217,false,0.098027
7597,55183,false,0.412758
7598,19381,false,0.628334
7598,21868,false,0.746852
7598,24727,false,0.40914
7598,27418,false,0.381286
7598,30122,false,0.647264
7598,35047,false,0.610486
7598,57587,false,0.835261
7599,17405,false,0.679125
7599,21563,false,0.64635
7599,21861,false,0.868259
7599,39669,false,0.117275
7599,50232,false,0.329994
7600,19029,false,0.230295
7600,31534,false,0.50083
7601,26580,false,0.59176
7601,28717,false,0.646311
7601,42121,false,0.532925
7602,48180,false,0.050746
7602,49379,false,1.017032
7603,41955,false,0.176128
7604,17917,false,0.41882
7604,18131,false,0.860306
7604,37459,false,0.118826
7604,52763,false,0.526878
7604,55757,false,0.150144
7605,10518,false,0.124832
7605,37172,false,0.837056
7606,23497,false,0.149086
7606,36002,false,0.106122
7606,41731,false,0.866807
7607,58881,false,0.005344
7608,39310,false,0.080241
7608,52143,false,0.644236
7609,52871,false,0.193339
7609,58234,false,0.909475
7609,59131,false,0.217926
7611,14286,false,0.045734
7611,15232,false,0.474127
7611,23495,false,0.069737
7611,24988,false,0.08165
7611,34241,false,0.600951
7611,35462,false,0.652068
7613,32991,false,0.54073
7613,59308,false,0.3085
7614,36094,false,0.643203
7615,17254,false,0.953813
7615,31378,false,0.600693
7616,35996,false,0.768603
7616,36705,false,0.988026
7617,18663,false,0.9034
7617,23410,false,0.952961
7617,31082,false,0.651125
7617,39090,false,0.754841
7618,36551,false,0.973404
7618,47700,false,0.043495
7619,37248,false,0.840539
7619,49649,false,0.849754
7620,24388,false,0.397468
7620,43160,false,0.963959
7620,55707,false,0.381055
7621,18706,false,0.980729
7621,31423,false,0.866318
7621,57480,false,0.32137
7622,42408,false,0.34731
7623,30424,false,0.461707
7624,20077,false,0.053917
7624,34129,false,0.309988
7624,36682,false,0.41393
7624,41948,false,0.815777
7624,54903,false,0.218904
7624,55986,false,0.210961
7625,24709,false,0.323742
7625,52991,false,0.364073
7626,31078,false,0.079213
7626,54623,false,0.805432
7627,22090,false,0.618371
7627,33672,false,0.256883
7627,41094,false,0.232919
7627,44091,false,0.116627
7627,47848,false,0.876138
7628,34826,false,0.711679
7628,41648,false,0.190038
7629,21095,false,0.649326
7629,30215,false,0.448883
7629,36857,false,0.942114
7629,50703,false,0.140774
7630,15227,false,0.509762
7630,19965,false,0.644398
7630,25667,false,0.378543
7631,13440,false,0.19419
7631,19077,false,0.643976
7631,44194,false,0.086302
7631,46901,false,0.218059
7631,47618,false,0.659546
7632,17813,false,0.670583
7632,24768,false,0.006211
7632,37118,false,0.100333
7633,15519,false,0.780675
7633,36208,false,0.222558
7634,24415,false,0.53134
7634,35395,false,0.853628
7634,59627,false,0.132777
7635,17566,false,0.911987
7636,23464,false,0.799871
7637,11056,false,0.313245
7637,13845,false,0.534526
7637,30827,false,0.89667
7637,47830,false,0.520824
7637,50758,false,0.080162
7638,51149,false,0.250336
7638,53084,false,0.373174
7639,12397,false,0.965955
7639,31941,false,0.183531
7640,14569,false,0.719971
7640,15980,false,0.940174
7640,57188,false,0.552773
7642,40168,false,0.469026
7642,47609,false,0.839108
7642,55130,false,0.958956
7643,31760,false,0.119025
7643,42732,false,0.824807
7643,45816,false,1.025765
7643,46978,false,0.368302
7643,52699,false,0.207807
7644,50810,false,0.252659
7644,54446,false,0.930114
7644,57776,false,0.373446
7645,23630,false,0.183747
7645,43496,false,0.603903
7646,52852,false,0.369067
7647,29244,false,0.387583
7647,29859,false,0.212164
7647,46235,false,0.323099
7649,15045,false,0.61829
7649,55120,false,0.381112
7651,42358,false,0.368729
7651,43495,false,0.096919
7651,45395,false,0.358292
7651,49106,false,0.838964
7652,12027,false,0.755818
7653,17424,false,0.07978
7653,22206,false,0.335154
7653,32617,false,0.347076
7653,48585,false,0.46227
7654,38030,false,0.643029
7654,38936,false,0.83341
7654,40106,false,0.913648
7655,41816,false,0.549818
7655,46910,false,0.959224
7656,23338,false,0.336896
7656,35377,false,0.300682
7656,44788,false,1.002189
7657,40967,false,0.2526
7657,57816,false,0.829642
7658,18439,false,0.598362
7658,30176,false,0.52399
7659,15643,false,0.301764
7659,44658,false,0.900962
7660,24365,false,0.372204
7660,33196,false,0.467222
7660,37280,false,0.699332
7660,58026,false,0.074388
7661,53729,false,0.246081
7661,54608,false,0.549497
7663,19780,false,0.054074
7663,20495,false,0.213104
7664,31550,false,0.008205
7665,13252,false,0.354654
7665,24133,false,0.399905
7666,46455,false,0.377753
7667,29000,false,0.878179
7667,30478,false,0.368133
7667,33848,false,0.882354
7669,30854,false,0.591971
7669,57205,false,0.772502
7670,51689,false,0.575872
7670,52015,false,0.205795
7671,22891,false,0.294484
7671,32688,false,0.762792
7672,38164,false,5.66E-4
7673,13071,false,0.44688
7673,32151,false,0.484045
7674,58194,false,0.926506
7675,13240,false,0.903553
7675,16079,false,0.439583
7675,35085,false,0.762699
7675,35165,false,0.350458
7676,42478,false,0.987546
7677,42376,false,0.1735
7678,12883,false,0.881522
7678,34223,false,0.207648
7678,36393,false,0.446413
7679,31105,false,0.600247
7679,47754,false,0.902438
7679,51018,false,0.268902
7680,17685,false,0.722786
7680,21203,false,0.71022
7680,23233,false,0.782515
7680,37812,false,0.81044
7680,58140,false,0.654953
7681,52780,false,0.154561
7682,22381,false,0.437333
7682,50889,false,0.795242
7682,57993,false,0.898583
7683,20783,false,0.271339
7683,38788,false,0.808322
7683,56644,false,0.727982
7684,30611,false,0.533376
7685,21989,false,0.59384
7685,52738,false,0.115932
7686,10666,false,0.548983
7686,17731,false,0.190241
7686,18111,false,0.43904
7686,55729,false,0.731502
7687,30431,false,0.264827
7687,50559,false,0.92667
7689,38210,false,0.738972
7689,53552,false,0.372964
7690,36382,false,0.964458
7691,55883,false,0.717618
7692,10860,false,0.157306
7692,50688,false,0.465698
7693,11030,false,0.951904
7693,25156,false,0.681046
7693,46336,false,0.029326
7693,48631,false,0.737358
7694,19129,false,0.395642
7694,21847,false,0.206451
7694,23045,false,0.952062
7694,45904,false,0.245991
7694,47359,false,0.641722
7694,53868,false,0.112888
7696,23772,false,0.911141
7696,23998,false,0.994269
7696,47482,false,0.191789
7697,14079,false,0.724504
7697,14825,false,0.622988
7697,22691,false,0.263301
7697,28075,false,0.316176
7699,18141,false,0.270695
7699,25033,false,0.900975
7699,26780,false,0.725639
7699,39120,false,0.803501
7699,40627,false,0.05896
7699,57428,false,0.683441
7700,19039,false,0.95661
7702,24956,false,0.728902
7703,35039,false,0.961579
7704,31918,false,0.568431
7705,28291,false,0.990712
7705,56925,false,0.885425
7705,58444,false,0.198786
7706,27077,false,0.718188
7706,38541,false,0.547541
7707,49470,false,0.492394
7709,12930,false,0.582259
7709,18782,false,0.438098
7709,29090,false,0.391498
7709,48807,false,0.380941
7710,19747,false,0.518594
7710,21576,false,0.04747
7711,12237,false,0.898494
7711,58263,false,0.223424
7712,33944,false,0.768248
7713,16183,false,0.791218
7713,22261,false,0.302015
7713,54476,false,0.017184
7714,39896,false,0.494802
7716,44918,false,0.177182
7717,37699,false,0.663818
7718,42933,false,0.923446
7718,46091,false,0.365691
7719,50581,false,0.504807
7719,57824,false,0.856319
7720,14591,false,0.417884
7721,32929,false,0.639262
7721,42222,false,0.890121
7721,52357,false,0.00734
7722,33611,false,0.956093
7724,45094,false,0.926086
7724,50999,false,0.674993
7725,48951,false,0.675857
7726,31072,false,0.019374
7726,42457,false,0.483678
7727,10625,false,0.093581
7727,22776,false,0.663003
7727,39171,false,0.738115
7728,30364,false,0.681854
7728,54339,false,0.603378
7729,20242,false,0.101886
7729,37852,false,0.15978
7729,49659,false,0.688471
7729,56463,false,0.722309
7731,38719,false,0.900202
7731,47507,false,0.191622
7732,15444,false,0.599589
7733,31298,false,0.673896
7733,37218,false,0.693166
7734,18468,false,0.43466
7734,29075,false,0.551784
7734,42214,false,0.336384
7735,13912,false,0.026788
7736,28264,false,0.424776
7736,32185,false,0.28541
7736,39946,false,0.652221
7737,18118,false,0.142372
7737,19450,false,0.138388
7737,51427,false,0.460632
7738,52353,false,0.189591
7739,10129,false,0.093649
7739,39825,false,0.309938
7739,50049,false,0.796254
7739,52986,false,0.783458
7740,44076,false,0.668728
7741,12507,false,0.517637
7741,13561,false,0.454192
7742,44876,false,0.230663
7742,46466,false,0.764199
7742,47978,false,1.016871
7743,30422,false,0.097887
7744,29980,false,0.876439
7744,54328,false,0.641055
7744,55279,false,0.595089
7746,16139,false,0.752594
7746,28172,false,0.001986
7746,39204,false,0.906456
7746,56843,false,0.37102
7747,25392,false,0.163389
7747,57298,false,0.443577
7748,15082,false,0.785136
7748,24276,false,0.319225
7748,29814,false,0.94481
7749,17893,false,0.718653
7749,41134,false,0.638133
7750,37419,false,0.422876
7750,43397,false,0.290568
7750,51375,false,0.930766
7751,51477,false,0.18186
7752,23068,false,0.464512
7752,24281,false,0.597299
7753,56330,false,0.875222
7754,34650,false,0.789168
7756,19034,false,0.943996
7756,50917,false,0.266724
7757,20260,false,0.753187
7757,33910,false,0.028383
7759,11729,false,0.9587
7760,24602,false,0.632143
7760,31026,false,0.91054
7760,58367,false,0.659103
7761,17066,false,0.864583
7761,20563,false,0.446724
7762,15285,false,0.944392
7762,15621,false,0.136582
7764,19205,false,0.709458
7764,24861,false,0.602063
7764,35752,false,0.001195
7764,57652,false,0.96431
7765,16267,false,0.528552
7765,17127,false,0.384603
7765,50466,false,0.275289
7767,21555,false,0.91563
7767,36214,false,0.238971
7767,43247,false,0.90878
7767,54901,false,0.65653
7768,20225,false,0.951451
7768,24653,false,0.054508
7768,30294,false,0.811829
7768,37582,false,0.969134
7768,45182,false,0.654743
7769,10701,false,0.846616
7769,10841,false,0.514457
7769,59548,false,0.05093
7770,22989,false,0.632824
7772,37508,false,0.793669
7772,40511,false,0.940089
7772,55719,false,0.883933
7772,59542,false,0.689189
7774,29239,false,0.347503
7777,28859,false,0.292377
7777,29365,false,0.980456
7777,36284,false,0.05363
7777,51186,false,0.481055
7778,36079,false,0.927915
7778,59935,false,0.217251
7779,35509,false,0.674775
7779,41727,false,0.422021
7779,53327,false,0.890634
7780,55454,false,0.701762
7781,31926,false,0.45208
7782,30277,false,0.574745
7782,32978,false,0.017389
7782,39542,false,0.183294
7782,58256,false,0.034916
7784,42310,false,0.095838
7785,32418,false,0.617273
7785,39222,false,0.756786
7786,22829,false,0.134085
7786,50480,false,0.449162
7787,36891,false,0.889339
7789,23923,false,0.96596
7789,30415,false,0.940467
7789,42135,false,0.779735
7790,27881,false,0.840914
7790,42509,false,0.749472
7791,14380,false,0.271103
7791,35892,false,0.695813
7792,15850,false,0.488834
7792,22611,false,0.831599
7792,30867,false,0.511493
7792,32837,false,0.654288
7792,38729,false,0.685405
7793,22825,false,0.518575
7794,48618,false,0.97598
7794,56576,false,0.303846
7795,15069,false,0.634838
7795,42646,false,0.262556
7796,22091,false,0.430147
7796,37797,false,0.405823
7796,46785,false,0.467108
7796,49095,false,0.496263
7796,51867,false,0.688175
7796,55880,false,0.442704
7797,25204,false,0.196584
7797,34283,false,0.469758
7798,54087,false,0.864135
7799,13447,false,0.070984
7799,20098,false,1.022765
7799,37710,false,0.340049
7799,39446,false,0.518627
7799,50174,false,0.994637
7800,12642,false,0.771701
7800,19932,false,0.843275
7801,31616,false,0.826448
7801,32942,false,0.631137
7801,57119,false,0.728048
7802,16694,false,0.71863
7802,44771,false,0.146156
7803,23385,false,0.391061
7803,51968,false,0.505297
7804,25468,false,0.621024
7805,45573,false,0.664983
7806,25250,false,0.566482
7806,50459,false,0.700063
7806,50562,false,0.581391
7807,23631,false,0.016742
7807,38612,false,0.856457
7808,50132,false,0.110477
7809,11549,false,0.189916
7809,11995,false,0.720872
7809,22117,false,0.656694
7810,19022,false,0.717445
7810,57593,false,0.848306
7811,18359,false,0.808382
7811,42809,false,0.612227
7811,45636,false,0.368969
7812,17416,false,0.680537
7812,22321,false,0.735622
7812,38018,false,0.711333
7814,49880,false,0.656676
7815,33973,false,0.855593
7815,47442,false,0.232504
7816,36445,false,0.250188
7817,17673,false,0.481998
7817,27660,false,0.742155
7817,37674,false,0.53483
7817,38075,false,0.874194
7818,24642,false,0.411415
7818,54286,false,0.568054
7818,58764,false,0.288944
7819,15934,false,0.483297
7819,24735,false,0.310993
7819,29806,false,0.705245
7820,11367,false,0.042977
7820,40782,false,0.362287
7820,46256,false,0.760971
7820,49376,false,0.201322
7821,23287,false,0.184529
7821,35080,false,0.183507
7821,58354,false,0.987242
7822,45232,false,0.77389
7822,53233,false,0.169372
7823,20359,false,0.312908
7823,27743,false,0.427995
7824,15533,false,0.87699
7824,34299,false,0.592763
7825,22488,false,0.797058
7825,25678,false,0.207753
7825,37328,false,0.907376
7826,34627,false,0.341859
7826,44080,false,0.27011
7827,10312,false,0.640417
7827,25028,false,0.154441
7827,37581,false,0.754509
7828,48288,false,0.888825
7829,39122,false,0.873146
7829,43685,false,0.099708
7829,55283,false,0.683603
7830,22782,false,0.504502
7830,56606,false,0.396574
7831,19880,false,0.790567
7831,21900,false,0.846143
7831,27365,false,0.865883
7831,42424,false,0.799453
7832,30010,false,0.644941
7832,45085,false,0.141553
7832,55950,false,0.629438
7832,56584,false,0.550989
7833,10410,false,0.857886
7834,41825,false,0.202607
7835,22663,false,0.174154
7835,50361,false,0.271961
7836,52009,false,0.053104
7836,54023,false,0.422183
7837,18541,false,0.032455
7837,22342,false,0.800017
7837,39410,false,0.908987
7838,10209,false,0.863568
7838,11198,false,0.97442
7838,13099,false,0.969703
7838,15331,false,0.596361
7838,32867,false,0.277887
7838,52451,false,0.252327
7838,59630,false,0.710532
7839,27556,false,0.846721
7840,13791,false,0.580351
7840,14483,false,0.888172
7840,22344,false,0.104177
7840,49057,false,0.757698
7840,51604,false,0.461729
7841,29896,false,0.368725
7841,54961,false,0.719532
7842,11479,false,0.138852
7842,14055,false,0.921407
7842,47402,false,0.817902
7842,52196,false,0.154329
7844,16925,false,0.86258
7844,33174,false,0.019374
7844,38989,false,0.5245
7845,22490,false,0.760741
7845,25346,false,0.913918
7845,26259,false,0.645949
7845,41328,false,0.951282
7845,53062,false,0.36355
7846,57142,false,0.839479
7847,23073,false,0.059914
7847,29004,false,0.90269
7848,45831,false,0.955758
7849,10415,false,0.607728
7849,17703,false,0.020297
7849,18717,false,0.472083
7849,24596,false,0.583014
7849,29698,false,0.335118
7849,41836,false,0.612796
7850,34292,false,0.961505
7850,37525,false,0.928603
7851,38340,false,0.774039
7851,45149,false,0.60181
7852,15158,false,0.853392
7852,25685,false,0.635321
7852,44390,false,0.381278
7852,55265,false,0.579391
7852,55651,false,0.66497
7853,24771,false,0.422554
7853,48227,false,0.616331
7853,51847,false,0.250495
7854,11218,false,0.236131
7854,39423,false,0.574125
7855,36123,false,0.807919
7855,41868,false,0.658654
7857,15268,false,0.07272
7858,30065,false,0.712218
7858,58819,false,0.683807
7859,16022,false,0.998413
7859,18930,false,0.896729
7859,50832,false,0.456015
7859,57494,false,0.437582
7860,15675,false,0.166011
7860,16191,false,0.897843
7860,37607,false,0.165914
7861,22229,false,0.001138
7861,31001,false,0.786567
7861,34971,false,0.855717
7862,12129,false,0.080174
7863,23472,false,1.020768
7863,35369,false,0.024245
7864,21836,false,0.167689
7864,43676,false,0.80609
7865,21602,false,0.47807
7866,17350,false,0.397066
7866,32646,false,0.930908
7868,42415,false,0.203469
7870,12701,false,0.477134
7870,29624,false,0.077454
7870,31923,false,0.306783
7870,55481,false,0.062268
7871,20641,false,0.466709
7871,33667,false,0.218211
7872,10775,false,0.895372
7872,37815,false,0.999437
7872,46248,false,0.247952
7873,21222,false,0.080555
7873,49043,false,0.900892
7873,53647,false,0.368347
7874,31799,false,0.650591
7874,39314,false,0.475424
7875,59342,false,0.432878
7876,17188,false,0.179682
7876,28286,false,0.971895
7876,41253,false,0.850085
7877,20254,false,0.718969
7878,53557,false,0.830626
7879,43718,false,0.766102
7879,59117,false,0.11164
7880,31665,false,0.194675
7880,50320,false,0.37287
7880,53439,false,0.931086
7881,11323,false,0.773739
7881,20910,false,0.979749
7881,21429,false,0.884215
7881,42786,false,0.217669
7881,51333,false,0.656585
7882,37686,false,0.130671
7882,48305,false,0.624154
7882,53573,false,0.681753
7883,13692,false,0.337614
7883,30172,false,0.46039
7883,31206,false,1.004952
7883,48422,false,0.669662
7884,22479,false,0.629786
7884,58168,false,0.108245
7885,21612,false,0.877104
7885,39399,false,0.579106
7885,44127,false,0.90461
7886,17536,false,0.708919
7887,12112,false,0.850229
7888,20424,false,0.246177
7888,20646,false,0.405586
7888,45400,false,0.657144
7888,47070,false,0.409803
7890,17978,false,0.77242
7890,49685,false,0.257843
7891,11097,false,0.409889
7892,17124,false,0.563279
7893,15796,false,0.886082
7893,16528,false,0.444046
7893,41886,false,0.4057
7893,59718,false,0.148651
7894,30217,false,0.821231
7894,38376,false,0.318465
7895,31421,false,0.56106
7896,28177,false,0.171386
7896,45019,false,0.066778
7896,58226,false,0.352003
7897,36796,false,0.343216
7897,52837,false,0.359943
7899,11825,false,0.525733
7899,31191,false,0.83144
7900,33980,false,0.86663
7900,39181,false,0.347659
7900,42165,false,0.141723
7901,13222,false,0.703986
7901,22014,false,0.510585
7901,22580,false,0.203305
7901,32132,false,0.85343
7902,24060,false,0.113827
7902,57704,false,0.275687
7903,19339,false,0.64759
7904,21906,false,0.777964
7904,27915,false,0.177854
7904,35324,false,0.025937
7904,48596,false,0.122596
7904,55639,false,0.976251
7906,53984,false,0.808025
7907,27983,false,0.490842
7908,47761,false,0.390511
7909,36529,false,0.65294
7909,41058,false,0.088705
7910,25718,false,0.572512
7911,31274,false,0.379172
7911,46574,false,0.737746
7911,51534,false,0.706557
7912,21608,false,0.941599
7912,30529,false,0.621918
7912,32239,false,0.600047
7912,40215,false,0.858204
7912,55672,false,0.94457
7913,16203,false,0.417272
7913,16685,false,0.979616
7913,18427,false,0.088208
7913,36344,false,0.267064
7914,11691,false,0.245772
7914,29816,false,0.152355
7914,35468,false,0.007933
7915,26236,false,0.846576
7916,23789,false,0.474142
7916,32270,false,0.878411
7916,54419,false,0.020507
7917,56687,false,0.968256
7919,45670,false,0.226223
7919,50197,false,0.491826
7920,47308,false,0.314796
7920,48330,false,0.279112
7921,14303,false,0.402359
7921,23120,false,0.289277
7921,28421,false,0.023987
7922,10981,false,0.014157
7924,33850,false,0.483095
7924,43215,false,0.371923
7925,59801,false,0.311805
7926,36671,false,0.447811
7927,33029,false,0.885013
7928,15814,false,0.505538
7928,33103,false,0.669328
7928,48381,false,0.948249
7928,51031,false,0.626362
7930,11411,false,0.773126
7930,38514,false,0.681042
7930,41846,false,0.765861
7930,55909,false,0.393171
7932,28161,false,0.925267
7932,40623,false,0.297976
7932,52924,false,0.342884
7934,20013,false,0.318172
7934,27095,false,0.203343
7934,27268,false,0.364054
7934,35876,false,0.870642
7934,40024,false,0.581613
7934,42973,false,0.089343
7935,20131,false,0.377631
7935,28987,false,0.247473
7937,30609,false,0.558763
7937,40229,false,0.757057
7937,45893,false,0.538403
7937,49715,false,0.487445
7938,17795,false,0.509451
7938,34140,false,0.4932
7939,45230,false,0.983917
7939,56482,false,0.420701
7940,40710,false,0.624562
7941,16926,false,0.678378
7941,48386,false,0.065501
7942,50490,false,0.834965
7942,55227,false,0.222926
7943,17166,false,0.649522
7943,35144,false,0.848149
7945,42842,false,0.702064
7945,45025,false,0.988449
7946,12639,false,0.727541
7947,37437,false,0.053309
7947,51785,false,0.04926
7948,17954,false,0.123225
7948,24098,false,0.7295
7949,34242,false,0.25461
7949,52263,false,0.39481
7950,27033,false,0.410979
7950,42129,false,0.497384
7950,52969,false,0.999043
7951,13394,false,0.025616
7951,33427,false,0.008387
7951,44732,false,0.307153
7952,24436,false,0.976041
7953,35830,false,0.222857
7953,40111,false,0.591584
7954,16025,false,0.216879
7955,19495,false,0.188696
7955,21158,false,0.917782
7955,35266,false,0.865057
7955,54142,false,0.890057
7957,18035,false,0.266469
7957,24074,false,0.239386
7957,32377,false,0.32501
7958,10617,false,1.01114
7958,50294,false,0.219137
7959,10814,false,0.649306
7959,43074,false,0.903855
7959,46419,false,0.212708
7960,49334,false,0.685424
7961,11466,false,0.279294
7961,19511,false,0.740413
7961,39866,false,0.165403
7962,34477,false,0.967037
7962,36448,false,0.957399
7962,37652,false,0.082972
7962,43977,false,0.100585
7962,45579,false,0.25456
7963,18268,false,0.616217
7963,40374,false,0.512655
7963,48846,false,0.69009
7963,58890,false,0.132169
7964,32912,false,0.800112
7964,44842,false,0.259833
7965,18655,false,0.454354
7965,26262,false,0.097665
7966,10038,false,0.742765
7966,12344,false,0.0843
7966,17246,false,0.014229
7966,36089,false,0.431259
7967,34783,false,0.464323
7967,56106,false,0.529634
7968,37347,false,0.560869
7968,50432,false,0.17711
7969,29172,false,0.374009
7969,33738,false,0.565841
7969,46693,false,0.188559
7970,18304,false,0.277913
7970,38986,false,1.024419
7971,29767,false,1.042211
7971,38197,false,0.331666
7972,31109,false,0.550999
7972,35351,false,0.198683
7973,10068,false,0.927535
7973,12001,false,0.634285
7973,34828,false,0.538752
7973,36852,false,0.566333
7973,43277,false,0.312189
7975,15773,false,0.257097
7975,22462,false,0.650933
7975,30602,false,0.034839
7976,22134,false,0.009911
7976,24685,false,0.47618
7976,42802,false,0.40362
7976,57521,false,0.984015
7977,16288,false,0.60318
7977,19682,false,0.901119
7977,47495,false,0.881683
7978,49832,false,0.562364
7979,14094,false,0.702833
7979,16764,false,0.083581
7979,17315,false,0.384816
7982,34693,false,0.211891
7982,40237,false,0.150557
7983,10462,false,0.815716
7983,20644,false,0.376891
7984,21932,false,0.378812
7984,39595,false,0.264557
7984,41389,false,0.413445
7984,55802,false,0.264716
7985,14918,false,0.492095
7985,32442,false,0.772887
7985,42383,false,0.696648
7985,43749,false,0.132395
7986,15945,false,0.747289
7986,29021,false,0.22746
7986,38369,false,0.25789
7986,40913,false,0.930187
7987,16718,false,0.108836
7987,28216,false,0.941212
7987,42543,false,0.438005
7987,44724,false,0.929543
7987,51450,false,0.328957
7987,56545,false,0.475783
7988,18088,false,0.945951
7988,59441,false,0.511714
7989,29141,false,0.837876
7989,31673,false,0.837034
7989,37782,false,0.27473
7990,27417,false,0.010883
7991,28342,false,0.620765
7991,36229,false,0.361376
7991,36379,false,0.180548
7992,19656,false,0.21736
7992,22340,false,0.505732
7992,59147,false,0.309392
7993,10940,false,0.720299
7993,23325,false,0.491849
7993,35289,false,0.761542
7993,53862,false,0.640893
7994,20136,false,0.57147
7994,41000,false,0.472547
7995,51087,false,0.862289
7995,54525,false,0.720769
7996,54451,false,0.794483
7997,30106,false,0.723413
7997,30824,false,0.847924
7998,19134,false,0.038632
7998,39015,false,0.060641
7998,39406,false,0.941781
7999,29132,false,0.252793
8000,13917,false,0.602747
8000,27933,false,0.927035
8000,29375,false,0.802022
8000,43367,false,0.121326
8000,56761,false,0.645697
8001,32715,false,0.674416
8001,39185,false,0.625855
8002,12183,false,0.443108
8002,34142,false,0.419517
8002,50428,false,0.217444
8002,59241,false,0.692428
8003,13880,false,0.25043
8004,43981,false,0.379537
8004,48256,false,0.603561
8004,48485,false,0.352983
8004,55866,false,0.773001
8005,33616,false,0.798108
8006,55563,false,0.251744
8006,56328,false,0.366675
8007,13633,false,0.306667
8007,17354,false,0.13282
8007,55090,false,0.929733
8008,18646,false,0.676059
8009,18656,false,0.750392
8009,36998,false,0.161951
8009,39285,false,0.401908
8010,19921,false,0.382346
8010,24990,false,0.60252
8010,25216,false,0.028277
8010,38570,false,0.219885
8011,12029,false,0.530197
8011,35640,false,0.628238
8012,16977,false,0.009462
8012,25504,false,0.674599
8012,55516,false,0.753626
8013,18103,false,0.970339
8013,29502,false,0.822152
8013,47169,false,0.237289
8014,13895,false,0.296211
8014,20810,false,1.002378
8015,18840,false,0.521914
8015,34862,false,0.96271
8015,36522,false,0.492504
8015,58416,false,0.513183
8016,43779,false,0.249991
8017,24022,false,0.603014
8017,51270,false,0.788828
8017,51440,false,0.417068
8019,31518,false,0.555451
8019,47822,false,0.963748
8019,48510,false,0.263096
8020,28276,false,0.384092
8020,32372,false,0.57422
8020,59188,false,0.016502
8021,39133,false,0.788941
8021,43490,false,0.839764
8021,43828,false,0.353568
8021,45426,false,0.228532
8022,53999,false,0.337819
8022,56000,false,0.274786
8022,56156,false,0.010604
8023,14359,false,0.003488
8024,11239,false,0.692455
8024,11627,false,0.149243
8024,36939,false,0.490927
8024,51239,false,0.690856
8025,18443,false,0.443469
8025,38645,false,0.539838
8025,41992,false,0.360615
8025,47693,false,0.417713
8025,47867,false,0.24145
8025,49762,false,0.943116
8026,11485,false,0.246737
8026,17115,false,0.257242
8026,32037,false,0.321104
8027,25194,false,0.275076
8027,33403,false,0.129189
8028,15093,false,0.120423
8029,10712,false,0.654813
8029,25112,false,0.727744
8029,54489,false,0.838384
8030,46067,false,0.371383
8030,51940,false,0.703643
8031,15513,false,0.334156
8031,39251,false,0.88777
8031,39525,false,0.946899
8031,48587,false,0.853482
8034,34305,false,0.42795
8034,39081,false,0.496665
8035,30275,false,0.846077
8035,50806,false,0.737899
8036,23971,false,0.540254
8036,53307,false,0.086433
8037,54722,false,0.018211
8037,57604,false,0.010981
8038,16912,false,0.598989
8038,22151,false,0.134823
8038,34808,false,0.608921
8038,59369,false,0.863074
8039,32051,false,0.924337
8039,50661,false,0.155124
8040,30797,false,0.474141
8041,26397,false,0.774661
8041,30094,false,0.869976
8041,37040,false,0.103095
8041,58785,false,0.320753
8042,58223,false,0.007835
8043,14375,false,0.395855
8044,27038,false,0.831804
8045,50711,false,0.102868
8046,21486,false,0.794884
8046,44150,false,0.820707
8047,30507,false,0.397513
8047,45357,false,0.484512
8049,13941,false,0.251697
8049,14086,false,0.219746
8049,32262,false,0.274991
8049,58137,false,0.166082
8049,58715,false,0.057726
8050,40244,false,0.004885
8050,51015,false,0.832252
8050,56541,false,0.14457
8051,38025,false,0.33009
8051,46710,false,0.879738
8052,19208,false,0.152738
8052,20562,false,0.729361
8053,13994,false,1.008046
8053,25109,false,0.008378
8053,33149,false,0.507836
8053,58710,false,0.294717
8054,30539,false,0.696726
8055,11981,false,0.403954
8055,23111,false,0.928157
8056,30871,false,0.572828
8056,45348,false,0.006762
8056,49169,false,0.772242
8056,54329,false,0.903538
8057,47676,false,0.995412
8058,26554,false,0.355574
8058,45144,false,0.103493
8059,19415,false,0.121882
8059,46592,false,0.480192
8060,23433,false,0.416682
8060,40962,false,0.4123
8061,12937,false,0.602105
8062,51410,false,0.955108
8062,59726,false,0.285799
8063,18797,false,0.949447
8063,27405,false,0.654272
8063,44568,false,0.113993
8064,10105,false,0.913683
8064,21923,false,0.317512
8064,25633,false,0.666002
8064,26923,false,0.507663
8064,39392,false,0.468453
8065,22518,false,0.95045
8065,32686,false,0.831101
8066,26794,false,0.80215
8066,34721,false,0.426879
8066,46992,false,0.216938
8066,54196,false,0.239337
8067,14809,false,0.314648
8067,39828,false,0.4297
8068,26314,false,0.771229
8068,37106,false,0.144341
8068,44978,false,0.369369
8068,56315,false,0.696166
8069,32539,false,0.366504
8069,41869,false,0.177925
8070,37120,false,0.916567
8071,26601,false,0.154607
8071,41248,false,0.142594
8073,11412,false,0.384884
8073,15774,false,0.074096
8073,26785,false,0.885034
8074,11402,false,0.023694
8074,18735,false,0.598826
8074,36805,false,0.713324
8074,37515,false,0.014017
8074,56394,false,0.911848
8074,56668,false,0.689434
8075,37385,false,0.867042
8076,25019,false,0.533315
8077,16391,false,0.711625
8077,30808,false,0.383196
8077,31633,false,0.328827
8077,43252,false,0.409615
8077,51986,false,0.384977
8079,41845,false,0.349604
8079,58571,false,0.531452
8080,23859,false,0.716627
8080,36207,false,0.693972
8080,59286,false,0.552442
8081,20578,false,1.020078
8081,27194,false,0.415525
8081,31127,false,0.976558
8081,44570,false,0.193101
8082,17556,false,0.181153
8082,42794,false,0.368586
8083,57805,false,0.716736
8085,29029,false,0.313954
8085,50639,false,1.026166
8086,11447,false,0.218757
8086,32756,false,0.597027
8086,36045,false,0.474494
8086,59617,false,0.087579
8087,35365,false,0.331809
8087,55852,false,0.748883
8087,58831,false,0.700108
8089,57388,false,0.469831
8090,16218,false,0.799183
8090,22058,false,0.958614
8091,11915,false,0.513638
8091,42813,false,0.591661
8091,51764,false,0.074832
8092,19081,false,0.758216
8092,26948,false,0.607929
8092,39359,false,0.538717
8092,42328,false,0.3818
8093,10413,false,1.004415
8093,14059,false,0.135236
8093,22816,false,0.225844
8093,34697,false,0.019694
8093,55419,false,0.144815
8094,12147,false,0.470216
8095,23136,false,0.329416
8095,23483,false,0.113021
8095,32164,false,0.374682
8095,45432,false,0.383108
8095,54966,false,0.998675
8096,26128,false,0.257136
8097,13156,false,0.400234
8098,30893,false,0.015905
8099,15286,false,0.363314
8099,40015,false,0.236236
8099,58990,false,0.811513
8100,23313,false,0.325141
8100,31407,false,0.704126
8100,50495,false,0.933341
8101,19957,false,0.960589
8101,38860,false,0.849155
8102,12080,false,0.598581
8102,19474,false,0.691768
8102,33399,false,0.724066
8102,38513,false,0.134997
8102,54044,false,0.382912
8103,21815,false,0.375701
8103,23560,false,0.458733
8103,47947,false,0.348787
8103,51148,false,0.172945
8103,57032,false,0.715109
8104,51912,false,0.21227
8105,29111,false,0.685311
8105,50127,false,0.592466
8106,14574,false,0.858332
8106,20349,false,0.253959
8106,52017,false,0.475869
8107,37638,false,0.616045
8107,42256,false,0.557083
8107,46040,false,0.373266
8107,58709,false,0.490323
8108,56882,false,0.248328
8109,17635,false,0.701173
8109,54677,false,0.206153
8109,56404,false,0.706689
8110,30742,false,0.611425
8111,22799,false,0.473783
8111,26542,false,0.993053
8111,27096,false,0.644769
8111,34254,false,0.883495
8111,38816,false,0.135832
8113,53978,false,0.447416
8114,32733,false,0.334576
8115,21187,false,0.277383
8115,38301,false,0.4027
8115,59306,false,0.925397
8116,13393,false,0.326017
8116,29059,false,0.887884
8116,30796,false,0.124123
8116,42521,false,0.75345
8117,14030,false,0.432599
8117,16013,false,0.858356
8117,33950,false,0.979435
8117,50937,false,0.300503
8118,11473,false,0.933707
8119,40235,false,0.821657
8120,26899,false,0.010324
8120,49307,false,0.89024
8122,21043,false,0.917526
8122,59510,false,0.992683
8123,11616,false,0.012063
8123,46163,false,0.729206
8123,51435,false,0.590269
8124,18054,false,0.859814
8124,44457,false,0.079511
8125,36111,false,0.070359
8126,11267,false,0.891872
8126,33385,false,0.895059
8126,34135,false,0.760227
8126,48036,false,0.821039
8126,50469,false,0.066439
8126,58778,false,0.764155
8127,19127,false,0.570221
8127,31021,false,0.91495
8127,37245,false,0.372443
8127,48058,false,0.977694
8128,20418,false,0.552425
8128,26775,false,0.596639
8129,53759,false,0.424016
8132,21001,false,0.548308
8132,22632,false,0.274185
8133,20459,false,0.84706
8133,33928,false,0.519063
8133,41805,false,0.73044
8134,12748,false,0.502683
8135,20342,false,0.127161
8135,23990,false,0.430878
8135,34666,false,0.912153
8135,36975,false,0.847649
8136,11588,false,0.686175
8136,31638,false,0.734431
8136,43996,false,0.278621
8136,48243,false,0.010488
8136,53960,false,0.968641
8136,56382,false,0.626503
8137,46452,false,0.039346
8137,51837,false,0.697402
8138,22005,false,0.272448
8138,22914,false,0.158407
8139,21927,false,0.860766
8140,35426,false,0.049803
8140,44870,false,0.231386
8141,13500,false,0.742915
8141,33787,false,0.861984
8141,34441,false,0.359889
8141,40280,false,0.808673
8141,42037,false,0.512041
8142,18426,false,0.577455
8142,42694,false,0.915006
8142,57464,false,0.010978
8143,36320,false,0.86915
8143,58706,false,0.347989
8144,35278,false,0.867656
8144,39616,false,0.802302
8144,48447,false,0.921349
8144,52097,false,0.688176
8145,15849,false,0.077224
8145,18606,false,0.556961
8145,26326,false,0.54001
8145,56060,false,0.349971
8146,38193,false,0.975732
8147,44060,false,0.838733
8147,58031,false,0.814352
8147,59587,false,0.261834
8148,57353,false,0.322835
8149,16326,false,0.888904
8149,18621,false,0.744445
8149,30822,false,0.791863
8150,11490,false,0.210602
8150,49174,false,0.046253
8151,36571,false,0.999432
8151,54915,false,0.18782
8152,19476,false,0.863492
8152,36097,false,0.875068
8152,52043,false,0.245209
8152,56362,false,0.23053
8153,27231,false,0.813623
8154,29574,false,0.079554
8155,35381,false,0.99618
8155,54169,false,0.098763
8156,39079,false,0.166307
8156,50390,false,0.361563
8156,50574,false,0.370668
8156,53405,false,0.974855
8156,55405,false,0.327577
8157,27925,false,0.165339
8157,42360,false,0.394577
8157,53602,false,0.799973
8159,26982,false,0.946088
8159,51948,false,0.417873
8160,42737,false,0.851985
8161,26818,false,0.973579
8161,35942,false,0.026963
8161,35984,false,0.409438
8161,42229,false,0.726817
8161,44642,false,0.590439
8162,13300,false,0.28293
8162,57535,false,0.691585
8163,22770,false,0.331012
8163,31816,false,0.040545
8164,29661,false,0.41103
8164,50397,false,0.069028
8164,50618,false,0.541617
8165,38870,false,0.877686
8165,45363,false,0.716028
8166,22082,false,0.874186
8167,36846,false,0.236677
8167,45117,false,0.517355
8168,16370,false,0.613
8168,33720,false,0.482269
8169,33296,false,0.413614
8170,26318,false,0.224035
8170,30044,false,0.435059
8170,31228,false,0.701184
8170,31326,false,0.209183
8170,40726,false,0.163248
8171,28778,false,0.571504
8172,35952,false,0.572608
8173,23173,false,0.611502
8174,16413,false,0.701684
8175,26732,false,0.665417
8175,38651,false,0.489483
8175,45246,false,0.416208
8175,47432,false,0.833757
8176,23031,false,0.179001
8176,40834,false,0.394918
8176,49821,false,0.876874
8176,54403,false,0.28457
8176,55347,false,0.850622
8177,11193,false,0.874142
8177,16047,false,0.394181
8177,22225,false,0.772596
8178,10718,false,0.516094
8178,21887,false,0.93061
8178,35689,false,0.311281
8178,36636,false,0.936286
8178,41340,false,0.474303
8178,59701,false,0.041694
8179,20510,false,0.536972
8179,22847,false,0.693285
8180,14405,false,0.391255
8180,35040,false,0.104866
8181,22138,false,0.206428
8181,28060,false,0.408152
8181,38925,false,0.662082
8182,30674,false,0.489036
8182,35271,false,0.602368
8182,55997,false,0.38626
8183,29514,false,0.302612
8183,40802,false,0.777594
8184,15669,false,0.598795
8184,50976,false,0.906368
8185,52748,false,0.299805
8187,35438,false,0.447703
8187,43373,false,0.270852
8187,49729,false,0.847256
8188,23020,false,0.75068
8188,35484,false,0.993505
8189,15258,false,0.147651
8190,10576,false,1.003027
8191,17450,false,0.078291
8191,33811,false,0.75836
8192,27563,false,0.253823
8192,31626,false,0.102153
8192,48921,false,0.187632
8193,14107,false,0.992926
8193,29236,false,0.438443
8193,56869,false,0.974465
8194,10083,false,0.791452
8195,17503,false,0.504975
8195,27303,false,0.095186
8196,33144,false,0.441538
8196,49361,false,0.661651
8197,36187,false,0.474098
8197,46630,false,0.259331
8198,11866,false,0.300605
8198,13741,false,0.885583
8200,38910,false,0.191107
8200,55843,false,0.835505
8201,21846,false,0.373075
8202,13478,false,0.146925
8202,30591,false,0.234922
8202,49187,false,0.468079
8202,54631,false,0.627406
8203,27886,false,0.957298
8203,47549,false,0.508176
8203,57639,false,0.178164
8204,33258,false,0.723228
8204,48144,false,0.818482
8204,58952,false,0.235596
8205,11541,false,0.642706
8205,13929,false,0.143172
8205,27595,false,0.62669
8205,28675,false,0.798488
8205,48808,false,0.825219
8207,23962,false,0.155032
8207,40910,false,0.098837
8208,27851,false,0.896745
8208,40345,false,0.326588
8209,14357,false,0.257369
8210,36228,false,0.095225
8210,55485,false,0.451221
8212,16726,false,0.076323
8214,45842,false,0.210116
8215,22520,false,0.1617
8216,16618,false,0.346289
8216,33562,false,0.332964
8216,51278,false,0.498036
8216,55733,false,0.739405
8216,55904,false,0.266374
8217,11271,false,0.222872
8217,17544,false,0.210193
8217,53266,false,0.060635
8218,11814,false,0.187608
8218,15739,false,0.605092
8218,23341,false,0.612644
8219,14248,false,0.01209
8219,29295,false,0.812613
8219,33689,false,0.639869
8219,44251,false,0.094099
8219,47903,false,0.570414
8219,54544,false,0.974834
8220,13192,false,0.877353
8220,26347,false,0.532767
8220,31080,false,0.688953
8221,53298,false,0.592577
8222,40142,false,0.652074
8222,55329,false,0.155871
8223,30862,false,0.768895
8223,39162,false,0.053051
8223,50171,false,0.019477
8223,53732,false,0.575847
8224,13223,false,0.923202
8224,27870,false,0.139925
8225,14982,false,0.341455
8226,48155,false,0.530613
8227,16839,false,0.854131
8227,35553,false,0.578535
8227,47153,false,0.947961
8227,56273,false,0.638415
8228,21999,false,0.938127
8228,22524,false,0.952905
8228,26768,false,0.499002
8228,45041,false,0.58848
8228,46924,false,0.188238
8230,46473,false,0.122476
8230,54620,false,0.950132
8230,57994,false,0.910338
8231,15804,false,0.954384
8231,19564,false,0.667153
8231,29832,false,0.066346
8231,31672,false,0.889022
8231,37653,false,0.117223
8232,12251,false,0.021238
8233,22785,false,0.461389
8233,34072,false,0.420881
8233,50066,false,0.103117
8233,59907,false,0.141569
8235,18620,false,0.556641
8235,22468,false,0.20316
8235,47151,false,0.991401
8236,14165,false,0.412598
8236,14556,false,0.951216
8236,17724,false,0.983374
8236,45175,false,0.452477
8236,53921,false,0.260429
8236,54288,false,0.617452
8236,59932,false,0.880828
8237,18888,false,0.745922
8237,22499,false,0.059972
8238,16800,false,0.455389
8238,48203,false,0.364283
8239,11893,false,0.808731
8239,28390,false,0.582348
8239,28458,false,0.869431
8239,41531,false,0.195612
8240,36287,false,0.614669
8241,13571,false,0.584255
8241,55425,false,0.518206
8242,58874,false,0.294593
8244,41252,false,0.787842
8244,47351,false,0.061679
8245,23311,false,0.548196
8245,30362,false,0.465357
8246,32302,false,0.29458
8246,40811,false,0.647419
8246,43043,false,0.400963
8247,15062,false,0.439766
8248,23685,false,0.337122
8248,24508,false,0.794488
8248,26739,false,0.883955
8248,38861,false,0.218183
8249,30832,false,0.684511
8250,17272,false,0.931828
8250,34690,false,0.347987
8250,35549,false,0.988103
8251,13604,false,0.071925
8251,25671,false,0.633492
8251,52728,false,0.092353
8253,21638,false,0.717039
8253,51486,false,0.027078
8253,54689,false,0.175871
8254,18119,false,0.639606
8254,20536,false,0.413807
8256,39207,false,0.492167
8256,41924,false,0.310482
8256,43370,false,0.853747
8257,29390,false,0.199928
8257,37424,false,0.600612
8257,39640,false,0.084063
8258,10336,false,0.711126
8258,14759,false,0.791504
8258,33073,false,0.59311
8258,44010,false,0.693647
8259,17340,false,0.256705
8260,14300,false,0.034592
8260,19712,false,0.947544
8261,40013,false,0.100838
8261,43331,false,0.649634
8262,14188,false,0.878987
8262,17279,false,0.683195
8262,29166,false,0.462329
8262,29749,false,0.564461
8262,35864,false,0.072238
8262,44359,false,0.34077
8262,52154,false,0.675614
8262,58810,false,0.361799
8263,29562,false,0.176372
8263,47007,false,0.75244
8264,30629,false,0.869305
8264,36967,false,0.343576
8264,40576,false,0.648703
8265,33600,false,0.476404
8265,36242,false,0.051238
8266,22021,false,0.902956
8266,45568,false,0.557729
8266,59427,false,0.414078
8267,14767,false,0.085435
8268,25990,false,0.083979
8268,28760,false,0.92556
8269,24454,false,0.076189
8269,48177,false,0.313112
8269,48780,false,0.338733
8269,54309,false,0.412856
8270,11579,false,0.027798
8270,41170,false,0.998067
8271,25821,false,0.090365
8271,38217,false,0.896189
8271,43484,false,0.720357
8271,47030,false,0.982328
8272,41700,false,0.484518
8272,48060,false,0.419044
8272,51562,false,0.574761
8273,13547,false,0.967624
8274,14725,false,0.352496
8274,21268,false,0.163248
8274,31487,false,0.371507
8275,11478,false,0.666586
8275,20461,false,0.349885
8276,10497,false,0.094849
8276,14219,false,0.601413
8276,18023,false,0.169376
8276,23398,false,0.762651
8276,29467,false,0.839034
8277,10539,false,0.879381
8277,24403,false,0.027779
8277,57511,false,0.613177
8277,59413,false,0.707904
8278,15019,false,0.779761
8278,32710,false,0.883165
8278,37672,false,0.821617
8280,47987,false,0.878464
8280,50582,false,0.792372
8281,13712,false,0.527678
8282,10699,false,0.222059
8282,40668,false,0.957755
8282,53798,false,0.716499
8283,53531,false,0.547931
8283,57699,false,0.511336
8284,18822,false,0.128268
8285,14967,false,0.323649
8285,34782,false,0.01378
8285,54255,false,0.139347
8286,55727,false,0.074383
8288,16662,false,0.810094
8288,39814,false,0.46838
8288,44781,false,0.036839
8288,49544,false,0.2092
8288,52533,false,0.722334
8288,58830,false,0.695627
8289,34276,false,0.533438
8289,41995,false,0.953134
8290,27874,false,0.063066
8291,25213,false,0.244715
8291,39604,false,0.315823
8292,48542,false,0.410805
8293,27911,false,0.498166
8294,13351,false,0.279947
8294,36598,false,0.885122
8294,37073,false,0.684016
8294,56406,false,0.414936
8295,11714,false,0.741106
8295,25901,false,0.488479
8296,20886,false,0.276747
8297,56694,false,0.445183
8298,34235,false,0.627602
8298,46628,false,0.605251
8299,17643,false,0.225507
8299,56308,false,0.58014
8300,19726,false,0.828805
8301,21450,false,0.709563
8301,24451,false,0.867812
8302,10991,false,0.36648
8302,38305,false,0.617619
8302,59999,false,0.20976
8303,29486,false,0.989914
8303,30110,false,0.39268
8303,35946,false,0.134861
8303,50705,false,0.834731
8304,45527,false,1.00377
8305,23377,false,0.829186
8305,32138,false,0.463456
8306,26635,false,0.642279
8306,40654,false,0.835281
8307,20308,false,0.866229
8307,38023,false,0.867478
8307,49854,false,0.169586
8307,53844,false,0.867786
8308,14762,false,0.662309
8308,20899,false,0.678235
8308,27228,false,0.015013
8308,30493,false,0.76067
8310,10514,false,0.617622
8311,19371,false,0.424633
8311,25350,false,0.188578
8311,26793,false,0.901795
8311,43622,false,0.518162
8311,58685,false,0.025168
8312,22890,false,0.909977
8312,30603,false,0.126703
8312,37261,false,0.384586
8313,20494,false,0.480015
8313,22804,false,0.724979
8315,10185,false,0.107198
8316,18758,false,0.471238
8316,30872,false,0.471734
8316,32679,false,0.102464
8316,32765,false,0.933373
8316,33805,false,0.275089
8316,37071,false,0.561002
8316,48098,false,0.112261
8316,59357,false,0.553045
8317,21026,false,0.02506
8317,28500,false,0.506117
8318,26725,false,0.680151
8318,35697,false,0.281459
8318,36084,false,0.455723
8318,51881,false,0.827227
8320,13187,false,0.84618
8320,36110,false,0.107324
8320,55623,false,0.077624
8321,12205,false,0.414421
8321,15113,false,0.437618
8321,18266,false,0.421607
8321,22858,false,0.378728
8321,26938,false,0.319208
8321,27208,false,0.233065
8322,47696,false,0.167932
8323,58846,false,0.719737
8324,22081,false,0.560764
8324,32361,false,0.992155
8325,28365,false,0.480413
8325,32843,false,0.5394
8325,47752,false,0.945953
8325,54895,false,0.71246
8325,56809,false,0.198179
8326,48834,false,0.54101
8327,33366,false,0.087149
8327,57707,false,0.225843
8328,20632,false,0.288261
8328,37606,false,0.033604
8328,47670,false,0.575414
8328,50346,false,0.579745
8329,29498,false,0.663774
8329,37597,false,0.317719
8330,16141,false,0.949231
8330,27342,false,0.37944
8331,18020,false,0.016409
8331,20094,false,0.148026
8331,27722,false,0.07153
8331,53558,false,0.180082
8331,55612,false,0.39882
8332,12522,false,0.611179
8332,23326,false,0.691804
8332,38316,false,0.388284
8332,40034,false,0.375753
8332,59549,false,0.756091
8333,12479,false,0.111894
8333,17083,false,0.798731
8333,25035,false,0.105681
8334,48662,false,0.502111
8334,49929,false,0.204952
8334,59534,false,0.632576
8335,42200,false,0.482954
8335,44622,false,0.155498
8336,14844,false,0.961639
8336,31674,false,0.605468
8336,42944,false,0.526486
8336,49869,false,0.928725
8338,17321,false,0.466144
8338,21891,false,0.108997
8338,58061,false,1.005648
8340,27057,false,0.409027
8340,32503,false,0.966561
8340,52957,false,0.524939
8340,58718,false,0.485996
8341,17168,false,0.245866
8341,27094,false,1.006625
8342,17494,false,0.247622
8342,26960,false,0.696961
8342,34810,false,0.601974
8342,37531,false,0.657948
8342,48190,false,0.741498
8344,10060,false,0.812237
8345,25312,false,0.128676
8345,40919,false,0.196648
8346,43448,false,0.83096
8347,28377,false,0.828392
8347,30407,false,0.237666
8347,45741,false,0.203304
8348,58564,false,0.028988
8350,16044,false,0.432119
8350,28468,false,0.877937
8350,39389,false,0.328665
8351,45683,false,0.710735
8352,10878,false,0.191722
8352,24146,false,0.031274
8352,28917,false,0.839051
8352,46361,false,0.559171
8352,47095,false,0.760216
8352,53002,false,0.289992
8352,57177,false,0.095457
8354,32275,false,0.26503
8354,45033,false,0.48984
8354,46367,false,0.20849
8355,30728,false,0.408856
8356,23347,false,0.311642
8357,10584,false,0.436198
8357,51992,false,0.465815
8358,34456,false,0.674483
8358,37230,false,0.415392
8358,43290,false,0.252038
8359,19861,false,0.747531
8359,38213,false,0.693315
8359,57774,false,0.373099
8360,13823,false,0.286911
8360,15876,false,0.914707
8361,47480,false,0.007001
8362,50202,false,0.730278
8362,59190,false,0.516291
8363,17534,false,0.47071
8364,18070,false,0.980139
8364,29057,false,0.459444
8364,44212,false,0.405019
8365,14586,false,0.075282
8365,54827,false,0.543326
8366,22404,false,0.182385
8366,29809,false,0.673208
8366,39720,false,0.589204
8366,56892,false,0.861745
8367,53355,false,0.278693
8368,13829,false,0.191838
8368,23435,false,0.636454
8368,39922,false,0.026653
8368,52715,false,0.390295
8369,29458,false,0.014876
8370,17179,false,0.529973
8370,38835,false,0.529648
8370,51513,false,0.321101
8371,12458,false,0.251109
8371,15332,false,0.283089
8371,58535,false,0.194121
8372,41021,false,0.22766
8372,52691,false,0.136224
8372,56027,false,0.345879
8373,11706,false,0.133907
8373,35809,false,0.354239
8373,44493,false,0.517021
8373,44556,false,0.177775
8373,47087,false,0.674562
8374,27315,false,0.746882
8374,45190,false,0.818999
8374,53258,false,0.873914
8375,39174,false,0.609907
8375,41455,false,0.642739
8375,54644,false,0.191699
8375,56269,false,0.921763
8376,23277,false,0.658619
8376,38713,false,0.554931
8376,53086,false,0.24044
8376,58762,false,0.809716
8377,12000,false,1.003643
8377,53713,false,0.974345
8378,39626,false,0.940809
8378,58642,false,0.307612
8378,59171,false,0.763758
8379,13353,false,0.651108
8379,37486,false,0.876174
8379,43680,false,0.936868
8380,23856,false,0.825729
8380,51778,false,0.853559
8381,18770,false,0.50385
8381,36723,false,0.810274
8381,42357,false,0.365682
8381,56102,false,0.872826
8382,42223,false,0.437268
8383,24673,false,0.516965
8383,37452,false,0.112252
8384,15558,false,0.310759
8385,32701,false,0.621146
8385,38184,false,0.01644
8385,38356,false,0.93588
8385,53151,false,0.83567
8387,31258,false,0.153163
8389,19107,false,0.897579
8389,47686,false,0.571155
8391,13723,false,0.545688
8391,31300,false,0.416962
8391,57125,false,0.616296
8392,44276,false,0.049859
8392,54472,false,0.028101
8392,58192,false,0.996544
8394,43131,false,0.24526
8395,10347,false,0.196455
8395,26909,false,0.609315
8395,50609,false,0.477281
8396,11821,false,0.982095
8396,13032,false,0.135734
8396,14846,false,0.979668
8396,35042,false,0.688097
8396,47621,false,0.107695
8396,52956,false,0.463279
8397,16554,false,0.913691
8397,45653,false,0.941662
8398,16511,false,0.676201
8398,31018,false,0.885103
8398,51803,false,0.049267
8398,54886,false,1.029468
8399,14479,false,0.922475
8399,32616,false,0.430374
8400,51575,false,0.635294
8401,11815,false,0.292438
8401,22426,false,0.316608
8401,43766,false,0.124396
8402,12966,false,0.084226
8402,17001,false,0.453257
8403,36211,false,0.32562
8403,53669,false,0.324049
8404,48372,false,0.822434
8404,56977,false,0.657366
8405,35140,false,0.543504
8405,49811,false,0.613712
8405,58014,false,0.189267
8406,12531,false,0.247347
8406,39689,false,0.537545
8406,48137,false,0.884949
8406,55592,false,0.529122
8408,16324,false,1.004529
8408,22925,false,0.467002
8408,28728,false,0.291107
8408,36548,false,0.913507
8408,51455,false,0.613573
8408,52774,false,0.405673
8409,48509,false,0.235963
8410,33244,false,0.731625
8410,51045,false,9.89E-4
8410,55753,false,0.476499
8411,13150,false,0.106293
8411,19177,false,0.128075
8411,23987,false,0.010316
8411,25917,false,0.717359
8411,47363,false,0.197815
8412,37700,false,0.034387
8413,22702,false,0.216448
8414,47189,false,0.266494
8415,26449,false,0.168758
8415,43505,false,0.526091
8415,54072,false,0.416212
8417,41259,false,0.636465
8417,42539,false,0.822478
8417,59159,false,0.931397
8418,23358,false,0.680069
8418,49097,false,0.632587
8419,19545,false,0.460766
8419,36171,false,0.348476
8420,53908,false,0.044703
8421,56836,false,0.11908
8422,57754,false,0.113485
8423,26955,false,0.287271
8424,10684,false,0.749269
8424,39180,false,0.460284
8425,12474,false,0.457501
8425,42411,false,0.976546
8425,45138,false,0.402485
8426,16040,false,0.114806
8427,23293,false,0.658834
8428,31649,false,0.635912
8428,44078,false,0.550615
8428,51783,false,0.164252
8429,16260,false,0.936035
8429,27867,false,0.346154
8429,28634,false,1.006396
8429,36182,false,0.22176
8430,20826,false,0.818614
8430,51528,false,0.697716
8431,43233,false,0.68097
8432,21135,false,0.114966
8433,21267,false,0.857452
8433,35089,false,0.203395
8433,52161,false,0.232817
8433,57948,false,0.335332
8435,10635,false,0.170895
8435,47982,false,0.642512
8436,26379,false,0.285601
8437,32226,false,1.03105
8438,33560,false,0.394997
8439,21467,false,0.980743
8439,26950,false,0.153268
8439,54283,false,0.154796
8440,15429,false,0.742786
8441,21136,false,0.309186
8441,40906,false,0.312858
8442,37211,false,0.099266
8442,48241,false,0.5201
8442,51876,false,0.630059
8443,11793,false,0.507968
8443,16549,false,0.228881
8443,23921,false,0.013385
8443,48527,false,0.566978
8444,10345,false,0.442734
8444,10826,false,0.769508
8444,16627,false,0.068383
8444,36383,false,0.746424
8444,50196,false,0.918943
8445,21905,false,0.056406
8446,12321,false,0.229614
8446,13189,false,0.243669
8446,39858,false,0.987429
8447,12709,false,0.804149
8447,33486,false,0.16488
8447,54990,false,0.359806
8447,56206,false,0.030242
8448,10084,false,0.762014
8448,40343,false,0.362665
8449,12348,false,0.009318
8449,19207,false,0.877528
8449,37972,false,0.199633
8450,37428,false,0.713032
8450,45462,false,0.249509
8451,15086,false,0.220223
8451,28657,false,0.103916
8451,32287,false,0.565541
8452,41587,false,0.982665
8452,51137,false,0.631282
8453,43001,false,0.72537
8453,50125,false,0.056038
8454,57588,false,0.132503
8455,18007,false,0.933324
8455,34485,false,0.683345
8456,19966,false,0.52384
8456,46064,false,0.697407
8456,58456,false,0.054025
8457,33151,false,0.423006
8457,45635,false,0.784085
8457,47124,false,0.028931
8457,50282,false,0.735213
8458,12990,false,0.800002
8458,13877,false,0.504883
8458,15256,false,0.622802
8458,24011,false,0.369485
8458,27343,false,0.649534
8458,34057,false,0.136145
8458,42486,false,0.001979
8458,48327,false,0.314894
8458,49525,false,0.301999
8459,27924,false,0.810025
8459,31588,false,0.962354
8460,15740,false,0.358019
8461,21406,false,0.580328
8461,25648,false,0.051103
8461,26654,false,0.041917
8461,41760,false,0.844845
8462,15996,false,0.498242
8463,12606,false,0.668705
8463,15543,false,0.522733
8463,16871,false,0.505795
8463,18078,false,0.558392
8463,25384,false,0.886075
8464,18319,false,0.970905
8464,53541,false,0.949761
8464,58326,false,0.772215
8465,22928,false,0.771049
8465,40463,false,0.216168
8467,38703,false,0.675499
8467,45785,false,0.835398
8467,48457,false,0.204282
8467,57568,false,0.997819
8468,10604,false,0.2844
8468,24682,false,0.27374
8468,25915,false,0.705352
8468,28833,false,0.031028
8468,29605,false,0.337339
8468,30776,false,0.466187
8468,43395,false,0.277857
8468,51004,false,0.905322
8468,52318,false,0.743088
8468,52759,false,0.551044
8469,10072,false,0.225413
8469,20666,false,0.916583
8469,31110,false,0.753129
8469,35088,false,0.340812
8470,23508,false,0.455842
8470,35198,false,0.071071
8470,39575,false,0.64797
8470,41356,false,0.866879
8470,51877,false,0.631702
8470,58828,false,0.557484
8471,19106,false,0.673098
8471,19814,false,0.83191
8471,56596,false,0.889021
8472,12565,false,0.368952
8472,20298,false,0.373792
8472,26752,false,0.636094
8473,10830,false,0.107155
8473,25169,false,0.11587
8473,45255,false,0.128837
8475,17508,false,0.543195
8475,55731,false,0.328709
8476,25625,false,0.357177
8476,25662,false,0.32481
8476,41500,false,0.200356
8477,19067,false,0.754556
8477,40823,false,0.434329
8478,21521,false,0.738225
8478,42399,false,0.555684
8478,46105,false,0.656189
8479,20269,false,0.779014
8479,43953,false,0.670741
8479,48292,false,4.28E-4
8479,50931,false,0.533589
8479,56402,false,0.555345
8480,12299,false,0.130932
8480,53642,false,0.708459
8481,13951,false,0.49211
8481,47415,false,0.506608
8482,18067,false,0.915842
8482,35173,false,0.702981
8482,51159,false,0.900365
8483,20367,false,0.638408
8483,48874,false,0.362669
8484,50933,false,0.547996
8484,55502,false,0.866786
8484,58681,false,0.721376
8485,12316,false,0.357807
8485,37830,false,0.573506
8485,38051,false,0.021422
8485,52155,false,0.855896
8485,57745,false,0.085221
8486,24373,false,0.231297
8486,25993,false,0.768672
8486,29967,false,0.856035
8486,57240,false,0.327548
8487,13771,false,0.159555
8487,48601,false,0.01241
8488,24703,false,0.444862
8488,31695,false,0.664519
8488,31879,false,0.751131
8488,39902,false,0.782265
8489,25936,false,0.66486
8489,31772,false,0.20601
8489,38071,false,0.621241
8490,16198,false,0.499878
8490,31367,false,0.656701
8491,19509,false,0.981282
8491,47542,false,0.94072
8492,29702,false,0.819394
8492,46504,false,0.850897
8492,47538,false,0.794045
8492,54609,false,0.340678
8493,11288,false,0.03587
8494,25333,false,0.660058
8494,25591,false,0.515069
8494,33867,false,0.209794
8494,55145,false,0.260372
8495,44136,false,0.298071
8496,12446,false,0.749035
8496,12735,false,0.7078
8497,32972,false,0.74287
8498,22205,false,0.754681
8498,22391,false,0.218161
8499,25721,false,0.038902
8499,58925,false,0.636122
8500,28150,false,0.075932
8500,40480,false,0.169858
8500,41128,false,0.214057
8501,46038,false,0.90292
8501,48934,false,0.311143
8503,35249,false,0.296
8503,41989,false,0.951966
8504,49151,false,0.944188
8504,50078,false,1.003669
8505,24183,false,0.087563
8505,26413,false,0.783122
8505,32320,false,0.604405
8507,15000,false,0.730202
8507,20129,false,0.957975
8507,32936,false,0.024078
8507,49161,false,0.89055
8509,20756,false,0.786044
8509,23555,false,0.24308
8509,56759,false,0.466705
8509,59144,false,0.917739
8510,30321,false,0.236847
8510,37314,false,0.537759
8510,52832,false,0.785941
8511,11662,false,0.643784
8511,24926,false,0.110389
8511,47586,false,0.106384
8513,23585,false,0.414323
8513,54629,false,0.40825
8514,14062,false,0.728025
8514,35460,false,0.808286
8515,23180,false,0.501798
8516,17067,false,0.420131
8516,21178,false,0.371943
8516,23885,false,0.087648
8516,33207,false,0.285786
8517,30943,false,0.640377
8517,38004,false,0.614368
8517,49147,false,0.1775
8519,14452,false,0.281468
8519,46816,false,0.545087
8519,54402,false,0.562235
8520,24870,false,0.515728
8521,46627,false,0.279611
8522,21479,false,0.387914
8523,42274,false,0.6124
8524,44742,false,0.516646
8525,32556,false,0.288207
8526,28303,false,0.42751
8526,45087,false,0.340031
8526,53880,false,0.505303
8527,48805,false,0.388036
8527,55337,false,0.143551
8528,50833,false,0.894306
8530,23700,false,0.49908
8530,41052,false,0.288821
8530,46101,false,0.795554
8531,10674,false,0.406884
8531,13865,false,0.574544
8531,28016,false,0.568593
8531,30825,false,0.024408
8532,47745,false,0.49675
8532,56889,false,0.598675
8533,16493,false,0.425038
8533,22312,false,0.51591
8533,22351,false,0.799015
8533,37604,false,0.45029
8534,12212,false,0.197576
8534,31975,false,0.50249
8534,41402,false,0.539061
8535,35013,false,0.785928
8535,36285,false,0.079492
8535,42978,false,0.120834
8535,53353,false,0.898486
8535,53689,false,0.445626
8535,55572,false,0.260313
8536,20998,false,0.991251
8536,25368,false,0.81657
8536,40122,false,0.235524
8537,25429,false,0.121949
8537,45322,false,0.96232
8538,19825,false,9.17E-4
8538,50695,false,0.538471
8538,58520,false,0.753503
8539,31012,false,1.002105
8540,27214,false,0.766211
8541,37340,false,0.174458
8542,35526,false,0.436811
8542,47522,false,0.67341
8542,59954,false,0.188297
8543,38017,false,0.26012
8543,42649,false,0.556851
8543,55240,false,0.636187
8544,13766,false,0.626415
8545,43587,false,0.899568
8545,50988,false,0.586839
8547,44674,false,0.703278
8548,51841,false,0.258271
8548,59063,false,0.151636
8549,21525,false,0.030777
8551,42571,false,0.078257
8551,47291,false,0.227828
8552,19938,false,0.267768
8552,34772,false,0.732107
8552,36597,false,0.733279
8552,52530,false,0.554503
8553,23280,false,0.277356
8553,33567,false,0.106443
8553,40911,false,0.32103
8553,47758,false,0.674455
8553,53813,false,0.248041
8554,15279,false,0.022962
8554,31780,false,0.457754
8554,52642,false,0.099836
8555,15375,false,0.314089
8555,43572,false,0.938414
8556,33001,false,0.1948
8558,13088,false,0.967626
8558,33186,false,0.837415
8559,16470,false,0.685702
8559,26606,false,0.773684
8559,29066,false,0.508367
8559,30042,false,0.576594
8559,42031,false,0.907495
8559,42481,false,0.250022
8560,16546,false,0.425815
8560,18561,false,0.279748
8561,11798,false,0.102697
8561,42154,false,0.449582
8561,42678,false,0.95626
8562,13255,false,0.748359
8562,15717,false,0.107422
8562,48952,false,0.895529
8562,56451,false,0.225605
8563,39982,false,0.944142
8564,26078,false,0.588019
8565,17026,false,0.999295
8565,29101,false,0.964406
8565,39987,false,0.299108
8566,10541,false,0.673347
8566,12580,false,0.947831
8566,28628,false,0.567869
8566,53928,false,0.015807
8567,22737,false,0.054399
8567,24579,false,0.495244
8567,25552,false,0.442436
8567,41057,false,0.877974
8567,57872,false,1.00742
8568,13261,false,0.3423
8568,32623,false,0.847001
8569,33708,false,0.437622
8569,50981,false,0.279998
8570,30651,false,0.486284
8570,58363,false,0.0627
8571,45158,false,0.81514
8572,39393,false,0.539997
8573,12211,false,0.170434
8573,13589,false,0.367014
8573,59111,false,0.466288
8575,14509,false,0.342119
8575,21979,false,0.173292
8575,34720,false,0.455134
8575,38012,false,0.410554
8575,52781,false,0.820668
8576,39327,false,0.025308
8576,40323,false,0.247696
8576,55676,false,0.849918
8577,48147,false,0.320666
8577,56155,false,0.815715
8578,24244,false,0.162378
8578,24713,false,0.327672
8578,27146,false,0.393482
8578,42764,false,0.047091
8578,47544,false,0.095317
8580,15447,false,0.381935
8580,17967,false,0.800913
8580,21963,false,0.425218
8580,26983,false,0.627101
8580,49948,false,0.56573
8581,22135,false,0.405139
8581,46590,false,0.628991
8581,49291,false,0.502635
8582,31112,false,0.191643
8582,49675,false,0.100373
8584,32080,false,0.286199
8585,20432,false,1.118263
8585,23312,false,0.33605
8585,36770,false,0.386212
8586,21902,false,0.318893
8586,23224,false,0.28534
8586,23543,false,0.51862
8586,29234,false,0.122314
8587,55876,false,0.974793
8588,10802,false,0.912006
8588,11796,false,0.562207
8588,18806,false,1.43E-4
8588,21142,false,0.31263
8589,11088,false,0.296909
8589,15254,false,0.488185
8589,47883,false,0.858831
8589,49833,false,0.013201
8590,28699,false,0.23875
8590,41702,false,0.427005
8591,22887,false,0.955079
8591,31309,false,0.411246
8591,40656,false,0.24129
8592,36318,false,0.898444
8592,40769,false,0.747323
8592,42213,false,0.450814
8593,13842,false,0.781942
8593,31050,false,0.153437
8594,14859,false,0.728304
8595,23618,false,0.674496
8595,26047,false,0.424877
8595,37398,false,0.635585
8596,11243,false,0.166368
8596,13521,false,0.721553
8597,12857,false,0.781966
8597,13525,false,0.107924
8597,21242,false,0.51814
8597,57417,false,0.808661
8598,56262,false,0.783766
8600,46595,false,0.458694
8600,46948,false,0.858634
8601,31340,false,0.660885
8601,36553,false,0.916338
8601,40376,false,0.995433
8601,58478,false,0.768979
8602,21523,false,0.721181
8602,42723,false,0.260735
8602,42793,false,0.892248
8603,12309,false,0.659856
8603,31330,false,0.285974
8603,54719,false,0.780098
8604,27324,false,0.078446
8605,27092,false,0.087689
8605,41047,false,0.130736
8606,12973,false,0.475802
8607,24380,false,0.630999
8607,27555,false,0.87521
8607,40697,false,0.017863
8608,10931,false,0.590357
8609,13584,false,0.470257
8609,32481,false,0.25964
8609,39030,false,0.358756
8610,29872,false,0.719826
8610,36175,false,0.862927
8610,56614,false,0.914997
8611,24728,false,0.3623
8611,36270,false,0.514913
8612,10669,false,0.013773
8612,18295,false,0.248247
8612,49276,false,0.28266
8612,57176,false,0.566839
8612,58396,false,0.961095
8613,11685,false,0.379399
8613,13812,false,0.498244
8613,43991,false,0.993319
8613,44534,false,0.036919
8613,54482,false,0.963315
8613,59077,false,0.144965
8614,48170,false,0.522049
8614,48752,false,0.63782
8615,41556,false,0.086906
8615,42315,false,0.500327
8616,36603,false,0.929477
8616,39714,false,0.95234
8617,18202,false,0.213869
8618,14774,false,0.127328
8619,36243,false,0.411863
8619,55002,false,0.057985
8620,11919,false,0.830827
8620,12618,false,0.152985
8620,16387,false,0.052703
8620,22570,false,0.486315
8620,28626,false,0.897117
8620,52959,false,0.560855
8621,51372,false,0.47283
8622,15870,false,0.496853
8622,19368,false,0.913211
8623,49024,false,0.001863
8624,13736,false,0.669036
8624,56781,false,0.08975
8625,48426,false,0.323754
8626,12600,false,0.105097
8626,35927,false,0.133993
8627,28278,false,0.350373
8627,59162,false,0.143886
8628,17784,false,0.711146
8628,26953,false,0.726915
8629,32510,false,0.043299
8629,34621,false,0.657675
8630,33192,false,0.683902
8631,22566,false,0.516676
8631,27362,false,0.062177
8631,43962,false,0.912481
8631,56988,false,0.053058
8632,13533,false,0.534592
8632,32925,false,0.744807
8632,35887,false,0.04419
8632,39155,false,0.812924
8632,49895,false,0.745759
8633,39483,false,0.192702
8633,54024,false,0.084589
8634,20169,false,0.787238
8634,29257,false,0.88482
8634,34561,false,0.602662
8634,41197,false,0.459201
8635,16826,false,0.357594
8635,52995,false,0.807895
8635,54029,false,0.285659
8636,23804,false,0.005702
8636,37279,false,0.734443
8636,37360,false,0.909645
8636,38881,false,0.167294
8636,50189,false,0.164121
8636,55377,false,0.449507
8637,15988,false,0.511911
8637,21049,false,0.693447
8637,49354,false,0.943093
8638,24565,false,0.116434
8638,26443,false,0.164365
8638,57136,false,0.054795
8639,23447,false,0.750358
8640,22179,false,0.935041
8640,56371,false,0.834577
8641,12802,false,0.844671
8641,13350,false,0.698593
8641,17052,false,0.426786
8641,42425,false,0.732828
8641,54210,false,0.228197
8642,12570,false,0.100022
8643,22022,false,1.007833
8643,38622,false,0.382952
8644,12293,false,0.995746
8644,15324,false,0.214496
8644,59595,false,0.086872
8645,27835,false,0.444044
8645,56901,false,0.671684
8646,11390,false,0.907547
8646,13448,false,0.803975
8646,54885,false,0.257594
8647,16404,false,0.824317
8647,23745,false,0.873819
8647,56256,false,0.742811
8648,45042,false,0.393032
8649,19995,false,0.159277
8650,15438,false,0.751105
8651,24081,false,0.111208
8651,32426,false,0.25622
8653,57733,false,0.355159
8654,11620,false,0.668561
8655,26847,false,0.13458
8655,39862,false,0.701937
8656,17337,false,0.001104
8656,34469,false,0.914838
8656,39190,false,0.434107
8658,57644,false,0.377791
8659,17539,false,0.103662
8660,16841,false,0.986622
8660,55595,false,0.349257
8661,12697,false,0.851285
8662,11226,false,0.08581
8662,37436,false,0.083661
8662,43990,false,0.825262
8663,11720,false,0.69191
8663,40779,false,0.45189
8663,50652,false,0.592893
8663,58915,false,0.561614
8664,43216,false,0.727229
8665,11303,false,0.778899
8665,25157,false,0.510249
8665,28670,false,0.779755
8665,40633,false,0.526763
8666,22818,false,0.717376
8666,25181,false,0.566404
8666,35035,false,0.122079
8666,49042,false,0.620088
8666,59861,false,0.990109
8667,34148,false,0.749704
8668,19226,false,0.941419
8668,25175,false,0.039745
8668,33878,false,0.11215
8669,15451,false,0.514731
8669,23246,false,0.477863
8670,49610,false,0.908124
8671,21739,false,0.381784
8671,25068,false,0.544826
8671,41122,false,0.829962
8671,42856,false,0.154644
8671,42881,false,0.998386
8671,43609,false,0.666202
8671,57073,false,0.97697
8672,14707,false,0.487008
8672,35924,false,0.909465
8672,37058,false,0.36585
8673,25262,false,0.71109
8673,37050,false,0.47302
8673,54983,false,0.351584
8673,56043,false,0.933503
8674,14928,false,0.104245
8674,46629,false,0.606515
8675,20891,false,0.3531
8675,35256,false,0.714707
8676,13649,false,0.663797
8676,15010,false,0.086124
8676,43939,false,0.549421
8677,29053,false,0.324119
8677,56137,false,0.219893
8678,19142,false,0.985265
8678,44530,false,0.797773
8678,54708,false,0.855675
8679,52847,false,0.040221
8679,59906,false,0.763245
8680,10029,false,0.987966
8681,13020,false,0.882283
8682,27357,false,0.556285
8682,32899,false,0.903527
8683,16971,false,0.159883
8683,53501,false,0.416726
8683,54047,false,0.991071
8685,36205,false,0.92562
8685,57508,false,0.956089
8687,29465,false,0.114411
8687,50474,false,0.309067
8687,54844,false,0.265258
8688,33172,false,0.319956
8689,12272,false,0.741921
8689,35576,false,0.496691
8689,46060,false,0.903225
8689,58679,false,0.843655
8690,25485,false,0.811267
8690,38290,false,0.468406
8691,29765,false,0.957679
8691,47139,false,0.79862
8692,54045,false,0.345909
8693,15369,false,0.127744
8694,15551,false,0.089348
8694,56211,false,0.658465
8696,17032,false,0.230003
8696,59817,false,0.52689
8697,25620,false,0.245084
8697,38203,false,0.751474
8697,43284,false,0.786718
8698,47828,false,1.044577
8700,25741,false,0.422562
8700,55348,false,0.239486
8702,23079,false,0.597519
8702,31369,false,0.143607
8702,36887,false,0.780944
8702,43006,false,0.989998
8702,52396,false,0.840963
8704,16651,false,0.900474
8704,25807,false,0.586045
8705,25048,false,0.123993
8705,55762,false,0.326875
8706,16480,false,0.210445
8706,21033,false,0.610277
8706,29041,false,0.197661
8706,53628,false,0.798771
8707,25943,false,0.07675
8707,31002,false,0.606683
8707,35231,false,0.102595
8708,20471,false,0.50955
8708,23674,false,0.291889
8709,10564,false,0.993177
8709,14465,false,0.767937
8709,46497,false,0.052418
8710,34685,false,0.697558
8710,43529,false,0.560219
8711,13745,false,0.336595
8711,18377,false,0.47637
8711,31418,false,0.31246
8711,47710,false,0.828919
8712,15014,false,0.197544
8712,53391,false,0.786159
8713,18672,false,0.613869
8713,21025,false,0.970024
8713,33544,false,0.351461
8713,44387,false,0.43209
8714,44242,false,0.19705
8715,13851,false,0.414091
8715,22193,false,0.741871
8715,34781,false,0.043066
8715,54859,false,0.125999
8716,23656,false,0.640339
8716,35761,false,0.285019
8717,17996,false,0.614158
8717,41043,false,0.107481
8717,49824,false,0.781781
8718,27823,false,0.948899
8719,11928,false,0.078383
8719,13608,false,0.331233
8719,14109,false,0.001857
8719,44034,false,0.583913
8719,52452,false,0.334006
8720,23259,false,0.836438
8720,50483,false,0.418264
8721,30016,false,0.919846
8721,33653,false,0.283735
8721,36972,false,0.195763
8722,11338,false,0.5026
8722,41563,false,0.105094
8723,23549,false,0.13975
8723,52963,false,0.0721
8723,59133,false,0.222196
8724,23383,false,0.638284
8724,39916,false,0.100621
8724,50973,false,0.999727
8724,54919,false,0.351666
8725,25739,false,0.367435
8725,40846,false,0.463612
8726,19266,false,0.289188
8726,59885,false,0.614948
8727,17162,false,0.462861
8727,17573,false,0.303865
8728,37505,false,0.281503
8728,41244,false,0.779378
8729,32537,false,0.551753
8729,34094,false,0.464458
8730,26511,false,0.427882
8730,34280,false,0.914504
8730,40988,false,0.003345
8731,13733,false,0.176877
8731,14383,false,0.179822
8731,35349,false,0.644251
8731,42544,false,0.689359
8731,55316,false,0.901293
8732,15168,false,0.810475
8732,19610,false,0.869638
8732,52069,false,0.610525
8732,53297,false,0.806214
8732,53802,false,0.47629
8733,24167,false,0.378756
8734,23728,false,0.792391
8734,30388,false,0.192196
8734,39089,false,0.588084
8735,11106,false,0.114158
8735,18025,false,0.635736
8735,30522,false,0.901456
8736,20712,false,0.167993
8736,39945,false,0.190641
8736,51910,false,0.126587
8736,58182,false,0.8411
8737,24159,false,0.221557
8737,51518,false,0.39228
8739,33359,false,0.357527
8739,51484,false,0.500495
8739,52093,false,0.716215
8740,33737,false,0.283214
8742,17585,false,0.020735
8743,17802,false,0.276506
8743,34403,false,0.565783
8744,49746,false,0.025721
8745,11280,false,0.661128
8747,18162,false,0.227036
8748,27024,false,0.279271
8748,38007,false,0.992764
8749,10008,false,0.443811
8749,13765,false,0.857525
8750,33760,false,0.691923
8750,37714,false,0.065939
8750,59610,false,0.422787
8751,59940,false,0.443894
8752,15006,false,0.626478
8752,26825,false,0.08166
8752,47843,false,0.50078
8752,48160,false,0.752536
8752,57170,false,0.939885
8753,27480,false,0.58217
8754,24004,false,0.189374
8754,44248,false,0.203797
8755,20156,false,0.399106
8756,19646,false,0.408949
8756,49309,false,0.429919
8758,22139,false,0.248185
8758,23130,false,0.953149
8758,52813,false,0.965738
8759,23964,false,0.720826
8759,31455,false,0.09638
8759,32319,false,0.893663
8760,51343,false,0.072223
8763,42730,false,0.015955
8764,20497,false,0.653334
8764,40608,false,0.936793
8764,54687,false,0.194903
8764,59388,false,0.693953
8765,43800,false,0.502494
8765,55732,false,0.342485
8765,58996,false,0.601694
8767,15282,false,0.535441
8767,26574,false,1.015319
8767,30616,false,0.211449
8767,33957,false,0.20065
8767,53580,false,0.785495
8768,19723,false,0.506765
8768,26878,false,0.594295
8768,32948,false,0.1762
8768,42926,false,0.374935
8769,24677,false,0.357578
8769,28112,false,0.707598
8769,31199,false,0.690014
8770,22950,false,0.771649
8771,19030,false,0.278293
8771,21556,false,0.808577
8772,32703,false,0.043608
8772,45259,false,0.231126
8772,59521,false,0.857367
8773,38200,false,0.283437
8773,54404,false,0.335071
8777,35031,false,0.226569
8777,38145,false,0.159892
8777,43117,false,0.036397
8777,44977,false,0.305653
8778,39140,false,0.472202
8778,52124,false,0.899533
8779,24785,false,0.370466
8779,33446,false,0.481286
8779,35316,false,0.980582
8779,40538,false,0.396069
8779,54596,false,0.302704
8780,40651,false,0.331669
8780,45194,false,0.228006
8780,46773,false,0.714749
8781,31792,false,0.562542
8782,16148,false,0.111773
8782,17047,false,0.431012
8783,34724,false,0.809662
8785,19074,false,0.425013
8785,27295,false,0.719197
8785,32633,false,0.635086
8785,35620,false,0.989681
8786,34206,false,0.191172
8786,52693,false,0.834211
8786,54817,false,0.248771
8787,32945,false,0.582863
8787,52415,false,0.530769
8788,14265,false,0.53612
8788,35333,false,0.698408
8790,15427,false,0.387756
8790,40570,false,0.198417
8790,54669,false,0.263391
8791,15277,false,0.419167
8791,50046,false,0.868813
8791,53834,false,0.160594
8792,32460,false,0.195511
8792,33219,false,0.576709
8792,41315,false,0.860407
8792,44850,false,0.57186
8793,43628,false,0.30965
8793,50087,false,0.803749
8793,50792,false,0.563715
8794,12202,false,0.490892
8794,43593,false,0.538577
8795,44455,false,0.878474
8797,29968,false,0.789556
8797,39509,false,0.574903
8797,57983,false,0.323908
8798,29512,false,0.411463
8798,35356,false,0.481928
8800,23697,false,0.560172
8800,30150,false,0.360765
8800,42197,false,0.850706
8800,42516,false,0.788291
8801,20286,false,0.114052
8802,10526,false,0.283352
8803,59601,false,0.694899
8804,17107,false,0.197491
8804,54615,false,0.059229
8805,27043,false,0.745022
8805,32763,false,0.903223
8805,33443,false,0.660519
8805,54542,false,0.405271
8806,24910,false,0.584553
8806,25838,false,0.66216
8806,40665,false,0.369096
8807,45321,false,0.497004
8808,14053,false,0.30827
8809,10561,false,0.273064
8809,22048,false,0.239919
8809,47508,false,0.830509
8811,16775,false,0.471571
8811,28076,false,0.264252
8811,29672,false,1.017102
8811,31236,false,0.128409
8811,46508,false,0.173332
8811,46864,false,0.540383
8812,23561,false,0.564131
8812,26518,false,0.585575
8812,47423,false,0.109936
8813,34309,false,0.075719
8814,13102,false,0.61825
8814,24053,false,0.518673
8814,42299,false,0.759774
8814,58325,false,0.322163
8815,23215,false,0.762355
8816,18184,false,0.087023
8816,43278,false,0.254926
8816,55059,false,0.119127
8817,58148,false,0.909221
8818,31348,false,0.101122
8819,25282,false,0.758592
8819,38052,false,0.312608
8820,15981,false,0.272599
8820,17891,false,0.424227
8820,43619,false,0.871547
8820,46830,false,0.877615
8821,13029,false,0.493719
8821,17459,false,0.815529
8822,39578,false,0.337568
8823,12950,false,0.463087
8823,23449,false,0.715974
8823,28642,false,0.005883
8824,14379,false,0.399493
8824,21301,false,0.830084
8824,27686,false,0.621812
8824,27975,false,0.784082
8824,31838,false,0.207809
8824,31853,false,0.670553
8824,34790,false,4.29E-4
8825,14022,false,0.433832
8825,27004,false,0.471085
8825,50971,false,0.020047
8825,55203,false,0.536526
8826,17670,false,0.220431
8826,33647,false,0.922718
8826,35384,false,0.097184
8826,39704,false,0.142932
8826,55312,false,0.672084
8827,13979,false,0.024139
8827,37932,false,0.689639
8829,32431,false,0.338649
8829,33766,false,0.954515
8829,42797,false,1.008695
8829,57055,false,0.771423
8830,11196,false,0.030676
8830,21609,false,0.418698
8830,37077,false,0.044479
8831,10481,false,0.996338
8831,20962,false,0.024703
8831,47394,false,0.112943
8833,17762,false,0.130341
8834,32453,false,0.074404
8834,48363,false,0.491278
8835,30477,false,0.768602
8836,51982,false,0.475262
8837,13428,false,0.063301
8837,29393,false,0.515252
8837,30577,false,0.672728
8837,56187,false,0.353451
8837,58527,false,0.472845
8838,56299,false,0.253567
8839,16920,false,0.304549
8839,44995,false,0.502883
8840,15907,false,0.949188
8840,23930,false,0.343706
8840,25180,false,0.821722
8840,39570,false,0.278487
8841,21603,false,0.177399
8841,30623,false,0.917679
8841,31667,false,0.80561
8842,28157,false,0.087559
8843,20278,false,0.390483
8843,32471,false,0.637439
8843,34281,false,0.761145
8843,51079,false,0.694024
8844,38542,false,0.973338
8844,44899,false,0.810168
8845,19423,false,0.937067
8845,27119,false,0.887399
8846,17055,false,0.152541
8847,21538,false,0.893628
8847,22543,false,0.787995
8847,43835,false,0.70758
8848,20907,false,0.514846
8848,50009,false,0.440278
8850,38688,false,0.303769
8850,43946,false,0.314923
8850,55400,false,0.973093
8851,14076,false,0.421176
8851,35501,false,0.358426
8852,22838,false,0.664209
8853,14635,false,0.550701
8853,23034,false,0.20854
8855,56448,false,0.040614
8856,10681,false,0.495809
8856,57316,false,0.376149
8857,25854,false,0.377862
8857,36336,false,0.273572
8857,56480,false,0.183446
8858,51451,false,0.540654
8859,26041,false,0.575859
8859,44986,false,0.841966
8859,47610,false,0.012528
8860,18100,false,0.850417
8860,26153,false,0.502486
8861,14864,false,0.214174
8861,30012,false,0.657731
8861,43860,false,0.623743
8861,46233,false,0.658784
8861,54410,false,0.869208
8862,18961,false,0.11051
8862,29619,false,0.104771
8862,53621,false,0.115538
8863,23193,false,0.105423
8863,34337,false,0.851647
8865,18092,false,0.970539
8865,39067,false,0.30512
8865,43315,false,0.66178
8866,40992,false,0.636469
8867,40035,false,0.823944
8868,40217,false,0.384073
8868,55746,false,0.342633
8869,43105,false,0.572442
8869,43396,false,0.84126
8870,29283,false,0.877411
8872,51206,false,0.939543
8872,59758,false,0.220166
8873,29440,false,0.603185
8873,52521,false,0.561722
8874,13808,false,0.011798
8874,26753,false,0.46487
8874,35703,false,0.423754
8875,16082,false,0.837254
8877,14975,false,0.901174
8877,22398,false,0.596919
8877,36695,false,0.349267
8877,39802,false,0.087807
8877,57022,false,0.510248
8878,21572,false,0.167996
8878,47888,false,0.160243
8879,21434,false,0.298303
8879,23824,false,0.722386
8879,26946,false,0.533126
8879,36048,false,0.040948
8880,12221,false,0.526811
8880,12707,false,0.135925
8880,20834,false,0.71642
8880,28315,false,0.299516
8880,28937,false,0.949127
8880,37432,false,0.34061
8881,25222,false,1.000411
8882,25483,false,0.821444
8882,48021,false,0.211625
8882,53275,false,0.221536
8883,10686,false,0.388224
8883,21503,false,0.997755
8883,48429,false,0.221258
8883,49491,false,0.578803
8884,44577,false,0.090173
8884,56483,false,0.445184
8885,36680,false,0.001337
8885,44402,false,0.959379
8885,51949,false,0.105618
8886,57561,false,0.199687
8887,25030,false,0.362323
8887,26973,false,0.57423
8887,47376,false,0.127555
8888,14866,false,0.703751
8888,39864,false,0.142551
8888,54906,false,0.12326
8889,36121,false,0.735603
8889,51230,false,0.564309
8889,57719,false,0.389359
8890,12365,false,0.048278
8890,43488,false,1.001357
8890,44857,false,0.019232
8891,11167,false,0.788745
8891,21820,false,0.887515
8891,26467,false,0.289246
8891,45609,false,0.447318
8892,31924,false,0.20993
8893,14327,false,0.708797
8894,52596,false,0.815577
8895,23774,false,0.268844
8895,24943,false,0.205349
8895,29002,false,0.919742
8895,31316,false,0.440233
8895,35988,false,0.226129
8895,49556,false,0.90132
8896,13997,false,0.446177
8896,27986,false,0.021064
8896,58465,false,0.702839
8897,10302,false,0.080955
8897,24733,false,0.091411
8898,45046,false,0.927022
8898,59298,false,0.238459
8898,59852,false,0.277795
8900,23611,false,0.270252
8900,38684,false,0.786299
8900,45884,false,0.952125
8901,14895,false,0.909267
8901,17451,false,0.754968
8901,30460,false,0.863805
8901,59243,false,0.538561
8902,36620,false,0.630685
8902,44279,false,0.529202
8903,43792,false,0.461872
8903,49337,false,0.221491
8905,22539,false,0.62356
8905,35285,false,0.745353
8905,37770,false,0.251349
8905,55421,false,0.357835
8906,11214,false,0.715664
8907,22916,false,0.992818
8907,25070,false,0.896107
8907,41638,false,0.356427
8908,17215,false,0.465607
8908,21909,false,0.603887
8908,51001,false,0.731583
8909,10469,false,0.267056
8909,19443,false,0.475483
8910,28597,false,0.029337
8910,32817,false,0.938246
8910,35302,false,0.504304
8910,56520,false,0.186175
8910,58661,false,0.144875
8911,17322,false,0.917803
8911,20540,false,0.639668
8911,36584,false,0.889856
8911,39780,false,0.73128
8912,16723,false,0.267193
8912,46822,false,0.953965
8913,54770,false,0.607133
8913,57792,false,0.741886
8914,25338,false,0.662888
8914,30523,false,0.466682
8914,34889,false,0.944288
8914,45541,false,0.973323
8915,34557,false,0.410162
8915,41325,false,0.779859
8915,59976,false,0.320008
8916,36031,false,0.732985
8916,53473,false,0.641179
8918,15452,false,0.948845
8918,28991,false,0.117032
8918,36726,false,0.720319
8918,58913,false,0.091439
8919,40497,false,0.622318
8919,55624,false,0.813685
8920,12546,false,0.901917
8920,35448,false,0.571565
8920,52403,false,0.010449
8921,41864,false,0.248521
8921,53418,false,0.46488
8921,57720,false,0.390554
8922,13879,false,0.801891
8923,38070,false,0.149335
8923,47080,false,0.80551
8924,16057,false,0.234521
8924,41714,false,0.820938
8924,58570,false,0.322518
8925,31716,false,0.663793
8925,43726,false,0.759674
8927,11351,false,0.405702
8927,27497,false,0.186338
8927,40830,false,0.380377
8927,48179,false,0.253574
8928,15903,false,0.583282
8928,25178,false,0.86466
8928,46004,false,0.191769
8929,15140,false,0.882233
8929,26877,false,0.030152
8930,18543,false,0.239631
8930,52572,false,0.080616
8930,59236,false,0.471167
8931,10233,false,0.336102
8931,43477,false,0.592363
8931,52485,false,0.290076
8932,20003,false,0.188227
8932,27475,false,0.93635
8932,43159,false,0.069634
8933,38226,false,0.447265
8933,40179,false,0.144248
8934,42327,false,0.570406
8934,57542,false,0.032267
8935,13052,false,0.018679
8935,45702,false,0.830413
8935,59614,false,0.507635
8936,22434,false,0.867623
8936,36386,false,0.069833
8937,26608,false,0.651314
8937,45394,false,0.845702
8937,47316,false,0.336208
8938,10005,false,0.235436
8938,51135,false,0.70989
8939,37194,false,0.126675
8940,22649,false,0.004045
8940,37324,false,0.580721
8940,46906,false,0.661703
8940,50628,false,0.817523
8941,41398,false,0.350058
8942,35982,false,1.008252
8942,37722,false,0.615307
8942,47245,false,0.004865
8943,19964,false,0.360512
8943,23077,false,0.479648
8943,43863,false,0.863162
8943,56350,false,0.781849
8944,18139,false,0.153334
8944,27310,false,0.844698
8944,37834,false,0.793659
8945,48562,false,0.242519
8945,55388,false,0.54424
8945,56796,false,0.236636
8946,14152,false,0.448536
8947,18296,false,0.912317
8947,37746,false,0.482651
8949,11376,false,0.578893
8949,13224,false,0.678382
8949,16239,false,0.570245
8949,53952,false,0.745618
8950,47961,false,0.379596
8951,39109,false,0.233174
8951,54021,false,0.900662
8952,20987,false,0.315424
8952,37241,false,0.969659
8952,39095,false,0.30587
8953,20427,false,0.431719
8953,28823,false,0.041016
8955,12799,false,0.673334
8955,27189,false,0.864794
8956,29304,false,0.991442
8957,34178,false,0.721267
8957,43024,false,0.661498
8958,53989,false,0.766838
8959,18560,false,0.57816
8959,20166,false,0.741186
8959,47142,false,0.600978
8959,51851,false,0.292017
8959,59048,false,0.007658
8960,38857,false,0.833539
8960,46891,false,0.265384
8961,55498,false,0.062843
8962,13026,false,0.171888
8962,18062,false,0.17746
8962,18107,false,0.692026
8962,39629,false,0.557463
8962,41138,false,0.509474
8962,45961,false,0.236668
8962,51552,false,0.86697
8963,23554,false,0.791309
8963,36293,false,0.060654
8964,12676,false,0.960957
8964,54466,false,0.930407
8964,59988,false,0.635147
8965,13266,false,0.932653
8965,22247,false,0.853078
8965,47737,false,0.971849
8965,50767,false,0.529819
8965,59087,false,0.844375
8966,35116,false,0.639543
8967,51517,false,0.304879
8967,54442,false,0.352691
8968,39131,false,0.972075
8969,19342,false,0.569576
8971,15581,false,0.594502
8971,18237,false,0.472368
8971,41183,false,0.01463
8972,25043,false,0.614441
8972,37238,false,0.929538
8972,47209,false,0.915948
8972,56058,false,0.111091
8973,14561,false,0.552998
8974,49378,false,0.866855
8975,33439,false,0.726659
8976,42538,false,0.088525
8976,51117,false,0.12558
8977,13681,false,0.083604
8977,55973,false,0.228532
8978,27683,false,0.189361
8979,18424,false,0.454313
8979,45439,false,0.224538
8979,47835,false,0.846622
8980,2014,true,0.21518
8980,17464,false,0.373584
8980,22911,false,0.582557
8980,34458,false,0.59733
8981,2568,true,0.380104
8981,19850,false,0.024341
8981,34052,false,0.8355
8981,35194,false,0.987518
8981,46484,false,0.797305
8981,59402,false,0.171337
8982,2863,true,0.164996
8982,11550,false,0.268977
8982,27205,false,0.948279
8982,43663,false,1.061951
8983,12796,false,0.172018
8985,19303,false,0.217563
8985,31035,false,0.528393
8985,50777,false,0.677669
8986,13760,false,0.566585
8986,29105,false,0.299786
8986,29404,false,0.275416
8986,39534,false,0.255448
8987,21279,false,0.033453
8987,29821,false,0.737707
8987,53953,false,0.160391
8988,24409,false,0.198408
8988,26256,false,0.516103
8988,40261,false,0.181717
8988,47671,false,0.102945
8989,30406,false,0.448546
8989,39628,false,0.903902
8990,18515,false,0.470929
8990,20421,false,0.490267
8990,29471,false,0.515951
8990,54959,false,0.325333
8991,26009,false,0.589905
8991,54391,false,0.949436
8992,19628,false,0.090304
8992,21634,false,0.862744
8993,35383,false,0.507075
8993,54471,false,0.232034
8994,14409,false,0.248168
8994,19611,false,0.019644
8994,34509,false,0.575815
8994,49114,false,0.021211
8996,57529,false,0.483262
8997,23412,false,0.254678
8997,24398,false,0.548641
8997,27620,false,0.600699
8997,56095,false,0.340679
8998,25514,false,0.956898
8999,17816,false,0.47691
8999,27891,false,0.494017
8999,33884,false,0.822844
8999,40920,false,0.058306
8999,54509,false,0.862391
9000,32328,false,0.463149
9000,43086,false,0.519833
9000,59744,false,0.169049
9001,24297,false,0.733312
9001,26016,false,0.222177
9001,26941,false,0.095009
9002,10265,false,0.439399
9002,10437,false,0.289849
9002,15403,false,0.405497
9003,35812,false,0.48161
9004,58355,false,0.773816
9005,55632,false,0.422228
9006,25907,false,0.172125
9007,34300,false,0.982399
9008,29625,false,0.216656
9008,45180,false,0.387451
9009,45471,false,0.762493
9010,35705,false,0.759092
9011,39999,false,0.912425
9011,54134,false,1.005763
9012,15172,false,0.315328
9012,20607,false,0.803193
9012,40810,false,0.688372
9012,50573,false,0.272709
9013,53887,false,0.79
9013,54173,false,0.130381
9013,56667,false,0.02588
9014,43626,false,0.995959
9014,53430,false,0.031221
9015,39259,false,0.099638
9015,51202,false,0.638891
9015,52412,false,0.743638
9015,56959,false,0.365292
9017,45422,false,0.401103
9018,38676,false,0.849664
9018,39991,false,0.900292
9018,42311,false,0.970218
9020,56654,false,0.061941
9021,15097,false,0.367018
9021,54503,false,0.029793
9022,19404,false,0.694596
9022,57060,false,0.265158
9022,58463,false,0.780687
9023,21260,false,0.091117
9025,12498,false,0.572134
9026,21993,false,0.326043
9026,22115,false,0.381909
9026,43793,false,0.117487
9027,12638,false,0.964978
9027,40190,false,0.034044
9027,40966,false,0.805915
9028,17041,false,0.270952
9028,19821,false,0.636509
9028,32726,false,0.719371
9029,20859,false,0.928133
9029,21630,false,0.731568
9030,10296,false,0.114975
9030,16445,false,0.088906
9030,40019,false,0.212154
9030,52727,false,0.825709
9030,54304,false,0.817773
9031,21083,false,0.56533
9031,40946,false,0.02879
9031,48435,false,0.084963
9032,17590,false,0.202474
9032,54686,false,0.500681
9033,22775,false,0.452251
9035,25683,false,0.145256
9035,38889,false,0.923048
9036,16338,false,0.342852
9036,35441,false,0.592684
9037,15219,false,0.090701
9037,37664,false,0.623158
9038,12413,false,0.16797
9038,19112,false,0.325612
9038,50496,false,0.915213
9039,12845,false,0.244703
9039,36357,false,0.584407
9040,28622,false,0.409583
9040,39693,false,0.273425
9040,48626,false,0.115592
9040,55911,false,0.904799
9041,21082,false,0.045755
9041,31059,false,0.560771
9042,20850,false,0.681107
9042,24778,false,0.717185
9043,31267,false,0.135602
9044,21620,false,0.704317
9045,23294,false,0.399232
9045,33079,false,0.99687
9045,41946,false,0.33626
9045,45984,false,0.655185
9045,55396,false,0.027498
9045,56552,false,0.675142
9046,17320,false,0.302628
9046,18056,false,0.301261
9046,50906,false,0.053643
9047,16286,false,0.682805
9048,47266,false,1.020348
9049,15887,false,0.11815
9049,57692,false,0.139074
9050,12637,false,0.063999
9050,34538,false,0.685061
9050,36894,false,0.781071
9050,47727,false,0.01543
9051,34110,false,0.304277
9052,44238,false,0.830559
9052,45584,false,0.072476
9053,28565,false,0.066058
9053,28970,false,0.863358
9053,39070,false,0.045128
9054,19319,false,0.279894
9054,27782,false,0.211485
9054,28316,false,0.334627
9055,27971,false,0.759426
9055,32179,false,0.167163
9055,34274,false,0.617723
9056,59050,false,0.527421
9056,59866,false,0.655434
9057,22463,false,0.092525
9057,24822,false,0.014325
9057,31560,false,0.34825
9058,13899,false,0.059785
9059,48156,false,0.397981
9059,58006,false,0.125953
9061,21826,false,0.100217
9061,22444,false,0.909893
9061,52644,false,0.699419
9062,33970,false,0.472232
9062,34764,false,0.539691
9062,57913,false,0.758165
9063,16744,false,0.637472
9063,36643,false,0.76394
9063,53406,false,0.250528
9064,18412,false,0.638003
9064,26012,false,0.759287
9065,41330,false,0.018376
9067,24082,false,0.090811
9067,26833,false,0.866351
9067,31554,false,0.417252
9067,48502,false,0.955995
9067,51932,false,0.605202
9068,29674,false,0.46025
9068,44737,false,0.047437
9068,54914,false,0.594736
9068,56026,false,0.967788
9070,22100,false,0.56486
9070,24687,false,0.447468
9070,36418,false,0.597058
9070,45822,false,0.518415
9071,25509,false,0.351481
9071,28203,false,0.135189
9071,49783,false,0.067028
9072,14845,false,0.216046
9073,11876,false,0.076815
9073,14980,false,0.722079
9073,46425,false,1.020461
9073,57602,false,0.038247
9073,59986,false,0.448758
9075,34096,false,0.612894
9075,38001,false,0.930594
9076,11967,false,0.216068
9078,14597,false,0.560256
9078,16497,false,0.624577
9078,30442,false,0.45074
9079,34821,false,0.102408
9080,12279,false,0.803954
9080,37358,false,0.282305
9081,14247,false,0.380713
9081,46106,false,0.090004
9081,51483,false,0.466305
9082,15836,false,0.65985
9082,23095,false,0.268262
9083,11065,false,0.979816
9083,18300,false,0.668807
9084,16761,false,0.545062
9084,21071,false,0.696263
9084,53925,false,0.607566
9085,33617,false,0.75115
9085,53400,false,0.996797
9087,12549,false,0.703173
9087,43798,false,0.848844
9087,43845,false,0.832075
9087,51286,false,0.151931
9088,28696,false,0.986583
9088,31646,false,0.676519
9088,55060,false,0.66986
9089,25231,false,0.616886
9089,26719,false,0.514204
9089,27366,false,0.698475
9089,34789,false,0.929441
9089,59857,false,0.584556
9091,35567,false,1.02759
9091,54718,false,0.280279
9093,50234,false,0.4837
9094,35826,false,0.264154
9094,36579,false,0.642001
9095,21899,false,0.576737
9095,42593,false,0.497783
9096,22523,false,0.625919
9096,43516,false,0.339031
9097,20969,false,0.699241
9097,29130,false,0.607518
9097,43022,false,0.814775
9097,49198,false,0.245853
9098,19249,false,0.971832
9098,47782,false,0.359317
9098,59381,false,0.183308
9099,42683,false,0.17378
9099,55687,false,0.111965
9100,26840,false,0.979063
9101,35867,false,0.989427
9101,54352,false,0.775602
9101,54362,false,0.398868
9102,20180,false,0.418969
9103,23365,false,0.003962
9104,40792,false,0.082887
9105,31894,false,0.411082
9106,47445,false,0.451699
9106,48185,false,0.79867
9106,51804,false,0.697404
9106,56442,false,0.050186
9107,22306,false,0.003802
9107,45434,false,0.888665
9108,29559,false,0.019428
9108,49955,false,0.881987
9109,23995,false,0.676527
9109,50967,false,0.997527
9109,54002,false,0.948597
9110,22674,false,0.076467
9110,23641,false,0.8193
9110,42598,false,0.189102
9110,48148,false,0.647122
9110,56883,false,0.044034
9111,10598,false,0.452999
9111,18026,false,0.941245
9111,26099,false,0.709887
9111,46347,false,0.292396
9112,10632,false,0.212117
9113,10369,false,0.262311
9113,30307,false,0.57716
9113,44129,false,0.018038
9113,47685,false,0.527143
9113,52277,false,0.092083
9114,50444,false,0.076526
9115,23394,false,0.665272
9115,36839,false,0.4924
9115,43644,false,0.893869
9115,56591,false,0.909994
9116,12265,false,0.219591
9116,18223,false,0.770785
9117,14171,false,0.831066
9118,24327,false,0.144683
9118,39555,false,0.853699
9119,17482,false,0.702414
9119,19884,false,0.566575
9120,13499,false,0.889498
9120,15382,false,0.926285
9120,50570,false,0.5634
9121,50134,false,0.3152
9123,11254,false,0.753939
9123,51268,false,0.719829
9124,56550,false,0.171138
9124,59353,false,0.650158
9125,15820,false,0.26579
9125,20346,false,0.974443
9125,21019,false,0.066907
9125,41917,false,0.977508
9125,43369,false,0.253496
9125,57224,false,0.593738
9126,21319,false,0.840686
9126,21930,false,0.470014
9126,23842,false,0.3303
9126,57826,false,0.415285
9127,41388,false,0.940846
9128,13092,false,0.362525
9128,15289,false,0.342792
9129,17023,false,0.330812
9130,37826,false,0.667816
9130,57990,false,0.053549
9131,14253,false,0.736996
9131,14447,false,0.465343
9131,18838,false,0.268076
9135,39562,false,0.148501
9135,48446,false,0.142054
9135,51509,false,0.416244
9136,12770,false,0.616522
9136,17624,false,0.274445
9136,21022,false,0.799631
9136,58517,false,0.407344
9138,20127,false,0.599262
9138,34951,false,0.162617
9138,36145,false,0.022679
9138,51891,false,0.023652
9139,26787,false,0.875966
9139,46288,false,0.941117
9140,51016,false,0.250562
9142,36358,false,1.007617
9142,39855,false,0.801728
9142,44229,false,0.186648
9143,12328,false,0.440291
9143,16380,false,0.520417
9143,19003,false,0.613291
9143,25848,false,0.289943
9143,43222,false,0.128797
9144,15896,false,0.325965
9144,43168,false,0.506254
9144,52601,false,0.749372
9145,19871,false,0.189358
9146,14238,false,0.80893
9146,26177,false,0.675607
9146,34195,false,0.649553
9146,39194,false,0.28708
9146,47163,false,0.296735
9146,53587,false,0.445712
9147,26623,false,0.463014
9147,49399,false,0.398128
9147,58329,false,0.157143
9148,11611,false,0.754947
9148,12622,false,0.537313
9148,16530,false,0.039071
9148,29518,false,0.624912
9148,57832,false,0.902592
9149,30074,false,0.499615
9149,56564,false,0.122629
9150,19856,false,1.008416
9150,42700,false,0.54242
9150,53616,false,0.348807
9151,30705,false,0.104411
9151,58038,false,0.545798
9153,53287,false,0.203062
9155,37088,false,0.17064
9156,17319,false,0.866007
9156,31385,false,0.863637
9156,53675,false,0.724721
9157,21915,false,0.463979
9157,33610,false,0.751484
9158,39670,false,0.740079
9159,12139,false,0.203862
9159,39363,false,0.444848
9159,43884,false,0.24171
9160,44123,false,0.289537
9160,45510,false,0.324802
9160,46946,false,0.943815
9160,53690,false,0.187931
9161,22431,false,0.041936
9161,29658,false,0.901596
9161,52702,false,0.778146
9162,38631,false,0.600926
9162,41217,false,0.621033
9162,54172,false,0.667822
9163,13227,false,0.564227
9163,36134,false,0.488042
9163,42032,false,0.251781
9163,52324,false,0.798303
9163,52680,false,0.57591
9164,51336,false,0.962051
9164,54946,false,0.288336
9165,21885,false,0.475171
9165,22579,false,0.049413
9165,38131,false,0.574289
9165,38814,false,0.960497
9166,25826,false,0.541928
9166,28901,false,0.94867
9166,38589,false,0.053953
9167,34157,false,0.407304
9168,25094,false,0.977645
9168,26883,false,0.268139
9168,58868,false,0.379324
9169,23213,false,0.420942
9169,25640,false,0.105431
9169,37159,false,0.440219
9169,39564,false,0.014646
9169,45678,false,0.245038
9169,56701,false,0.603685
9170,43115,false,0.94522
9171,34554,false,0.439371
9171,44585,false,0.404749
9172,10770,false,0.393464
9172,22779,false,0.61157
9172,30006,false,0.386608
9172,47899,false,0.112814
9173,32483,false,0.369785
9173,36186,false,0.578746
9173,55825,false,0.691558
9174,12751,false,0.028708
9175,11264,false,0.476569
9175,16608,false,0.877928
9175,19219,false,0.842857
9175,25855,false,0.891109
9175,38160,false,0.82681
9175,59280,false,0.925484
9176,59965,false,0.417668
9177,22764,false,0.583459
9177,30498,false,0.03843
9177,38847,false,0.470442
9177,45787,false,0.649271
9178,14060,false,0.244282
9179,30337,false,0.379243
9179,45379,false,0.51981
9179,56641,false,0.978345
9180,11980,false,0.594676
9181,23972,false,0.898996
9181,49261,false,0.997812
9182,34105,false,0.702867
9182,43206,false,0.550567
9183,30448,false,0.527378
9184,13054,false,0.630859
9184,19887,false,0.419686
9184,24998,false,0.63367
9184,59261,false,0.492725
9185,12557,false,0.809769
9186,40270,false,0.026502
9187,2767,true,0.51022
9187,10808,false,0.816352
9187,18009,false,0.813808
9187,31257,false,0.092877
9187,55402,false,0.627504
9189,13273,false,0.563863
9189,21143,false,0.522894
9189,32316,false,0.9674
9189,39770,false,0.543929
9189,59753,false,0.959731
9190,20720,false,0.300441
9190,27644,false,0.821734
9190,49636,false,0.492664
9191,27810,false,0.829292
9191,34688,false,0.460115
9192,36642,false,0.618205
9192,48685,false,0.376599
9192,50433,false,0.73361
9193,10342,false,0.637772
9194,41795,false,0.046226
9195,29545,false,0.572612
9195,41062,false,0.870378
9196,14164,false,0.783725
9196,25297,false,0.644368
9196,30149,false,0.425732
9196,55895,false,0.497507
9197,55583,false,0.718179
9198,43275,false,0.108216
9199,36775,false,0.411608
9199,44902,false,0.415245
9199,50633,false,0.521038
9199,58384,false,0.134867
9200,14522,false,0.820867
9200,33274,false,0.29909
9201,12723,false,0.953673
9201,18547,false,0.465484
9201,37695,false,0.179158
9202,51231,false,0.865766
9203,24989,false,0.719508
9203,48839,false,0.991335
9204,10141,false,0.800986
9204,41265,false,0.960703
9204,49503,false,0.481479
9204,58877,false,0.721909
9205,24251,false,0.542796
9207,23584,false,0.079909
9207,25950,false,0.880607
9207,37985,false,0.597068
9208,11354,false,0.745091
9208,32532,false,0.626616
9208,46212,false,0.551512
9208,59968,false,0.254812
9210,28416,false,0.310273
9210,35280,false,0.571017
9211,20146,false,0.432874
9211,28645,false,0.472977
9211,34041,false,0.563486
9211,36062,false,0.530903
9211,36853,false,0.306301
9211,38626,false,0.507221
9212,35619,false,0.095593
9212,35654,false,0.362964
9212,45607,false,0.674604
9213,21718,false,0.538291
9213,39039,false,0.640768
9214,25942,false,0.022468
9215,45347,false,0.860697
9216,16778,false,0.164112
9216,33484,false,0.491546
9217,45827,false,0.962176
9217,49298,false,0.896855
9218,10307,false,0.994614
9218,11795,false,0.062499
9218,37003,false,0.414003
9218,51844,false,0.431093
9218,58864,false,0.934875
9219,19772,false,0.086314
9219,23485,false,0.723772
9219,24227,false,0.283169
9219,29721,false,0.400593
9220,31208,false,0.685679
9221,10281,false,0.199343
9221,11783,false,1.124365
9221,43460,false,0.800815
9222,55427,false,0.457622
9223,46985,false,0.188828
9223,49857,false,0.951515
9224,12420,false,0.115551
9224,13593,false,0.112331
9225,37612,false,0.267551
9225,45494,false,0.656367
9226,39796,false,0.272943
9226,43904,false,0.846853
9226,45905,false,0.577394
9227,43717,false,0.067166
9229,20770,false,0.76272
9229,21051,false,0.742111
9230,21605,false,0.644219
9230,26144,false,0.428423
9230,37566,false,0.847113
9230,39664,false,0.939942
9231,47088,false,0.721224
9231,56125,false,0.922613
9232,14255,false,0.779793
9232,22345,false,0.804307
9232,25144,false,0.960696
9232,40451,false,0.693521
9232,47211,false,0.780806
9233,55533,false,0.596444
9233,55573,false,0.191986
9234,16678,false,0.70496
9234,16972,false,0.678737
9234,48037,false,0.689545
9235,14934,false,0.034647
9235,20572,false,1.013169
9235,25523,false,0.527733
9235,28302,false,0.689369
9236,25285,false,0.529839
9236,55033,false,0.792875
9237,10494,false,0.667087
9237,54942,false,0.160525
9238,16866,false,0.23335
9238,19976,false,0.744463
9238,42749,false,0.52621
9239,27211,false,0.70166
9240,27294,false,0.111639
9241,25151,false,0.967635
9241,46469,false,0.624027
9242,16117,false,0.536928
9242,26556,false,0.098029
9242,30881,false,0.241441
9242,35403,false,0.101032
9242,38104,false,0.910242
9242,45060,false,0.518355
9243,35566,false,0.21263
9243,36142,false,0.868802
9243,42221,false,0.337891
9244,23938,false,0.499125
9244,26349,false,0.883705
9244,35265,false,0.779605
9244,52972,false,0.180268
9244,55564,false,0.149818
9245,10582,false,0.807757
9245,49052,false,0.175225
9246,33072,false,0.166745
9246,47909,false,0.237082
9246,49472,false,0.82703
9247,21707,false,0.133338
9247,31290,false,0.779275
9248,19589,false,0.546014
9249,40084,false,0.138624
9249,46643,false,0.449938
9250,16018,false,0.464504
9250,17417,false,0.923333
9250,31230,false,0.180074
9250,34748,false,0.971845
9250,36431,false,0.182596
9250,46936,false,0.601526
9250,50715,false,0.978834
9251,36152,false,0.999645
9251,43826,false,0.554071
9251,57430,false,0.673365
9252,24432,false,0.584901
9253,20548,false,0.697236
9254,18014,false,0.31428
9254,30221,false,0.638559
9254,55113,false,0.494932
9254,55581,false,0.491247
9255,12844,false,0.709581
9255,35239,false,0.637465
9255,43027,false,0.326779
9257,43900,false,0.426142
9258,34902,false,0.938041
9259,21941,false,0.779301
9259,24614,false,0.968977
9259,28868,false,0.401009
9259,45338,false,0.264837
9259,58658,false,0.100418
9259,59023,false,0.226643
9260,26718,false,0.482037
9260,29208,false,0.217719
9260,42991,false,0.892921
9262,26086,false,0.908383
9262,50053,false,0.211305
9263,53443,false,0.537204
9264,36886,false,0.061412
9265,12668,false,0.08657
9265,17867,false,0.8083
9265,45224,false,0.291164
9266,13233,false,0.8467
9266,19543,false,0.510734
9266,29148,false,0.346475
9266,45473,false,0.176021
9267,17808,false,0.60032
9267,42687,false,0.297114
9267,57468,false,0.710731
9268,24124,false,0.274191
9268,41899,false,0.30898
9268,56065,false,0.479891
9269,16474,false,0.579527
9269,48400,false,0.7914
9271,22868,false,0.539041
9271,38642,false,0.043612
9272,8108,true,0.578375
9272,33285,false,0.168899
9273,8222,true,0.462132
9273,8454,true,0.147549
9273,55567,false,0.855117
9274,8821,true,0.320967
9274,33849,false,0.847029
9274,46176,false,0.917458
9275,10724,false,0.463639
9275,34152,false,0.321471
9275,37464,false,0.161864
9276,33740,false,0.504903
9277,8061,true,0.699141
9277,8077,true,0.268138
9277,10824,false,0.652396
9278,12563,false,0.030693
9278,25769,false,0.806524
9278,27576,false,0.325924
9278,36966,false,0.159274
9278,37671,false,0.291327
9279,8104,true,0.482241
9279,8964,true,0.314596
9279,9001,true,0.333649
9279,17545,false,0.640626
9280,33471,false,0.055342
9280,39384,false,0.700658
9280,49431,false,0.991834
9280,55378,false,0.165426
9281,19265,false,0.779236
9281,19389,false,0.089072
9281,28357,false,0.4643
9281,52968,false,0.166372
9282,29516,false,0.781164
9282,50508,false,0.816634
9283,44443,false,0.58327
9283,52543,false,1.01214
9284,16724,false,0.645264
9284,19049,false,0.010221
9284,21359,false,0.767523
9284,32228,false,0.475302
9284,44154,false,0.501448
9284,56623,false,0.847983
9285,24360,false,0.584566
9285,31071,false,0.457864
9286,14772,false,0.97687
9286,20557,false,0.485972
9286,22932,false,0.997162
9287,10773,false,0.129394
9287,18272,false,0.449215
9287,48121,false,0.069307
9288,38486,false,0.647162
9289,14824,false,0.520867
9289,28454,false,0.13325
9289,32544,false,0.768789
9289,40010,false,0.246823
9289,52051,false,0.303716
9290,38987,false,0.232056
9291,29331,false,0.89231
9291,31748,false,0.266121
9291,42098,false,0.21956
9292,11603,false,0.144921
9292,12916,false,0.092039
9292,22572,false,0.919775
9292,28850,false,0.10508
9292,42948,false,0.210015
9293,51107,false,0.685307
9293,59271,false,0.528304
9293,59723,false,0.759154
9294,12792,false,0.793226
9294,18520,false,0.828206
9294,23644,false,0.87021
9296,53575,false,0.073647
9297,29956,false,0.602163
9298,14823,false,0.561185
9299,43830,false,0.323071
9299,48142,false,0.893431
9300,27041,false,0.111075
9300,36404,false,0.178539
9300,50984,false,0.879132
9301,19891,false,0.304042
9301,25669,false,0.65742
9301,40949,false,0.705713
9301,45070,false,0.744889
9301,53723,false,0.875146
9301,53751,false,0.426914
9302,12415,false,0.500106
9302,31568,false,0.277793
9303,21726,false,0.346496
9303,21769,false,0.288861
9303,42576,false,0.697657
9303,48559,false,0.515863
9304,14582,false,0.446711
9304,23926,false,0.037575
9304,27558,false,0.638734
9305,13949,false,0.746529
9307,34625,false,0.920183
9307,38667,false,0.62155
9307,44790,false,0.073842
9307,52366,false,0.54617
9308,23521,false,0.53747
9308,28946,false,0.449674
9308,38496,false,0.851296
9309,17317,false,0.280927
9309,25939,false,0.234191
9310,22294,false,0.215845
9310,44481,false,0.054246
9310,52454,false,0.940514
9311,15029,false,0.974474
9311,23065,false,0.324192
9311,24500,false,0.180388
9311,47985,false,0.219845
9312,16643,false,0.28779
9312,17139,false,0.443714
9312,31556,false,0.189055
9313,22272,false,0.954396
9313,45520,false,0.222321
9314,26023,false,0.891964
9314,43665,false,0.162898
9315,24791,false,0.527662
9315,47739,false,0.787834
9316,22089,false,0.649869
9317,47263,false,0.040549
9317,47834,false,0.213163
9318,16405,false,0.013769
9318,48746,false,0.894709
9318,49678,false,0.098302
9319,44731,false,0.370346
9319,56320,false,0.431075
9319,57129,false,0.41613
9319,58240,false,0.455604
9322,37524,false,0.462878
9323,10372,false,0.100854
9323,18294,false,0.211531
9323,46997,false,0.062433
9323,54139,false,0.726848
9323,58708,false,0.146537
9324,19193,false,0.098963
9324,51088,false,0.18866
9325,38912,false,0.70379
9325,55991,false,0.702386
9326,29028,false,0.656498
9326,37433,false,0.989036
9327,20629,false,0.929356
9327,35938,false,0.304391
9328,12613,false,0.940783
9328,23723,false,0.614445
9328,39335,false,0.645178
9328,42081,false,0.691901
9329,20487,false,0.811209
9329,44181,false,0.166677
9330,23895,false,0.770128
9330,42552,false,0.314012
9331,54486,false,0.54604
9332,35497,false,0.496487
9332,36067,false,0.765735
9332,36937,false,0.973147
9332,36958,false,0.612091
9334,14126,false,0.113254
9334,24887,false,0.411458
9334,51895,false,0.703206
9335,14217,false,0.991543
9335,15619,false,0.024901
9335,27126,false,0.144068
9335,58594,false,0.946882
9337,44364,false,0.10593
9338,20486,false,0.78301
9339,51417,false,0.188901
9340,26723,false,0.584527
9340,40075,false,0.413082
9340,59730,false,0.903892
9341,35226,false,0.236989
9342,27218,false,0.505175
9343,25736,false,0.059655
9343,52112,false,0.670871
9343,59608,false,0.363562
9345,35582,false,0.792184
9345,59371,false,0.625672
9346,16334,false,0.299718
9346,33723,false,0.664059
9346,39044,false,0.134799
9346,40940,false,0.761762
9346,53028,false,0.525451
9346,53344,false,0.499542
9346,53377,false,0.666381
9346,54824,false,0.248478
9347,10461,false,0.730565
9347,39547,false,0.615757
9347,54663,false,0.222313
9348,21956,false,0.570243
9348,56662,false,0.12994
9348,58468,false,0.382514
9349,13153,false,0.49102
9349,55015,false,0.143666
9349,56174,false,0.77854
9351,12109,false,0.374856
9351,13329,false,0.034547
9351,18805,false,0.607245
9351,23577,false,0.525778
9351,24156,false,0.689401
9351,55622,false,0.470912
9352,22088,false,0.232274
9352,30436,false,0.988619
9352,34059,false,0.112867
9353,11488,false,0.279612
9353,33901,false,0.913474
9354,25659,false,0.777672
9355,13341,false,0.639671
9355,36902,false,0.119803
9355,44323,false,0.67993
9355,49269,false,0.550196
9355,55769,false,0.438709
9356,25533,false,0.075043
9356,48114,false,0.770093
9356,52434,false,0.070482
9357,15333,false,0.306023
9358,20527,false,0.307213
9358,38163,false,0.346404
9358,47809,false,0.143009
9358,50219,false,0.128583
9359,26143,false,0.784809
9359,37492,false,0.753399
9360,39779,false,0.072241
9360,47407,false,0.54758
9361,38614,false,0.839977
9362,19669,false,0.957263
9362,25594,false,0.061045
9362,28254,false,0.212276
9362,43232,false,0.582327
9362,51661,false,0.067007
9363,21729,false,0.353188
9363,21764,false,0.586388
9363,32136,false,0.443828
9363,34467,false,0.49786
9363,41178,false,0.647816
9364,38984,false,0.339306
9364,39461,false,0.824329
9364,39980,false,0.308463
9364,51757,false,0.102873
9365,10182,false,0.834526
9365,41140,false,0.502683
9365,48569,false,0.929017
9366,34001,false,0.568108
9367,37570,false,0.840209
9367,41538,false,0.015312
9368,12820,false,0.415594
9368,14031,false,0.091571
9368,44610,false,0.572355
9370,40888,false,0.040564
9370,46388,false,0.816973
9371,22710,false,0.24536
9371,35750,false,0.735167
9371,38256,false,0.488386
9372,33503,false,0.123718
9372,58282,false,0.137676
9373,10165,false,0.077156
9373,12810,false,0.105596
9373,35442,false,0.701778
9374,31709,false,0.936712
9375,34186,false,0.185322
9375,39548,false,0.606051
9376,23607,false,0.479458
9376,59554,false,0.7372
9377,30327,false,0.290465
9377,42542,false,0.816272
9377,44655,false,0.430534
9378,8213,true,0.910571
9378,48520,false,0.084279
9379,23019,false,0.553453
9379,41607,false,0.586083
9380,8607,true,0.796923
9380,8905,true,0.710889
9380,33271,false,0.240407
9380,40372,false,0.952451
9380,49813,false,0.890989
9380,53646,false,0.651484
9381,43993,false,0.463138
9382,32681,false,0.029502
9382,32770,false,0.062879
9382,36609,false,0.622357
9382,36880,false,0.99716
9383,13774,false,0.822709
9383,48354,false,0.034766
9384,8145,true,0.812182
9384,8235,true,0.28438
9384,30373,false,0.603867
9384,31312,false,0.026096
9385,8187,true,0.974168
9385,30383,false,0.650041
9385,32585,false,0.397481
9385,54706,false,0.613372
9386,8895,true,0.799915
9386,29687,false,0.211689
9386,44013,false,0.356396
9387,40337,false,0.290898
9387,48889,false,0.034479
9387,55641,false,0.05952
9387,59186,false,0.306497
9388,24816,false,0.296977
9388,53222,false,0.524078
9388,54778,false,0.89047
9389,11292,false,0.83994
9389,11370,false,0.838522
9389,32327,false,0.210817
9390,19722,false,0.126406
9390,42018,false,0.183352
9391,44030,false,0.982464
9392,30175,false,0.980509
9393,37906,false,0.541743
9393,46109,false,0.435164
9393,51160,false,0.40466
9393,52975,false,0.628348
9393,55744,false,0.281175
9394,29042,false,0.608797
9394,37353,false,0.191303
9394,42093,false,1.007215
9395,11805,false,0.020221
9395,25825,false,0.009166
9395,31881,false,0.951866
9396,18249,false,0.936204
9396,26030,false,0.894572
9397,28312,false,0.793689
9397,28698,false,0.453638
9397,35679,false,0.981253
9397,53630,false,0.885562
9397,56225,false,0.344891
9398,37993,false,0.330543
9398,43956,false,0.594254
9399,48548,false,0.959664
9400,13558,false,0.475172
9400,16932,false,0.139573
9400,38962,false,0.653843
9400,55476,false,0.371136
9401,56711,false,0.671246
9402,10082,false,0.268503
9402,12811,false,0.836674
9403,22346,false,0.184985
9403,52285,false,0.388896
9403,59507,false,0.165199
9404,33514,false,0.271073
9405,46051,false,0.27376
9406,11138,false,0.228924
9406,12716,false,0.310896
9406,29485,false,0.613768
9406,30731,false,3.57E-4
9407,18218,false,0.659069
9407,24819,false,0.642242
9407,26063,false,0.551417
9407,56791,false,0.155334
9408,14498,false,0.489461
9408,48638,false,0.26313
9408,57288,false,0.199696
9409,23264,false,0.02639
9409,24664,false,0.010489
9409,27240,false,0.726455
9409,37527,false,0.842651
9411,47920,false,0.989496
9412,28840,false,0.354269
9412,52799,false,0.725298
9413,26569,false,0.342983
9413,29113,false,1.012896
9413,43419,false,0.672216
9413,51213,false,0.025278
9413,59289,false,0.719933
9414,10960,false,0.095996
9414,16029,false,0.234341
9414,54224,false,0.301579
9415,40945,false,0.537544
9415,51111,false,0.769532
9416,25776,false,0.567723
9416,35857,false,0.579096
9416,41323,false,0.563023
9416,55114,false,0.694814
9417,45956,false,0.261409
9417,47221,false,0.570774
9418,49500,false,0.56655
9419,25898,false,0.127227
9419,30251,false,0.827043
9419,40160,false,0.109039
9420,29292,false,0.158197
9420,32608,false,0.194219
9421,13548,false,0.79381
9421,48830,false,0.86153
9421,54458,false,0.074401
9422,8308,true,0.585036
9422,8682,true,0.759206
9423,45814,false,0.207329
9423,59594,false,0.018006
9424,8988,true,0.562035
9425,8935,true,0.791461
9425,15251,false,0.50686
9425,17510,false,0.928012
9425,37490,false,0.477121
9425,43178,false,0.318898
9425,50092,false,0.295873
9425,56742,false,0.374491
9426,32178,false,0.126923
9426,41674,false,0.381316
9426,49926,false,1.018084
9427,17226,false,0.024157
9427,37271,false,0.25587
9428,10085,false,0.877781
9428,44192,false,0.542266
9429,59058,false,0.974392
9430,40766,false,0.668795
9430,55192,false,0.327448
9431,8444,true,0.212808
9432,23492,false,0.548109
9432,25597,false,0.606132
9432,34513,false,0.215048
9433,41302,false,0.067885
9433,52501,false,0.454908
9433,57553,false,0.094337
9434,18433,false,0.431782
9434,46536,false,0.528837
9435,28467,false,0.708416
9436,11787,false,0.78991
9436,25183,false,0.312997
9436,30588,false,0.137187
9438,13312,false,0.02189
9438,26353,false,0.421462
9438,27934,false,0.471929
9438,54239,false,0.746912
9439,40775,false,0.221231
9439,46417,false,0.557426
9440,51305,false,0.567601
9441,8778,true,0.654259
9441,17408,false,0.524054
9442,8623,true,0.699654
9443,22910,false,0.158705
9444,20439,false,0.849848
9444,35387,false,0.005622
9445,23316,false,0.058037
9446,18363,false,0.820012
9447,12900,false,0.338203
9448,15585,false,0.25009
9448,35464,false,0.729263
9448,48050,false,0.085853
9448,54500,false,0.61752
9449,11896,false,0.611519
9450,12095,false,0.117387
9451,45937,false,0.3934
9451,55144,false,0.084328
9451,59663,false,0.155626
9452,20725,false,0.871325
9453,41506,false,0.325965
9453,43705,false,0.729685
9453,46483,false,0.348014
9453,46572,false,0.136051
9453,51923,false,0.394483
9454,25448,false,0.074636
9455,17062,false,0.614431
9455,18825,false,0.386893
9455,20935,false,0.516005
9455,35154,false,0.892181
9455,48295,false,0.350001
9456,15105,false,0.617927
9456,26822,false,0.032773
9456,27590,false,0.484737
9457,33075,false,0.23549
9457,38856,false,0.648069
9457,55693,false,0.739053
9457,57341,false,0.989806
9458,31429,false,0.798702
9459,20955,false,0.461702
9459,21529,false,0.991824
9459,47238,false,0.065915
9459,54204,false,0.47093
9459,54457,false,0.473834
9459,54820,false,0.76337
9460,35614,false,0.170037
9460,39025,false,0.30277
9460,41363,false,0.665643
9461,26154,false,0.081473
9461,58255,false,0.971846
9462,2250,true,0.513131
9462,39710,false,0.276686
9463,2617,true,0.5958
9463,2855,true,0.038881
9463,12347,false,0.029553
9463,48733,false,0.914809
9464,2908,true,0.876111
9464,3005,true,0.983923
9464,25347,false,0.396782
9464,26394,false,0.809653
9464,40484,false,0.975364
9464,41643,false,0.995474
9465,2351,true,0.420163
9465,2395,true,0.616572
9465,2895,true,0.744818
9465,27285,false,0.346199
9465,27431,false,0.836228
9466,19234,false,0.484414
9466,22419,false,0.433583
9466,27479,false,1.049089
9466,31353,false,0.650794
9466,39139,false,0.252022
9467,15330,false,0.248808
9467,17555,false,0.53901
9467,26777,false,0.803014
9467,31260,false,0.734804
9467,54344,false,0.930481
9468,25979,false,0.028954
9468,28507,false,0.360874
9468,30218,false,0.918765
9468,53917,false,0.885039
9468,54371,false,0.509715
9468,57623,false,0.170035
9470,50347,false,0.452753
9471,12667,false,0.561287
9471,30691,false,0.955002
9471,35687,false,0.262176
9472,17192,false,0.823975
9472,45530,false,0.057071
9472,56340,false,0.537615
9472,59590,false,0.732869
9473,13621,false,0.671846
9473,52997,false,0.393138
9474,17017,false,0.780238
9474,29267,false,0.109575
9474,44525,false,0.751799
9475,2348,true,0.362088
9475,35017,false,0.059633
9476,2275,true,0.511391
9477,27170,false,0.408315
9477,35962,false,0.222279
9477,52100,false,0.528063
9477,52535,false,0.659815
9478,55373,false,0.610761
9479,13799,false,0.486238
9480,8306,true,0.100776
9480,8480,true,0.92086
9480,8736,true,0.477847
9480,8803,true,0.881778
9480,10767,false,0.329005
9482,8688,true,0.259163
9482,40928,false,0.331713
9483,8193,true,0.537325
9483,19568,false,0.590994
9486,27657,false,0.83373
9487,19272,false,0.775302
9487,55749,false,0.082231
9488,18013,false,0.080665
9488,28592,false,0.694204
9489,35445,false,0.006945
9489,39341,false,0.096048
9489,44673,false,0.609439
9489,53671,false,0.936629
9491,12036,false,0.465062
9491,37286,false,0.972443
9491,52092,false,0.829705
9492,48518,false,0.552919
9493,36649,false,0.712594
9495,14700,false,0.686569
9495,15730,false,0.909096
9495,38613,false,0.970012
9495,43002,false,0.185455
9495,49408,false,0.737007
9495,52637,false,0.356593
9496,20037,false,0.216874
9496,24175,false,0.919154
9498,10338,false,0.619797
9498,38721,false,0.31352
9499,12378,false,0.49173
9500,29466,false,0.833231
9501,21003,false,0.108986
9501,32017,false,0.095639
9501,45448,false,0.194071
9501,47021,false,0.965028
9501,54299,false,0.113421
9502,14902,false,0.766497
9502,38271,false,0.770735
9503,16365,false,0.877575
9503,17399,false,0.079477
9503,32479,false,0.046834
9503,37335,false,0.417912
9504,23207,false,0.739972
9504,47118,false,0.668437
9505,39021,false,0.478133
9506,11528,false,0.843945
9506,19680,false,0.544793
9506,21072,false,0.472297
9506,31041,false,0.997876
9506,31310,false,0.155173
9506,44888,false,0.068545
9507,16616,false,0.537109
9507,19440,false,0.844211
9507,23064,false,0.005576
9507,27940,false,0.630092
9507,28718,false,0.823458
9507,34984,false,0.006851
9507,36295,false,0.005774
9507,49589,false,0.446175
9508,21880,false,0.023379
9508,39824,false,0.243463
9508,57905,false,0.810615
9509,29372,false,0.22028
9510,21674,false,0.656993
9510,36506,false,0.682488
9510,45295,false,0.174675
9510,47289,false,0.148106
9511,19245,false,0.888441
9511,59615,false,0.859304
9512,22390,false,0.487376
9512,53906,false,0.506856
9512,56862,false,0.191971
9513,10236,false,0.145854
9514,22704,false,0.977541
9514,24261,false,0.094753
9514,43976,false,0.518377
9515,53958,false,0.497088
9516,44588,false,0.064284
9517,20128,false,0.977937
9517,21104,false,0.692025
9517,34077,false,0.780251
9517,43440,false,0.880822
9517,46042,false,0.523672
9517,51645,false,0.024382
9518,37711,false,0.244086
9519,25920,false,0.399638
9519,27755,false,0.261147
9519,45451,false,0.968559
9520,8360,true,0.941537
9521,8118,true,0.975041
9521,44021,false,0.163061
9521,47997,false,0.181873
9522,27717,false,0.814416
9522,31576,false,0.331057
9522,37206,false,0.984525
9523,15165,false,0.673853
9523,37482,false,0.046997
9523,55172,false,0.899134
9524,44698,false,0.880953
9525,18619,false,0.587489
9526,29596,false,0.412059
9526,48487,false,0.586916
9527,10138,false,0.344639
9528,12987,false,0.932829
9529,27982,false,0.00643
9529,57586,false,0.273871
9530,15059,false,0.33717
9530,32819,false,0.837171
9530,52911,false,0.186009
9531,11069,false,0.809416
9531,13107,false,0.89337
9531,53788,false,0.52365
9532,23102,false,0.496532
9532,54487,false,0.976835
9532,59223,false,0.200046
9533,21616,false,0.795472
9533,50543,false,0.275696
9534,10091,false,0.748313
9534,20137,false,0.392613
9534,35926,false,0.853426
9534,51276,false,0.312724
9535,16452,false,0.286911
9535,40029,false,0.582177
9535,50902,false,0.155132
9535,53248,false,0.456208
9536,12016,false,0.812172
9536,15425,false,0.709563
9536,29250,false,0.920293
9536,35798,false,0.397196
9536,41430,false,0.568445
9536,57778,false,0.096533
9537,32807,false,0.319941
9540,19430,false,0.737191
9540,25812,false,0.586987
9541,28259,false,0.48734
9541,39482,false,0.660077
9541,47092,false,0.523677
9541,56721,false,0.617329
9541,57124,false,0.064952
9543,19775,false,0.908836
9545,31252,false,0.772153
9546,32588,false,0.513564
9546,58746,false,0.751954
9547,40580,false,0.701946
9547,43189,false,0.912137
9547,52279,false,0.372578
9548,43127,false,0.15667
9548,46128,false,0.419848
9549,10181,false,0.690135
9549,30682,false,0.522546
9550,50778,false,0.041772
9550,59854,false,0.068661
9551,17080,false,0.656481
9551,49054,false,0.190769
9553,14729,false,0.618805
9553,31862,false,0.817961
9554,21704,false,0.820235
9554,43343,false,0.134193
9555,10596,false,0.345261
9555,13804,false,0.446929
9555,14943,false,0.442854
9555,15839,false,0.159958
9555,41111,false,0.942355
9556,25697,false,0.594555
9556,25880,false,0.090631
9556,45697,false,0.574043
9557,17690,false,0.714305
9557,37506,false,0.347821
9558,36326,false,0.167011
9558,38833,false,0.302012
9558,55696,false,0.907459
9560,18521,false,0.212335
9560,37960,false,0.264181
9560,45834,false,0.740836
9562,23902,false,0.07566
9562,26889,false,0.555803
9563,20412,false,0.538065
9563,45794,false,0.212508
9563,52191,false,0.141934
9564,19414,false,0.780846
9564,23279,false,0.97242
9565,12487,false,0.77257
9565,16185,false,0.592947
9565,37602,false,0.118919
9565,43437,false,0.4857
9565,43482,false,0.054937
9565,51439,false,0.709175
9566,41196,false,0.356179
9567,58180,false,0.653153
9568,23387,false,0.058735
9568,55101,false,0.173034
9569,40102,false,0.456729
9569,53419,false,0.982325
9569,57332,false,0.968066
9570,29728,false,0.438863
9570,41353,false,0.926216
9571,26756,false,0.624004
9573,20791,false,0.525916
9573,26196,false,0.371696
9573,40516,false,0.13896
9574,28180,false,0.978604
9574,55358,false,0.696098
9576,53536,false,0.640333
9577,15984,false,0.953731
9577,23268,false,0.53861
9577,28884,false,0.294336
9578,26879,false,0.048619
9578,45100,false,0.392486
9579,21367,false,0.920289
9579,32627,false,0.976111
9580,22501,false,0.296352
9582,20051,false,0.915005
9582,34896,false,0.519896
9582,46127,false,0.2417
9582,54838,false,0.763095
9582,59577,false,0.941936
9584,43349,false,0.151018
9584,50522,false,0.484485
9585,30765,false,0.783503
9585,31618,false,0.545626
9586,21496,false,0.030739
9586,26497,false,0.857581
9586,30952,false,0.41534
9586,34718,false,0.723438
9587,50583,false,0.346512
9588,33889,false,0.402513
9588,50563,false,0.835657
9589,25152,false,0.417054
9589,51365,false,0.381038
9590,39892,false,0.495427
9590,40745,false,0.182614
9590,47778,false,0.958037
9591,21720,false,0.365762
9591,28345,false,0.714106
9592,19374,false,0.890608
9592,38686,false,0.28713
9593,59126,false,0.576011
9594,10581,false,0.68152
9594,45035,false,0.518887
9595,35406,false,0.529296
9595,36821,false,0.874044
9595,40547,false,0.872633
9596,36484,false,0.068208
9596,46650,false,0.527256
9597,17504,false,0.071271
9597,33262,false,0.851828
9598,38106,false,0.481686
9599,33550,false,0.362298
9600,13405,false,0.900806
9600,39511,false,0.077436
9600,55073,false,0.09237
9600,56389,false,0.366667
9601,52638,false,0.561391
9602,19215,false,0.714376
9602,39535,false,0.71464
9603,18393,false,0.445212
9604,59715,false,0.59148
9606,27172,false,0.245722
9606,51188,false,0.4466
9606,54566,false,0.682085
9607,43000,false,0.307896
9607,56013,false,0.106154
9607,59905,false,0.339755
9608,15662,false,0.371472
9608,41317,false,0.339572
9609,27941,false,0.834698
9609,47731,false,0.710575
9610,26658,false,0.676537
9610,45078,false,0.2868
9610,46379,false,0.950107
9611,13900,false,0.698243
9611,46238,false,0.299015
9611,52343,false,0.144022
9611,56374,false,0.85418
9612,19600,false,0.840525
9612,32349,false,0.324313
9612,52282,false,0.303003
9613,57123,false,0.602898
9613,58277,false,0.439512
9614,21423,false,0.966841
9614,28584,false,0.435825
9615,14534,false,0.798052
9615,47964,false,0.562373
9616,52520,false,0.931826
9617,27533,false,0.781703
9617,37675,false,0.489293
9618,11135,false,0.630688
9618,25179,false,0.83341
9619,22918,false,0.171171
9619,23423,false,0.783537
9619,44996,false,0.161437
9619,58695,false,0.893453
9620,28767,false,0.211774
9621,33154,false,0.514696
9623,18883,false,0.131701
9623,48072,false,0.766793
9623,49067,false,0.735853
9624,35740,false,0.091495
9625,15016,false,0.874752
9626,13898,false,0.522361
9627,28333,false,0.585847
9627,55619,false,0.831328
9628,13019,false,0.537407
9629,35002,false,0.597145
9629,41511,false,0.932436
9629,57943,false,0.175118
9630,16706,false,0.405589
9630,29972,false,0.115849
9630,59748,false,0.511428
9631,23407,false,0.080092
9631,42884,false,0.745452
9631,56005,false,0.049629
9632,33205,false,0.817317
9632,45522,false,0.279485
9633,11674,false,0.072318
9634,35878,false,0.533948
9636,17291,false,0.968089
9637,35717,false,0.429615
9637,44297,false,0.424764
9638,23547,false,0.482182
9639,35027,false,0.297501
9639,56062,false,0.520276
9640,28619,false,0.237124
9640,36889,false,0.609155
9640,52827,false,0.884199
9640,56941,false,0.230078
9641,27048,false,0.321
9641,49984,false,0.696947
9642,32201,false,0.987517
9642,43754,false,0.067508
9643,22216,false,0.624021
9643,28248,false,0.699661
9643,42819,false,0.642912
9644,34703,false,0.393564
9646,26089,false,0.622487
9646,55133,false,0.154155
9647,36000,false,0.559115
9648,33645,false,0.439262
9648,37609,false,0.12861
9648,43239,false,0.109836
9649,21180,false,0.939871
9649,59984,false,0.846419
9650,11982,false,0.360329
9650,14249,false,0.229772
9650,33854,false,0.918142
9650,46648,false,0.373379
9650,49947,false,0.086561
9651,18338,false,0.115143
9651,19037,false,0.595611
9651,56700,false,0.740572
9652,22971,false,0.867937
9652,38623,false,0.702738
9652,55087,false,0.273132
9653,14606,false,0.56312
9653,51444,false,0.049613
9654,25301,false,0.869973
9654,25500,false,0.567633
9654,48214,false,0.401312
9655,24897,false,0.281174
9655,53895,false,0.768751
9656,44783,false,0.299418
9656,50940,false,0.837603
9657,36915,false,0.556876
9658,42900,false,0.913409
9659,14087,false,0.986613
9659,21896,false,0.921455
9659,29003,false,0.377453
9659,43597,false,0.552391
9659,45612,false,0.134308
9659,45688,false,0.813145
9659,59532,false,0.671704
9660,23100,false,0.616453
9661,16226,false,0.819917
9661,40997,false,1.004624
9662,23679,false,0.078698
9662,28715,false,0.287065
9662,30118,false,0.860532
9662,45043,false,0.858642
9662,49179,false,0.179798
9662,51983,false,0.690994
9662,56337,false,0.412677
9663,34875,false,0.813853
9663,42717,false,0.821906
9663,43214,false,0.341923
9663,47213,false,0.51918
9663,54186,false,0.460712
9664,21852,false,0.861691
9664,52737,false,0.318579
9665,11517,false,0.238487
9665,25243,false,0.526602
9665,40066,false,0.981113
9666,15355,false,0.757999
9666,25926,false,0.553173
9666,54198,false,0.845961
9667,21621,false,0.010349
9667,47919,false,0.855296
9667,55531,false,0.586941
9668,58911,false,0.218962
9669,15734,false,0.095564
9669,32088,false,0.372086
9669,44563,false,0.209558
9670,29695,false,0.38227
9671,34615,false,0.844744
9671,35580,false,0.563604
9671,47563,false,0.308181
9672,21381,false,0.740125
9674,16116,false,0.723364
9674,41736,false,0.242711
9674,42879,false,0.091932
9675,19286,false,0.632913
9675,33814,false,0.68207
9676,19640,false,0.582911
9676,23751,false,0.194713
9678,28149,false,0.738083
9678,58320,false,0.868522
9679,40602,false,0.334094
9680,14718,false,0.84088
9680,17259,false,0.476227
9680,50106,false,0.224239
9681,13025,false,0.381861
9681,29599,false,0.294354
9681,35503,false,0.208961
9682,10501,false,0.035804
9682,20316,false,0.514144
9682,24181,false,0.686497
9682,49693,false,0.790213
9683,15591,false,0.649215
9683,20232,false,0.332241
9683,33988,false,0.370425
9684,20307,false,0.834746
9684,43151,false,0.326567
9684,50743,false,0.493413
9685,43229,false,0.693623
9685,54010,false,0.15025
9687,29839,false,0.916102
9689,16895,false,0.11804
9690,26217,false,0.260922
9691,14354,false,0.007951
9691,20974,false,0.847512
9691,44690,false,0.976975
9691,47132,false,0.210399
9694,59327,false,0.229098
9695,25800,false,0.820205
9696,34526,false,0.507674
9696,48658,false,0.723876
9697,39784,false,0.423081
9697,43795,false,0.839493
9697,49142,false,0.9658
9698,14400,false,0.447995
9698,31954,false,0.576788
9698,35077,false,0.639454
9698,45992,false,0.549693
9698,56134,false,0.914871
9699,18595,false,1.010283
9699,45229,false,0.674262
9700,24978,false,0.485157
9700,38841,false,0.885765
9700,52441,false,0.881678
9701,45591,false,0.776131
9702,12512,false,0.658399
9702,33247,false,0.337163
9703,20643,false,0.933654
9703,34618,false,0.097364
9704,56708,false,0.486149
9705,20951,false,0.586623
9705,33067,false,0.896812
9705,46760,false,0.49298
9705,46824,false,0.309858
9707,2191,true,0.661766
9707,9804,true,0.019952
9707,16188,false,0.263276
9707,22291,false,0.632553
9708,14461,false,0.864741
9708,53207,false,0.140435
9709,2854,true,0.040598
9709,2882,true,0.013002
9709,47274,false,0.060697
9710,2755,true,0.762424
9710,14738,false,0.08841
9710,15786,false,0.845295
9710,39434,false,0.238813
9710,54978,false,0.187798
9711,2383,true,0.248161
9711,2618,true,0.422524
9712,2757,true,0.030942
9712,33338,false,0.041038
9712,39703,false,0.226963
9712,40855,false,0.080164
9712,41572,false,0.941049
9713,10403,false,0.351806
9713,28329,false,0.725867
9713,49760,false,0.635417
9714,2668,true,0.949616
9714,23477,false,0.362849
9714,28847,false,0.964493
9715,2198,true,1.011311
9715,2203,true,0.724307
9716,37429,false,0.617542
9716,40579,false,0.465793
9716,46959,false,0.147223
9716,57509,false,0.139709
9717,45897,false,0.136237
9717,47734,false,0.613805
9718,2153,true,0.890811
9718,15539,false,0.905767
9718,35335,false,0.604044
9718,55146,false,0.383588
9719,2338,true,0.746572
9719,12757,false,0.403113
9719,39424,false,0.756753
9719,57371,false,0.794176
9720,26891,false,0.00771
9720,41159,false,0.292964
9721,56696,false,0.589735
9722,2649,true,0.320393
9722,2758,true,0.761993
9723,2381,true,0.887046
9723,2865,true,0.302926
9723,19289,false,0.803535
9723,44413,false,0.809402
9724,50755,false,0.701692
9724,56810,false,0.36926
9726,18968,false,0.018867
9728,11595,false,0.995003
9729,45820,false,0.99015
9731,22046,false,0.371087
9731,22998,false,0.364847
9731,31549,false,0.834279
9731,37232,false,0.479847
9731,44973,false,0.165564
9732,32047,false,0.813685
9733,35168,false,0.239048
9734,12360,false,0.216139
9734,14990,false,0.088439
9734,18826,false,0.52932
9735,2488,true,0.6618
9735,25006,false,0.950599
9736,11936,false,0.383731
9736,42589,false,0.321771
9737,10705,false,0.63908
9737,23405,false,0.133292
9737,44079,false,0.589196
9738,33422,false,0.108413
9738,36149,false,0.124517
9739,2240,true,0.68445
9739,39923,false,0.061235
9740,27225,false,0.415493
9741,11774,false,0.373495
9741,21957,false,0.529213
9741,32195,false,0.924762
9741,52921,false,0.549217
9742,2065,true,0.522001
9742,9941,true,0.408659
9742,46409,false,0.518989
9742,55081,false,0.414725
9742,58469,false,0.908104
9743,16574,false,0.366916
9743,53386,false,0.664258
9744,9032,true,0.478643
9744,9362,true,0.220478
9744,22752,false,0.868492
9744,36815,false,0.543534
9744,41887,false,0.741949
9745,2058,true,0.51707
9745,9361,true,0.38964
9745,13801,false,0.130749
9745,37705,false,0.011164
9745,41637,false,0.538681
9746,9206,true,0.112084
9746,9210,true,0.460369
9746,14336,false,0.989629
9746,17242,false,0.665777
9746,51745,false,0.581977
9747,2979,true,0.442759
9747,19180,false,0.634797
9748,2772,true,0.099584
9748,9180,true,0.761443
9748,9702,true,0.085875
9749,2490,true,0.057752
9749,9443,true,0.359886
9749,9584,true,0.214974
9749,13622,false,0.849192
9749,22292,false,0.24512
9750,2789,true,0.892303
9750,9018,true,0.687801
9750,25177,false,0.180755
9750,32865,false,0.46508
9750,50994,false,0.335456
9751,9373,true,0.89658
9751,9789,true,0.285219
9751,52666,false,0.397839
9752,9232,true,0.935428
9752,44485,false,0.535704
9752,57214,false,0.131211
9753,10123,false,0.185685
9753,11368,false,0.516437
9753,26170,false,0.568977
9753,32543,false,0.810474
9753,33502,false,0.085668
9753,35502,false,0.365738
9753,54794,false,0.569347
9754,44536,false,0.137987
9755,11898,false,0.054412
9755,20968,false,0.99968
9755,33719,false,0.088804
9755,53933,false,0.379387
9756,2749,true,0.82297
9756,9857,true,0.953991
9756,9858,true,0.045401
9756,10000,true,0.617533
9758,13414,false,0.917938
9758,13441,false,0.404079
9758,15598,false,0.608992
9758,35504,false,0.328058
9759,12562,false,0.427902
9759,26123,false,0.611481
9760,11298,false,0.997272
9760,43412,false,0.820017
9760,46526,false,0.892915
9761,2345,true,0.952572
9761,2616,true,0.373347
9761,2884,true,0.877641
9761,9083,true,0.930686
9761,9148,true,0.206467
9761,9363,true,0.267169
9761,9556,true,0.32254
9761,19969,false,0.11467
9761,44048,false,0.424924
9761,59177,false,0.535046
9762,2564,true,0.464783
9762,9280,true,0.11263
9762,9935,true,0.885754
9762,21607,false,0.826661
9762,29303,false,0.331724
9763,9597,true,0.404582
9763,28845,false,0.373711
9763,49820,false,1.010551
9763,51812,false,0.680998
9764,54225,false,0.806258
9765,58211,false,0.301131
9766,39267,false,0.470622
9767,30147,false,1.002642
9767,34128,false,0.620158
9768,11864,false,0.595606
9768,19332,false,0.597768
9769,14191,false,0.844924
9769,52843,false,0.4148
9770,13977,false,0.016272
9770,35018,false,0.842128
9770,41879,false,0.607441
9770,55813,false,0.84238
9772,12104,false,0.824071
9772,31648,false,0.222367
9773,44515,false,0.158899
9774,17708,false,0.409975
9774,25198,false,0.911635
9774,26266,false,0.522489
9775,40187,false,0.171329
9776,46893,false,0.708351
9778,30771,false,0.358245
9778,39436,false,0.686264
9778,45061,false,0.68015
9778,59383,false,0.715327
9779,18482,false,0.394255
9780,26105,false,0.090398
9780,38079,false,0.657152
9780,38982,false,0.704736
9781,10468,false,0.975282
9781,55832,false,0.609075
9782,48566,false,0.814554
9782,55921,false,0.007493
9783,15246,false,0.721442
9783,18191,false,0.55604
9783,24797,false,0.36355
9783,25417,false,0.578087
9784,40162,false,0.860585
9785,12776,false,0.312187
9785,48869,false,0.418536
9786,22962,false,0.801579
9786,26296,false,0.253306
9786,37781,false,0.943815
9787,16868,false,0.07511
9788,15608,false,0.162079
9789,18771,false,0.40603
9789,37538,false,0.021312
9790,11978,false,0.624467
9790,31100,false,0.985837
9792,14874,false,0.127265
9792,34832,false,0.354749
9792,46459,false,0.008279
9794,35471,false,0.820581
9794,49025,false,0.628432
9794,53479,false,0.501884
9795,17356,false,0.06061
9796,34813,false,0.639572
9797,24059,false,0.304278
9797,48948,false,0.603532
9797,56610,false,0.978205
9798,19755,false,0.519258
9798,40598,false,0.223727
9799,36845,false,0.253618
9799,58631,false,0.060163
9800,27798,false,0.622909
9800,40904,false,0.733486
9800,42987,false,0.171911
9800,45051,false,0.989321
9800,54335,false,0.955568
9801,41251,false,0.300613
9802,8410,true,0.209501
9802,20416,false,0.641494
9802,58275,false,0.676076
9803,8064,true,0.93558
9803,8250,true,0.189662
9803,8527,true,0.700906
9803,35621,false,0.17722
9803,54220,false,0.46433
9803,59681,false,0.366398
9804,8264,true,0.127565
9804,8670,true,0.329751
9804,17879,false,0.69054
9804,42815,false,0.257544
9804,48671,false,0.383154
9805,41844,false,0.277363
9805,45578,false,0.39632
9805,59465,false,0.443951
9806,10303,false,0.727305
9806,47212,false,0.075901
9806,47712,false,0.44208
9807,18394,false,0.320176
9807,25911,false,0.594672
9807,28647,false,0.785192
9807,32613,false,0.468116
9807,36960,false,0.215075
9808,51495,false,0.708519
9808,52604,false,0.668004
9809,22256,false,0.911605
9809,26211,false,0.025671
9809,28100,false,0.841897
9809,56068,false,0.04626
9809,56699,false,0.927398
9810,8151,true,0.385494
9810,8904,true,0.785762
9810,16168,false,0.354094
9810,20255,false,0.036865
9810,54833,false,0.884186
9811,20015,false,0.293639
9813,33570,false,0.037918
9813,51788,false,0.904256
9814,8524,true,0.988737
9814,40979,false,0.614058
9814,44758,false,0.696065
9814,57610,false,0.072226
9815,8478,true,0.171852
9815,59264,false,0.778917
9816,8161,true,0.404296
9816,20625,false,0.778749
9817,16816,false,0.678573
9817,24316,false,0.667581
9817,37911,false,0.928106
9818,58790,false,0.359226
9819,8364,true,0.283118
9819,39077,false,0.042647
9819,43719,false,0.790004
9821,14049,false,0.698044
9821,23761,false,0.293953
9822,8557,true,0.848679
9822,13077,false,0.046874
9822,42993,false,0.306724
9823,8699,true,0.886435
9823,17864,false,0.205803
9824,10073,false,0.444869
9824,44293,false,0.67231
9825,8327,true,0.590191
9825,33049,false,0.80454
9825,45684,false,0.457072
9826,11474,false,0.28721
9826,27695,false,0.88542
9826,56418,false,0.806522
9827,8518,true,0.801601
9827,8620,true,0.324011
9827,13663,false,0.877873
9827,16349,false,0.968275
9827,28064,false,0.802177
9828,17715,false,0.061675
9828,26126,false,0.915379
9828,40969,false,0.066059
9828,58552,false,0.875839
9829,30732,false,0.8856
9830,8647,true,0.853487
9830,30737,false,0.016073
9831,8525,true,0.376855
9831,14571,false,0.952389
9831,23904,false,0.933434
9831,50063,false,0.615775
9831,51914,false,0.799527
9831,53205,false,0.639938
9831,53766,false,0.141013
9832,23593,false,0.904145
9832,30839,false,0.510658
9832,31277,false,0.743278
9833,8991,true,0.171228
9833,19827,false,0.663346
9833,37627,false,0.50691
9833,54790,false,0.90311
9835,47826,false,0.55379
9835,53320,false,0.438239
9836,8052,true,0.790829
9836,54918,false,0.104063
9837,8409,true,0.742215
9837,8639,true,1.008226
9837,8710,true,0.479693
9837,35318,false,0.193777
9837,49629,false,0.45283
9837,58486,false,0.449194
9838,21108,false,0.833613
9838,30617,false,0.177895
9838,48302,false,0.459939
9839,8058,true,0.037937
9839,8984,true,0.12096
9840,40778,false,0.61803
9841,8331,true,0.414224
9841,8417,true,0.728312
9841,28366,false,0.56954
9841,41943,false,0.800923
9841,58677,false,0.402342
9842,8593,true,0.521499
9842,8926,true,0.265128
9842,18538,false,0.362304
9842,18799,false,0.215276
9842,23829,false,0.717588
9842,49154,false,0.058999
9842,57118,false,0.571433
9843,8358,true,0.952938
9843,12554,false,0.189357
9843,16333,false,0.493979
9843,43746,false,0.309229
9843,48367,false,0.452684
9844,30310,false,0.416071
9844,33548,false,0.06206
9845,8783,true,0.511583
9845,14525,false,0.477344
9846,20670,false,0.167536
9846,23855,false,0.562059
9846,25576,false,0.659156
9846,29542,false,1.002379
9847,18138,false,0.52913
9847,22335,false,0.731528
9847,22682,false,0.637124
9847,35067,false,0.485253
9847,59302,false,3.2E-4
9847,59634,false,0.90784
9848,8616,true,0.160914
9848,12128,false,0.987911
9848,12390,false,0.384331
9848,58172,false,0.826608
9849,8155,true,0.585875
9849,8372,true,0.366017
9849,8431,true,0.156353
9849,42680,false,0.763213
9850,25132,false,0.823087
9851,48703,false,0.310534
9852,28751,false,0.294886
9852,37962,false,0.30244
9853,10064,false,0.684601
9853,14971,false,0.631841
9853,17876,false,0.695335
9854,8473,true,0.788137
9854,23121,false,0.21359
9854,24758,false,0.187727
9855,23809,false,0.16919
9855,28810,false,0.545931
9855,33993,false,0.026388
9855,57512,false,0.847118
9856,17160,false,0.869836
9856,40201,false,0.75014
9856,41526,false,0.290207
9856,42995,false,0.912381
9856,56961,false,0.966762
9857,8218,true,0.650949
9857,36066,false,0.958865
9858,10805,false,0.848732
9858,34842,false,0.597382
9858,39358,false,0.390971
9858,53343,false,0.316054
9859,8121,true,0.545506
9859,8353,true,0.758441
9859,22893,false,1.011464
9859,41350,false,0.495434
9860,13282,false,0.520661
9860,43503,false,0.732542
9860,47008,false,0.133936
9860,56782,false,0.89585
9861,57458,false,0.393139
9862,8885,true,0.967931
9862,18845,false,0.131665
9862,22012,false,0.501592
9862,31365,false,0.200196
9862,31736,false,0.766212
9863,23835,false,0.189838
9863,36797,false,0.211383
9863,45258,false,0.23798
9863,50431,false,0.050656
9863,59414,false,0.914183
9864,24442,false,0.342771
9864,42839,false,0.935499
9865,21344,false,0.413325
9865,56006,false,0.796007
9866,24774,false,0.475699
9866,52033,false,0.604043
9867,12460,false,0.250336
9867,45668,false,0.502264
9867,59356,false,0.333591
9868,13281,false,0.989634
9868,16194,false,0.290443
9868,45374,false,0.877843
9868,45425,false,0.42953
9869,15387,false,0.092912
9870,54095,false,0.914965
9871,48972,false,0.325413
9872,11040,false,0.042296
9872,14408,false,0.10315
9872,26348,false,0.681544
9872,28189,false,0.054
9872,58375,false,0.662305
9873,30660,false,0.628453
9873,30852,false,0.788587
9873,51760,false,0.224116
9873,56347,false,0.780482
9874,16422,false,0.255098
9874,28383,false,0.925281
9874,36117,false,0.884243
9874,58434,false,0.082941
9875,8329,true,0.603911
9875,31885,false,0.325693
9875,43494,false,0.503336
9875,59629,false,0.465196
9876,8142,true,0.714485
9876,47646,false,0.253534
9877,8941,true,0.445919
9877,57323,false,0.256906
9878,8232,true,0.876966
9878,18982,false,0.440042
9878,23334,false,0.125307
9878,44592,false,0.411298
9878,49199,false,0.426238
9879,38409,false,0.876488
9880,8615,true,0.184377
9880,17921,false,0.898334
9880,43521,false,0.414057
9880,51856,false,0.399836
9880,53883,false,0.509791
9881,22107,false,0.113997
9881,25457,false,0.930908
9881,28793,false,0.228135
9881,52491,false,0.377696
9881,54434,false,0.574675
9882,11571,false,0.954676
9882,13913,false,1.00793
9883,8112,true,0.310814
9883,8544,true,0.126154
9883,21869,false,0.461903
9883,25275,false,0.856562
9883,29744,false,0.395928
9883,34802,false,0.330159
9884,42559,false,0.888397
9884,48728,false,0.797609
9886,8022,true,0.803146
9886,8443,true,0.800989
9886,24975,false,0.816604
9886,45443,false,0.450681
9886,47744,false,0.383669
9886,55022,false,0.768437
9887,8629,true,0.274117
9887,8723,true,0.541899
9887,16289,false,0.186743
9887,21470,false,0.128915
9887,33091,false,0.768617
9887,40757,false,0.721605
9887,42306,false,0.38465
9887,46734,false,0.705862
9888,29601,false,0.96802
9889,20115,false,0.615329
9889,29863,false,0.749054
9889,49465,false,0.357153
9889,51308,false,0.622506
9890,15139,false,0.592021
9890,19849,false,0.162037
9891,18648,false,0.641289
9891,20529,false,0.157553
9892,14138,false,0.832896
9892,22341,false,0.049849
9892,38037,false,0.22798
9892,50424,false,0.218688
9893,15564,false,0.416204
9893,24209,false,0.859914
9893,41793,false,0.374687
9893,50251,false,0.653458
9893,51849,false,0.280469
9894,32112,false,0.155697
9894,53415,false,0.164145
9894,59844,false,0.904338
9895,27793,false,1.00378
9895,39083,false,0.22581
9895,41905,false,0.352868
9896,8657,true,0.831565
9896,28804,false,0.497722
9896,50722,false,0.238907
9896,58825,false,0.786403
9897,34713,false,0.523004
9898,8214,true,0.362102
9898,10335,false,0.267317
9899,8724,true,0.738941
9899,34815,false,0.193159
9900,11694,false,0.699636
9900,26118,false,0.569009
9900,37049,false,0.803089
9900,45203,false,0.99321
9900,52224,false,0.734196
9900,53774,false,0.491809
9901,8637,true,0.773667
9901,22087,false,0.235041
9901,32161,false,0.944338
9901,36847,false,0.299089
9901,57689,false,0.760296
9902,36587,false,0.147915
9902,40761,false,0.709288
9903,32666,false,0.599986
9903,47533,false,0.822729
9903,48107,false,0.697181
9904,23454,false,0.535488
9904,29339,false,0.037381
9905,11174,false,0.205636
9905,43017,false,0.865929
9905,57952,false,0.414165
9907,38548,false,0.83876
9907,39848,false,0.863854
9907,57956,false,0.512608
9908,36222,false,0.834576
9908,42566,false,0.412628
9908,57821,false,0.019278
9911,17875,false,0.29855
9911,21567,false,0.221163
9911,23570,false,0.50182
9913,33790,false,0.099228
9913,52193,false,0.864237
9914,11129,false,0.586764
9914,43483,false,0.52968
9914,43927,false,0.181852
9914,46124,false,0.09395
9914,51378,false,0.377695
9915,11227,false,0.499373
9915,13180,false,0.778561
9915,54999,false,0.986653
9916,21724,false,0.3789
9916,22125,false,0.286816
9916,33497,false,0.036379
9916,35219,false,0.674184
9916,37865,false,0.061827
9917,15353,false,0.796118
9917,46755,false,0.75148
9918,26325,false,0.164589
9918,59492,false,1.005992
9919,22257,false,0.498525
9919,35043,false,0.178613
9920,16372,false,0.407294
9920,18649,false,0.878867
9921,21685,false,0.576127
9921,26404,false,0.834572
9921,40646,false,0.606193
9922,11079,false,0.072087
9922,26534,false,0.698343
9923,11304,false,0.767806
9923,25036,false,0.881961
9925,19238,false,0.359203
9925,22043,false,0.993858
9925,42530,false,0.720487
9925,51899,false,0.384333
9926,44672,false,0.455963
9926,46763,false,0.484411
9926,47534,false,0.89791
9928,40847,false,0.890992
9928,41478,false,0.485245
9929,34750,false,0.895148
9929,44583,false,0.832092
9929,57004,false,0.962163
9931,10466,false,0.500039
9931,24416,false,0.588287
9931,50717,false,0.563699
9932,8994,true,0.985417
9932,15072,false,0.105796
9932,28844,false,0.25862
9932,36718,false,0.476244
9934,25651,false,0.724074
9934,35814,false,0.56607
9934,58086,false,0.996836
9935,8613,true,0.449842
9935,8786,true,0.200213
9935,26308,false,0.149386
9935,56726,false,0.624057
9936,22615,false,0.569857
9936,34278,false,0.315253
9937,10776,false,0.596805
9937,12377,false,0.789461
9937,30939,false,0.901438
9937,34665,false,0.641251
9937,49420,false,0.289817
9938,27571,false,0.242206
9938,32034,false,0.071879
9938,50216,false,0.237106
9938,51505,false,0.715057
9939,11762,false,0.436534
9939,40185,false,0.507365
9939,48716,false,0.932527
9940,30249,false,0.642655
9940,37990,false,0.867353
9940,48480,false,0.742452
9941,48549,false,0.886691
9941,53850,false,0.257952
9942,12877,false,0.267407
9942,47806,false,0.040558
9942,50944,false,0.419118
9942,58898,false,0.032714
9943,20586,false,0.845491
9943,47389,false,0.54591
9944,12006,false,0.454366
9944,21743,false,0.822488
9944,27569,false,0.802615
9944,37231,false,0.59228
9944,54420,false,0.620878
9945,16661,false,0.789477
9945,24589,false,0.526249
9945,26049,false,0.181638
9945,33423,false,0.777118
9945,35682,false,0.916464
9945,56597,false,0.730655
9946,36432,false,0.014875
9946,38744,false,0.185135
9946,41798,false,0.074951
9947,29409,false,0.834432
9947,47528,false,0.675498
9947,50072,false,0.658613
9947,58880,false,0.955396
9948,20256,false,0.943557
9948,29586,false,0.592636
9948,49959,false,0.460242
9949,27727,false,0.335593
9949,30451,false,0.315015
9949,31948,false,0.262623
9949,35776,false,0.839669
9950,13389,false,0.632934
9950,41850,false,0.255058
9950,42160,false,0.256129
9951,22964,false,0.58683
9951,24088,false,0.773298
9951,28612,false,0.138836
9951,47414,false,0.899912
9951,47945,false,0.115504
9952,14813,false,0.737377
9953,13368,false,0.989803
9953,39173,false,0.370932
9953,45944,false,0.427978
9954,26851,false,0.402156
9954,47220,false,0.328655
9955,43657,false,0.163744
9956,13699,false,0.24941
9956,39847,false,0.264307
9958,16811,false,0.748514
9958,50650,false,0.257259
9959,49837,false,0.410387
9959,52096,false,0.231849
9961,12972,false,0.085971
9961,34365,false,0.301972
9961,44798,false,0.995906
9961,45201,false,0.667532
9962,35246,false,0.753491
9963,14352,false,0.186751
9963,32795,false,0.631604
9963,57232,false,0.210619
9964,14875,false,0.208814
9964,27364,false,0.611256
9964,41695,false,0.262782
9964,50457,false,0.392653
9964,53688,false,0.027095
9966,15252,false,0.220715
9966,18269,false,0.833073
9966,19717,false,0.212232
9967,52993,false,0.67452
9968,26539,false,0.123609
9968,41141,false,0.391172
9968,51242,false,0.30358
9968,57190,false,0.566099
9969,30265,false,0.214706
9970,14739,false,0.350589
9970,18811,false,0.043286
9970,32264,false,0.880879
9971,15633,false,0.740024
9971,38350,false,0.766675
9971,55602,false,0.672485
9971,57303,false,0.485075
9972,17578,false,0.781395
9972,41344,false,0.586093
9972,50011,false,0.855751
9972,53956,false,0.121503
9972,55487,false,0.730779
9972,58940,false,0.095368
9974,53651,false,0.941071
9975,17316,false,0.624243
9975,24116,false,0.462779
9975,55099,false,0.805705
9976,10691,false,0.362005
9976,16997,false,0.748619
9976,21244,false,0.011941
9976,43192,false,0.578095
9977,31687,false,0.321744
9977,52524,false,0.685732
9978,22977,false,0.308925
9978,25903,false,0.51177
9978,40942,false,0.551701
9979,14231,false,0.646692
9981,32664,false,0.196632
9981,42305,false,0.248963
9982,21252,false,0.714007
9982,29104,false,0.179184
9982,50122,false,0.416463
9982,53164,false,0.108222
9982,59943,false,0.585529
9983,20898,false,0.817241
9985,47750,false,0.111773
9986,26952,false,0.739179
9986,46251,false,0.375533
9988,16856,false,0.908146
9988,27007,false,0.569339
9989,10033,false,0.918888
9990,14865,false,0.490832
9990,56295,false,0.113223
9991,12164,false,0.380752
9991,51007,false,0.674634
9992,31077,false,0.50847
9992,45284,false,0.986525
9992,50448,false,0.332299
9992,51659,false,0.215936
9993,45643,false,0.930247
9993,58230,false,0.682052
9994,15645,false,0.39556
9994,20903,false,0.714008
9995,38544,false,0.598817
9995,48812,false,0.224102
9995,55674,false,0.764219
9995,58951,false,0.990042
9996,38323,false,0.343321
9996,51723,false,0.015011
9996,58442,false,0.914332
9997,19812,false,0.612831
9997,28831,false,0.362154
9997,29963,false,0.286831
9997,40506,false,0.325237
9997,47704,false,0.405498
9998,27297,false,0.878272
9999,19670,false,0.241452
9999,26773,false,0.585412
10000,27652,false,0.808102
10000,34434,false,0.618387
10001,22711,false,0.327334
10002,21897,false,0.600884
10002,26530,false,0.844926
10002,43886,false,0.688332
10003,32790,false,0.035173
10003,53352,false,0.116892
10004,16343,false,0.620072
10004,35315,false,0.822006
10004,57193,false,0.822739
10005,30045,false,0.818715
10007,39590,false,0.981926
10008,20967,false,0.764154
10008,30926,false,0.868958
10008,33280,false,0.592472
10008,36782,false,0.864598
10008,46198,false,0.435457
10009,47419,false,0.648197
10009,57530,false,0.086361
10010,18273,false,0.163704
10011,42608,false,0.629439
10012,56524,false,0.388493
10013,26406,false,0.241003
10013,58246,false,0.224013
10015,13295,false,0.922364
10015,27335,false,0.647199
10015,52484,false,0.945583
10016,25608,false,0.110042
10016,49255,false,0.066116
10017,10810,false,0.151053
10017,11558,false,0.361916
10018,39731,false,0.447817
10018,42868,false,0.775128
10018,47063,false,0.158993
10018,49282,false,0.587143
10019,16009,false,0.269832
10019,21092,false,0.920989
10019,51404,false,0.015547
10020,30068,false,0.726265
10021,20828,false,0.868177
10021,21306,false,0.183607
10021,25510,false,0.406151
10021,49498,false,0.554951
10022,16984,false,0.927604
10023,18731,false,0.5303
10025,33658,false,0.298627
10025,56968,false,0.218697
10026,18049,false,0.351109
10026,43241,false,0.594163
10026,50795,false,0.510695
10026,54665,false,0.956417
10026,55701,false,0.533595
10027,11437,false,0.905587
10027,33656,false,0.364165
10027,34972,false,0.650563
10027,55865,false,0.261423
10029,14925,false,0.426584
10029,31501,false,0.031283
10029,47195,false,0.528288
10030,21740,false,0.332516
10031,13324,false,0.505229
10031,39812,false,0.16994
10031,48512,false,0.978432
10031,52512,false,0.135381
10033,18708,false,0.327473
10033,48419,false,0.134893
10034,11587,false,0.301578
10035,19740,false,0.847538
10035,31241,false,0.289001
10035,50745,false,0.518938
10036,24330,false,0.38328
10036,36697,false,0.749822
10036,52182,false,1.053361
10037,47054,false,0.739447
10037,52700,false,0.538268
10038,56387,false,0.17196
10039,17883,false,1.0609
10040,13651,false,0.635264
10040,20104,false,0.502816
10040,47803,false,0.264548
10040,48690,false,0.56092
10040,55103,false,0.861235
10041,29448,false,0.8622
10042,10395,false,0.156319
10042,32744,false,0.79353
10042,57029,false,0.5042
10043,12358,false,0.702143
10043,20400,false,0.70238
10043,26666,false,0.889677
10043,26717,false,0.266784
10044,46520,false,0.08125
10045,45485,false,0.777109
10046,16814,false,0.923273
10046,19009,false,0.435455
10047,33625,false,0.172242
10047,34252,false,0.866167
10047,42448,false,0.955094
10048,12952,false,0.458246
10048,22311,false,0.459387
10048,29571,false,0.705081
10048,58637,false,0.38978
10049,13048,false,0.743113
10049,47728,false,0.831122
10050,20351,false,0.172849
10050,31345,false,0.865715
10051,8742,true,0.687281
10051,12008,false,0.510488
10052,11953,false,0.316089
10053,16794,false,0.212857
10053,35440,false,0.715817
10053,47927,false,0.178406
10053,52359,false,0.457234
10054,38998,false,0.143084
10055,12936,false,0.211684
10055,15497,false,0.411524
10055,58254,false,0.730766
10056,35649,false,0.950005
10056,39867,false,0.115596
10056,40764,false,0.403552
10057,19683,false,0.702229
10057,22057,false,0.982498
10057,54953,false,0.402786
10058,36327,false,0.772693
10058,56408,false,0.08487
10059,50681,false,0.804629
10060,10902,false,0.538274
10060,16108,false,0.620183
10060,36316,false,0.838759
10061,28073,false,0.400841
10061,56531,false,0.953519
10062,12130,false,0.356787
10062,24624,false,0.744452
10062,26954,false,0.558955
10063,8203,true,0.079968
10063,8609,true,0.664073
10063,27035,false,0.559213
10064,8826,true,0.852873
10064,12765,false,0.65536
10065,20590,false,0.002097
10065,37447,false,0.935492
10065,37535,false,0.720748
10065,39352,false,0.289173
10065,40987,false,0.549443
10066,12218,false,0.895645
10067,12372,false,0.305193
10067,58288,false,0.619454
10068,11591,false,0.15073
10068,17901,false,0.046925
10070,19225,false,0.39996
10071,34137,false,0.92736
10071,36306,false,0.662029
10072,56453,false,0.059283
10073,8407,true,0.812792
10073,18356,false,0.500061
10073,24073,false,0.386224
10073,45235,false,0.363551
10073,49694,false,0.761493
10073,49717,false,0.42076
10076,13390,false,0.50829
10076,20711,false,0.312154
10078,24420,false,0.173793
10078,30030,false,0.642871
10078,50307,false,0.980899
10080,8570,true,0.63791
10080,32484,false,0.104134
10080,59137,false,0.297637
10081,8263,true,0.598446
10081,8441,true,0.330111
10082,21788,false,0.647643
10082,57510,false,0.95561
10083,8217,true,0.686817
10083,8687,true,0.769435
10083,12651,false,0.830596
10083,53926,false,0.030984
10084,42970,false,0.639698
10085,41537,false,0.529705
10085,51458,false,0.468133
10085,51627,false,0.084636
10085,53321,false,0.011161
10085,57344,false,0.533456
10086,10683,false,0.835229
10086,35820,false,0.140737
10087,24553,false,0.135971
10087,47567,false,0.096496
10088,16109,false,0.531178
10088,51866,false,0.176455
10089,8585,true,0.635437
10089,14110,false,0.12696
10089,17719,false,0.015915
10089,28371,false,1.008246
10089,29201,false,0.840192
10089,41581,false,0.607527
10089,48975,false,0.441393
10090,8962,true,0.636179
10090,15891,false,0.847421
10090,24608,false,0.772369
10090,38742,false,0.722182
10091,47325,false,0.039995
10092,8127,true,0.81275
10092,27034,false,0.747833
10092,27614,false,0.735327
10092,44700,false,0.339644
10092,45199,false,0.336103
10093,8510,true,0.274803
10093,12650,false,0.727238
10093,30612,false,0.927707
10094,8086,true,0.995396
10094,14316,false,0.242961
10094,49444,false,0.120124
10094,54636,false,0.977024
10096,47729,false,0.176485
10097,29016,false,0.039825
10097,42020,false,0.17444
10097,52108,false,0.723295
10098,22059,false,0.651253
10098,32864,false,0.354865
10098,39374,false,0.928066
10098,54424,false,0.835463
10099,18637,false,0.572877
10099,30225,false,0.570726
10099,45705,false,0.184837
10101,22264,false,0.679837
10102,23455,false,0.693555
10102,31624,false,0.753674
10102,38039,false,0.489491
10102,38887,false,0.782569
10102,54271,false,0.033759
10103,8702,true,0.623297
10103,12083,false,0.467374
10103,13552,false,0.345659
10105,36811,false,0.839893
10105,55542,false,0.500993
10105,59060,false,0.836917
10105,59637,false,0.140591
10106,41762,false,0.477301
10106,54728,false,0.743793
10106,54973,false,0.147518
10106,59102,false,0.347854
10107,15018,false,0.647854
10107,47815,false,0.315818
10107,50616,false,0.452065
10108,33634,false,0.073228
10109,14185,false,0.015671
10109,14418,false,0.418055
10109,23156,false,0.387808
10109,38715,false,0.02257
10109,53360,false,0.479795
10109,58849,false,0.993411
10110,24108,false,0.863666
10111,17187,false,0.775073
10111,37522,false,0.051814
10112,26547,false,0.862622
10112,57411,false,0.600294
10115,20263,false,0.116579
10115,33614,false,0.443522
10115,37465,false,0.895107
10116,22551,false,0.695985
10116,37565,false,0.239496
10117,28919,false,0.33005
10117,44471,false,0.708732
10119,16375,false,0.773918
10119,37884,false,0.995688
10120,38934,false,0.999253
10121,35511,false,0.585194
10121,41408,false,0.200397
10121,59585,false,0.196336
10122,34256,false,0.930409
10122,36076,false,0.563737
10123,20163,false,0.215802
10123,51946,false,0.008589
10124,13143,false,0.598499
10124,31617,false,0.438117
10124,32730,false,0.609632
10125,8194,true,0.426628
10125,8982,true,0.430348
10125,15733,false,0.735728
10125,32422,false,0.814433
10126,8005,true,0.929627
10126,8565,true,0.241996
10126,8772,true,0.32756
10126,24176,false,3.22E-4
10126,30232,false,0.211183
10126,55808,false,0.10777
10127,8349,true,0.03167
10127,14607,false,0.709889
10127,20669,false,0.652617
10127,55584,false,0.175799
10128,8552,true,0.243225
10130,40937,false,0.357978
10130,42115,false,0.34114
10130,53477,false,0.57637
10131,12302,false,0.207854
10131,25353,false,0.510306
10131,47016,false,0.818031
10131,55980,false,0.382836
10132,23448,false,0.440033
10132,49141,false,0.19807
10133,8098,true,0.614729
10133,8655,true,0.373181
10133,31137,false,0.583597
10133,40353,false,0.798463
10134,8271,true,0.557756
10134,21063,false,0.857305
10134,48903,false,0.938498
10135,8373,true,0.41164
10135,38607,false,0.383731
10136,8531,true,0.77875
10136,54035,false,0.402323
10137,25791,false,0.757124
10137,31974,false,0.88338
10137,47108,false,0.576957
10138,35666,false,0.539525
10139,23016,false,0.850587
10139,49231,false,0.655965
10140,10067,false,0.882904
10140,11740,false,0.753184
10140,48664,false,0.190192
10140,59961,false,0.756612
10141,12873,false,0.346356
10141,36132,false,0.574828
10141,43316,false,0.57105
10141,47811,false,0.710427
10142,26328,false,0.065936
10142,47956,false,0.535927
10143,45574,false,0.166538
10144,12758,false,0.713876
10144,14032,false,0.214996
10144,43897,false,0.877136
10144,57293,false,0.124151
10144,59347,false,0.198645
10145,13083,false,0.079855
10145,21307,false,0.253531
10145,41541,false,0.455167
10145,43015,false,0.08095
10145,49674,false,0.922914
10145,50389,false,0.933273
10146,22388,false,0.612428
10146,30469,false,0.373559
10146,48016,false,0.964968
10146,57871,false,0.620734
10147,23790,false,0.499533
10147,27127,false,0.171494
10147,42123,false,0.480255
10147,44040,false,0.112008
10148,11903,false,0.193672
10148,52845,false,0.255588
10149,30148,false,0.03069
10149,38920,false,0.443375
10149,57036,false,0.344247
10150,36140,false,0.026628
10150,36199,false,0.034525
10150,49105,false,0.934772
10151,33932,false,0.804557
10152,47643,false,0.064927
10153,42040,false,0.60973
10154,28661,false,0.04179
10154,50677,false,0.843718
10155,31738,false,0.575962
10156,22508,false,0.777947
10156,35627,false,0.34028
10156,58074,false,0.099163
10157,21391,false,0.734788
10157,39758,false,0.678644
10157,40153,false,0.694804
10159,10608,false,0.764058
10159,31405,false,0.08642
10160,30335,false,0.288709
10160,57144,false,0.926266
10161,13109,false,0.096414
10161,18512,false,0.19511
10161,34134,false,0.479446
10162,23780,false,0.972087
10162,42405,false,0.117971
10163,55462,false,0.498208
10164,39409,false,0.625019
10164,41690,false,0.826783
10164,51282,false,0.681873
10164,53556,false,0.226442
10165,16584,false,0.066044
10165,57189,false,0.789037
10165,59042,false,0.583974
10166,11380,false,0.301669
10166,32019,false,0.521007
10166,44243,false,0.574435
10166,44250,false,0.763525
10167,35533,false,0.983495
10167,36716,false,0.068675
10167,58016,false,0.970917
10168,11477,false,0.09212
10168,51702,false,0.833523
10169,12149,false,0.42625
10169,18178,false,0.162574
10169,29874,false,0.38249
10169,45498,false,0.130148
10170,43149,false,0.525927
10170,47915,false,0.735906
10170,54734,false,0.679401
10170,59178,false,0.141817
10171,12011,false,0.350687
10171,17806,false,0.847815
10171,34647,false,0.89457
10171,40052,false,0.063443
10172,11563,false,0.492743
10173,20217,false,0.097928
10173,26548,false,0.391938
10173,45733,false,0.035779
10173,51470,false,0.250332
10174,26572,false,0.316793
10174,27619,false,0.604317
10175,34330,false,0.772706
10175,43380,false,0.496952
10175,57216,false,0.18584
10176,21844,false,0.064382
10176,34396,false,0.350744
10178,21372,false,0.678046
10178,22142,false,0.033881
10178,41552,false,0.665043
10178,45751,false,0.008745
10179,11084,false,0.443909
10179,18994,false,0.482921
10179,23661,false,0.684505
10180,18886,false,0.622387
10180,31693,false,0.099832
10181,8916,true,0.434209
10181,38324,false,0.687101
10182,19494,false,0.677994
10182,27833,false,0.149319
10182,32737,false,0.014079
10182,57408,false,0.803908
10183,8024,true,0.945224
10183,8476,true,0.02372
10183,22313,false,0.827637
10183,23053,false,0.565343
10184,8808,true,0.801414
10184,25524,false,0.011615
10185,14839,false,0.913937
10185,39304,false,0.024891
10185,41338,false,0.231237
10185,47239,false,0.432546
10186,8158,true,0.801463
10186,8313,true,0.813789
10186,8751,true,0.596745
10187,8767,true,0.987111
10187,8987,true,0.279578
10187,10147,false,0.937272
10188,36953,false,0.059009
10188,45557,false,0.935056
10188,55452,false,0.193711
10188,58771,false,0.427219
10189,39964,false,0.133358
10189,42759,false,0.03115
10189,43942,false,0.412569
10189,53219,false,0.706468
10190,28686,false,0.149518
10190,43106,false,0.497417
10191,24794,false,0.353577
10192,19847,false,0.494689
10192,30382,false,0.557063
10193,48680,false,0.960088
10194,27594,false,0.271825
10194,29123,false,0.720732
10194,49469,false,0.319622
10196,10092,false,0.083444
10196,58632,false,0.986566
10197,46476,false,0.104112
10197,48538,false,0.849694
10198,8013,true,0.131684
10199,8442,true,0.585661
10199,8447,true,0.749149
10199,10035,false,0.642249
10199,14482,false,0.311393
10199,24304,false,0.89442
10199,31876,false,0.883215
10200,14142,false,0.829516
10201,8534,true,0.336247
10201,24540,false,0.262394
10201,31786,false,0.38198
10201,32399,false,0.746096
10201,43735,false,0.489276
10201,48522,false,0.044153
10202,29946,false,0.033994
10202,56923,false,0.424782
10203,18335,false,0.641168
10203,34884,false,0.494017
10203,59180,false,0.493547
10204,16596,false,0.042931
10204,29843,false,0.099962
10204,31520,false,0.297918
10204,49851,false,0.758045
10204,56612,false,0.051055
10205,20564,false,0.214548
10205,23253,false,0.626255
10205,30625,false,0.559213
10205,52507,false,0.56909
10206,8328,true,0.050741
10206,8383,true,0.825126
10206,22293,false,0.642452
10207,8445,true,0.214124
10207,22885,false,0.303643
10208,8482,true,0.547057
10208,8788,true,0.957047
10208,10553,false,0.535742
10208,23436,false,0.831751
10208,32476,false,0.450216
10209,8979,true,0.091888
10209,31825,false,0.995015
10210,8205,true,0.337303
10210,8262,true,0.280317
10210,26707,false,0.535404
10210,28706,false,0.057979
10211,10278,false,0.260924
10211,48528,false,0.598121
10213,8586,true,0.61518
10213,20055,false,0.748212
10213,33170,false,0.950399
10214,20470,false,0.501349
10214,35268,false,0.864322
10214,46475,false,0.886375
10215,13570,false,1.017659
10215,26132,false,0.049476
10215,42799,false,0.820865
10215,54902,false,0.882872
10216,8956,true,0.762443
10216,21286,false,0.117082
10217,8292,true,0.050317
10217,27132,false,0.467411
10217,58488,false,0.825147
10218,14240,false,0.922672
10218,17541,false,0.427374
10218,35220,false,0.578498
10219,11426,false,0.386209
10219,25985,false,0.849484
10220,10676,false,0.347737
10220,14843,false,0.598408
10220,40638,false,0.900973
10221,8169,true,0.504709
10221,8603,true,0.530173
10221,18612,false,0.871904
10221,19984,false,0.377684
10221,38124,false,0.46321
10221,40485,false,0.239077
10221,42947,false,0.888627
10221,58310,false,0.829463
10221,59708,false,0.486473
10222,8698,true,0.652
10222,17897,false,0.175112
10222,29488,false,0.220761
10222,45128,false,0.032141
10222,49749,false,0.792632
10223,20767,false,0.259499
10224,8176,true,0.280053
10224,10115,false,0.567049
10224,21044,false,0.573657
10224,35588,false,0.697315
10224,39658,false,0.780329
10225,8939,true,0.898643
10225,39388,false,0.94332
10225,41677,false,0.935877
10226,8528,true,0.348485
10226,52536,false,0.289083
10227,45174,false,0.205181
10227,57358,false,0.26326
10228,8999,true,0.19072
10228,32434,false,0.630449
10228,34519,false,0.340036
10228,42510,false,0.117985
10229,8807,true,0.078191
10229,8882,true,0.629454
10229,23614,false,0.819468
10229,47687,false,0.65098
10229,59856,false,0.892237
10230,8878,true,0.162115
10230,8951,true,0.894956
10230,23702,false,0.698944
10230,47626,false,0.088907
10231,44291,false,0.496601
10232,51989,false,0.049128
10232,56802,false,0.23593
10233,8029,true,0.24954
10233,8571,true,0.60598
10234,36174,false,0.181223
10234,46340,false,0.755709
10234,48289,false,0.969247
10235,8296,true,0.10408
10235,12620,false,0.238379
10235,52157,false,0.684657
10235,55444,false,0.318843
10236,8253,true,0.925997
10236,8676,true,0.267021
10236,44176,false,0.909173
10237,8674,true,0.89181
10237,26150,false,1.00203
10237,36631,false,0.802728
10237,51360,false,0.148863
10237,58747,false,0.422947
10238,58912,false,0.08177
10239,13707,false,0.368142
10240,18900,false,0.459072
10240,28382,false,0.515682
10240,31868,false,0.90001
10241,8385,true,0.228498
10241,8701,true,0.752399
10241,48665,false,0.401999
10241,49355,false,0.504149
10242,8038,true,0.243012
10243,8814,true,0.252734
10243,35897,false,0.64184
10244,26104,false,0.611022
10244,44348,false,0.180398
10245,39298,false,0.945054
10245,42960,false,0.513455
10245,47167,false,0.0372
10245,48445,false,0.544799
10246,47207,false,0.160806
10246,49593,false,0.188407
10247,48561,false,0.76025
10248,13309,false,0.602134
10248,14005,false,0.56034
10249,14973,false,0.087751
10249,44028,false,0.599176
10250,45596,false,0.305254
10251,40559,false,0.013103
10251,47965,false,0.904401
10253,55429,false,1.005724
10254,48399,false,0.519437
10254,59631,false,0.145303
10255,51908,false,0.657725
10256,2187,true,0.853691
10256,2269,true,0.643843
10256,2525,true,0.972612
10256,11203,false,0.134609
10256,18705,false,0.25049
10258,2869,true,0.144622
10258,25002,false,0.558343
10258,35405,false,0.586015
10259,16949,false,0.934196
10259,30295,false,0.184714
10260,2037,true,0.725503
10260,2661,true,0.493387
10260,2980,true,0.281295
10260,52892,false,0.75477
10261,55397,false,0.205305
10261,55556,false,1.003181
10261,58720,false,0.489686
10262,10429,false,0.643722
10262,55891,false,0.375899
10262,58121,false,0.213417
10262,58400,false,0.791637
10263,2113,true,0.555623
10263,18600,false,0.499958
10263,21408,false,0.598307
10264,2420,true,0.832412
10264,9236,true,0.650995
10264,9275,true,0.644799
10264,20583,false,0.303999
10264,51060,false,0.911134
10265,9787,true,0.058178
10265,9829,true,0.638183
10265,9907,true,0.520442
10265,38415,false,0.029152
10265,48936,false,0.256539
10266,9753,true,0.860126
10266,17529,false,0.340059
10267,2853,true,0.617364
10267,9536,true,0.611205
10267,9538,true,0.602639
10267,9617,true,0.502359
10267,9837,true,0.683585
10267,11920,false,0.96575
10267,45151,false,0.721676
10267,47714,false,0.417081
10267,48644,false,0.002634
10268,18333,false,0.267672
10269,9217,true,0.193609
10269,9258,true,0.296063
10269,9516,true,0.767585
10269,10990,false,0.757939
10269,11657,false,0.92241
10269,27953,false,0.954551
10269,37092,false,0.620489
10269,41614,false,0.824106
10270,2431,true,0.625575
10270,15875,false,0.501465
10270,47426,false,0.935748
10270,49349,false,0.992198
10271,9807,true,0.224568
10271,9818,true,0.913784
10271,24089,false,0.695302
10272,23760,false,0.501429
10272,26992,false,0.392358
10272,29310,false,0.403943
10273,2145,true,0.654522
10273,2786,true,0.40908
10273,9247,true,0.357806
10273,9508,true,0.117663
10273,17735,false,0.638867
10273,54383,false,0.442245
10273,56522,false,0.697574
10274,2271,true,0.53436
10274,2665,true,0.445217
10274,2994,true,0.374837
10274,9088,true,0.647941
10274,9809,true,0.473075
10274,9812,true,0.598879
10274,9873,true,0.336798
10274,40002,false,0.712278
10275,2323,true,0.941662
10275,9449,true,0.927732
10275,9452,true,0.288362
10275,31669,false,0.089402
10275,50042,false,0.373247
10276,9961,true,0.531337
10276,30548,false,0.482632
10277,2910,true,0.099726
10277,9519,true,0.940741
10277,9814,true,0.456141
10277,10384,false,0.067659
10278,2355,true,0.761931
10278,9278,true,0.239718
10278,9308,true,0.49243
10278,9578,true,0.337487
10278,9813,true,0.984804
10278,12624,false,0.225673
10278,24784,false,1.001616
10278,34087,false,0.275184
10278,41571,false,0.850328
10279,23322,false,0.663169
10279,34524,false,0.655958
10279,35050,false,0.291871
10280,9432,true,0.575366
10280,9435,true,0.632919
10280,9805,true,0.134395
10280,17689,false,0.860286
10280,46796,false,0.004652
10281,2376,true,0.674367
10281,2396,true,0.336629
10281,9482,true,0.421714
10281,9869,true,0.66129
10282,9224,true,0.358624
10282,9401,true,0.872687
10282,9434,true,0.267657
10282,15547,false,0.865349
10282,30156,false,0.048033
10282,42909,false,0.413238
10283,2264,true,0.075126
10283,9006,true,0.32692
10283,9225,true,0.703405
10283,9421,true,0.97729
10283,9991,true,0.176286
10283,18073,false,0.273101
10283,25253,false,0.034471
10283,57937,false,0.822778
10283,58504,false,0.942008
10284,2629,true,0.218364
10284,2673,true,0.810694
10284,9394,true,0.342168
10284,41274,false,0.974998
10284,58553,false,0.535685
10285,2286,true,0.699136
10285,2322,true,0.830906
10285,2545,true,0.908034
10285,9963,true,0.322562
10285,12908,false,0.123006
10285,33788,false,0.78034
10285,40572,false,0.815228
10286,2726,true,0.777474
10286,9104,true,0.805889
10286,9561,true,0.256444
10286,9763,true,0.029965
10286,21541,false,0.627812
10286,22984,false,0.652946
10286,47083,false,0.095163
10287,9759,true,0.785047
10287,9908,true,0.558436
10287,12431,false,0.039733
10287,23569,false,0.500991
10287,36557,false,0.525558
10287,46681,false,0.36582
10288,9438,true,0.262439
10288,24346,false,0.596187
10289,2503,true,0.160107
10289,9100,true,0.280054
10289,52449,false,0.129782
10290,6379,true,0.329063
10290,29960,false,0.37389
10290,32918,false,0.425466
10291,2780,true,0.92736
10291,14613,false,0.706654
10291,23039,false,0.232642
10292,2087,true,0.23176
10292,2400,true,0.977484
10292,9775,true,0.31706
10292,14709,false,0.513453
10292,18877,false,0.024251
10293,6310,true,0.192302
10293,6403,true,0.065659
10293,6444,true,0.462662
10293,9019,true,0.423078
10293,9828,true,0.348171
10293,29159,false,0.60101
10293,51797,false,0.653079
10294,2405,true,0.192787
10294,6577,true,0.188853
10294,13246,false,0.712078
10294,28544,false,0.34229
10294,54385,false,0.875623
10295,6337,true,0.25134
10295,9389,true,0.660932
10295,43898,false,0.688049
10295,53867,false,0.935866
10296,2856,true,0.392348
10296,6996,true,0.830637
10296,54174,false,0.401404
10297,2756,true,0.649951
10297,2838,true,0.347753
10297,25980,false,0.875127
10297,51263,false,0.707495
10297,52538,false,0.087256
10298,6276,true,0.607434
10298,6521,true,0.562659
10299,2820,true,0.926176
10299,9267,true,0.598574
10299,9863,true,0.372158
10299,9892,true,0.238037
10299,30067,false,0.480715
10300,6626,true,0.645455
10300,6941,true,0.186308
10300,10993,false,0.970288
10300,11464,false,0.294487
10300,30676,false,0.350378
10300,41724,false,0.307894
10300,43721,false,0.406636
10301,2300,true,0.422187
10301,6471,true,0.776601
10301,6555,true,0.908829
10301,6578,true,0.148045
10301,13531,false,0.709491
10301,14860,false,0.418186
10301,20302,false,0.476119
10302,2251,true,0.446093
10302,9705,true,0.169303
10303,2330,true,0.75118
10303,6914,true,0.652517
10303,9888,true,0.588221
10303,9894,true,0.204348
10303,12965,false,0.758701
10304,21433,false,0.579126
10305,28518,false,1.009337
10305,38773,false,0.88536
10305,56259,false,0.352693
10306,29544,false,0.289866
10306,56691,false,0.258643
10307,26728,false,0.438142
10307,28602,false,0.065119
10307,47664,false,0.079194
10308,11055,false,0.804428
10308,42845,false,0.769101
10309,15528,false,0.595403
10309,34193,false,0.899784
10309,50724,false,1.031714
10310,11593,false,0.567583
10310,11675,false,0.359198
10310,14831,false,0.039049
10310,15520,false,0.928786
10310,41897,false,0.560947
10311,13796,false,0.3601
10311,20855,false,0.646612
10311,22678,false,0.617999
10311,24737,false,0.666195
10311,36271,false,0.80367
10312,11058,false,0.485788
10312,38447,false,0.39641
10313,14307,false,0.242299
10313,20437,false,0.131771
10314,11902,false,0.437723
10314,17487,false,0.585674
10314,42567,false,0.548451
10314,54183,false,0.306889
10315,8026,true,0.951206
10315,28740,false,0.5374
10315,34999,false,0.777746
10315,54127,false,0.359419
10316,22505,false,0.38063
10316,28185,false,0.587801
10316,36422,false,0.796539
10316,42045,false,0.219668
10316,57833,false,0.278925
10317,8519,true,0.312904
10317,8901,true,0.410187
10317,8915,true,0.910405
10317,26487,false,0.590198
10317,32388,false,0.595847
10317,52261,false,0.695274
10317,52384,false,0.171993
10318,25650,false,0.587257
10319,21813,false,0.625662
10319,24904,false,0.477179
10319,30291,false,0.537658
10319,56984,false,0.525807
10319,58177,false,0.109161
10320,11133,false,0.055087
10320,12004,false,0.192352
10320,30593,false,0.002735
10321,30811,false,0.736739
10322,8665,true,0.458995
10322,21950,false,0.486726
10322,38538,false,0.562384
10323,18260,false,1.012475
10323,47558,false,0.599928
10323,50288,false,0.673451
10324,8957,true,0.205172
10324,10842,false,0.182072
10325,8553,true,0.423914
10325,26268,false,0.581702
10325,44399,false,0.68242
10325,49495,false,0.380281
10326,8075,true,0.840672
10326,8316,true,0.059868
10326,8700,true,0.230702
10326,13361,false,0.345749
10326,13942,false,0.619977
10326,17968,false,0.796693
10326,18752,false,0.554645
10327,8348,true,0.19714
10327,17330,false,0.280846
10328,8507,true,0.893562
10328,11233,false,0.561009
10328,16484,false,0.235795
10328,31773,false,0.701922
10329,8174,true,1.000697
10329,46343,false,0.004061
10330,8361,true,0.661336
10330,24913,false,0.244209
10330,37083,false,1.007707
10330,55834,false,0.983703
10330,59808,false,0.735964
10331,8662,true,0.619996
10331,35056,false,1.004552
10331,42282,false,0.257678
10332,8251,true,0.309081
10332,30798,false,0.525876
10332,57503,false,0.214891
10333,8932,true,0.514327
10333,11768,false,0.643702
10333,29211,false,0.704855
10333,53911,false,0.207584
10334,10532,false,0.610089
10334,41452,false,0.430325
10334,45797,false,0.255225
10334,51394,false,0.048793
10334,57072,false,0.611471
10335,12611,false,0.669976
10335,21703,false,0.674602
10335,31869,false,0.357093
10335,37762,false,0.548066
10335,39952,false,0.896646
10336,54062,false,0.217961
10336,56947,false,0.397246
10337,8069,true,0.734132
10337,49446,false,0.882518
10338,12612,false,0.822682
10339,15396,false,0.859303
10339,23888,false,0.669892
10339,43339,false,0.425431
10340,37009,false,0.469718
10340,41286,false,0.879043
10340,41684,false,0.318974
10341,11803,false,0.270043
10341,15829,false,0.310493
10341,19935,false,0.78937
10342,12125,false,0.1752
10342,23673,false,0.389925
10343,32577,false,0.711088
10344,41440,false,0.529208
10344,55908,false,0.454879
10345,12278,false,0.404773
10345,15442,false,0.312262
10345,33372,false,0.683281
10347,2628,true,0.788106
10347,12434,false,0.493465
10347,47465,false,0.152169
10347,52158,false,0.445894
10348,2605,true,0.506401
10348,9212,true,0.357832
10348,9603,true,0.814328
10348,9796,true,0.631035
10348,39282,false,0.266813
10348,54063,false,0.481217
10348,56365,false,0.634002
10349,2563,true,0.621289
10349,2975,true,0.933941
10349,19040,false,0.074642
10349,20694,false,0.563501
10349,52321,false,0.255056
10349,55042,false,0.147851
10350,2296,true,0.421905
10350,9639,true,7.84E-4
10350,9855,true,0.986462
10350,12812,false,0.697052
10350,24341,false,0.991399
10350,48787,false,0.211301
10350,52016,false,0.352717
10351,2729,true,0.356132
10351,9140,true,0.583348
10351,9351,true,0.856297
10351,11804,false,0.215674
10351,17675,false,0.061145
10351,40518,false,0.910765
10352,9319,true,0.746874
10352,26579,false,0.614868
10352,28629,false,0.969498
10352,43502,false,0.665925
10352,49433,false,0.949255
10353,9911,true,0.331871
10353,14278,false,0.012586
10353,28298,false,0.873924
10353,28658,false,0.989509
10354,2306,true,0.869419
10354,9094,true,0.036193
10354,9188,true,0.74058
10354,29067,false,0.436485
10354,33578,false,0.65551
10354,49085,false,0.710467
10354,56842,false,0.012725
10355,2778,true,0.939662
10355,9174,true,0.509649
10355,9741,true,0.852319
10355,21060,false,0.116198
10355,23453,false,0.673185
10355,37305,false,0.376339
10356,2468,true,0.730197
10357,2553,true,0.92912
10357,27593,false,0.794748
10357,28178,false,0.97083
10357,36698,false,0.769582
10357,47399,false,0.333925
10358,2354,true,0.062103
10358,2833,true,6.29E-4
10358,9369,true,0.69785
10358,14136,false,0.813658
10358,38401,false,0.865594
10359,40575,false,0.26179
10359,40621,false,0.010009
10360,2353,true,0.317827
10360,9287,true,0.404574
10360,9764,true,0.30424
10360,49111,false,0.514617
10361,9025,true,0.656082
10361,9070,true,0.211951
10361,18748,false,0.821832
10362,2417,true,0.129518
10362,9057,true,0.825903
10362,9103,true,0.76756
10362,42362,false,0.23622
10362,51672,false,0.985343
10363,9161,true,0.377565
10363,9273,true,0.198299
10363,9466,true,0.988275
10363,25251,false,0.244425
10364,2369,true,0.398689
10364,9651,true,0.215012
10364,45997,false,0.354481
10365,2477,true,0.220347
10365,2947,true,0.509147
10365,6286,true,0.438387
10365,6347,true,0.639119
10365,9016,true,0.549241
10365,9331,true,0.775409
10365,9619,true,0.036205
10365,9928,true,0.286416
10365,10180,false,0.90462
10365,16486,false,0.516066
10365,16929,false,0.587408
10365,37927,false,0.656436
10365,44189,false,0.613798
10365,55245,false,0.614825
10366,2263,true,0.499998
10366,26083,false,0.691618
10366,38177,false,0.134046
10367,2714,true,0.936262
10367,9133,true,0.97776
10367,29618,false,0.268264
10367,56199,false,0.868309
10368,6237,true,0.31046
10368,6446,true,0.613196
10368,9086,true,0.547072
10368,9235,true,0.712583
10368,9929,true,0.535385
10368,21768,false,0.008372
10368,40214,false,0.693473
10369,2334,true,0.841639
10369,2527,true,0.470512
10369,2602,true,0.00218
10369,6227,true,0.152782
10369,9440,true,0.718616
10369,9497,true,0.878515
10369,12815,false,0.021876
10369,34375,false,0.549259
10369,40040,false,0.075671
10369,46366,false,0.872857
10370,6808,true,0.188694
10370,26169,false,0.586372
10370,28163,false,0.565107
10370,51988,false,0.104692
10371,2860,true,0.077727
10371,10799,false,0.232386
10371,12262,false,0.01127
10371,17595,false,0.445273
10372,2052,true,0.489415
10372,17671,false,0.211549
10372,19667,false,0.212752
10372,51854,false,0.972614
10373,2842,true,0.462882
10373,6953,true,0.808445
10373,9979,true,0.568715
10373,24707,false,0.399646
10373,27009,false,0.627279
10373,47350,false,0.955631
10373,55663,false,0.603453
10374,6631,true,0.261859
10374,21329,false,0.645342
10374,27877,false,0.158047
10374,34775,false,0.203392
10375,6465,true,0.33229
10376,2407,true,0.960595
10376,6865,true,0.530396
10376,9109,true,0.774894
10376,9540,true,0.478963
10376,38531,false,0.334084
10377,6783,true,0.406044
10377,30334,false,0.739483
10378,6142,true,0.697931
10378,6223,true,0.232663
10378,9461,true,0.105215
10378,9560,true,0.498763
10378,9896,true,0.276217
10378,10999,false,0.968733
10378,28211,false,0.142726
10378,41311,false,0.086535
10379,13742,false,0.148218
10380,2089,true,0.540027
10380,2915,true,0.798793
10380,9417,true,0.280876
10380,9951,true,0.590805
10380,18455,false,0.591711
10381,2070,true,0.345993
10381,2278,true,0.966712
10381,2666,true,0.320188
10381,9184,true,0.475772
10381,48364,false,0.942574
10381,55072,false,0.841468
10382,2015,true,0.137853
10382,2630,true,0.227377
10382,9059,true,0.909526
10382,9355,true,0.666337
10382,11171,false,0.715178
10382,16177,false,0.320914
10382,23157,false,0.427213
10382,27158,false,0.393582
10382,47732,false,0.44444
10383,2905,true,0.894942
10383,2912,true,0.215957
10383,45823,false,0.997127
10384,2470,true,0.989942
10384,9048,true,0.29518
10384,9939,true,0.267357
10384,11481,false,0.621476
10384,37247,false,0.009375
10384,44226,false,0.960327
10384,55816,false,0.42978
10384,58096,false,0.843916
10385,2189,true,0.830799
10385,34394,false,0.416911
10385,39744,false,0.576829
10385,45318,false,0.994583
10386,2586,true,0.217721
10386,2703,true,0.115231
10386,6747,true,0.756165
10386,28659,false,0.913621
10386,31856,false,0.510858
10386,49481,false,0.597731
10386,51686,false,0.019473
10387,33380,false,0.660023
10388,44075,false,0.825256
10388,48222,false,0.11473
10390,27288,false,0.839638
10390,48859,false,0.327915
10392,10385,false,0.115747
10393,23203,false,0.816625
10393,58098,false,0.461682
10394,51227,false,0.228555
10394,53897,false,0.918214
10395,13435,false,0.162917
10396,59118,false,0.970857
10397,20491,false,0.779185
10397,31476,false,0.870853
10397,33657,false,0.481106
10397,34383,false,0.843403
10397,35542,false,0.446731
10397,50069,false,0.984167
10398,29793,false,0.078993
10398,44169,false,0.991424
10400,36766,false,0.992574
10400,46187,false,0.967699
10400,49789,false,0.255331
10400,52569,false,0.227786
10400,54533,false,0.181919
10401,19351,false,0.507034
10401,37430,false,0.886481
10401,39350,false,0.01636
10402,16931,false,0.772304
10404,17193,false,0.514813
10404,19845,false,0.819359
10404,24542,false,0.197815
10404,35045,false,0.591503
10404,49509,false,0.086753
10405,19512,false,0.197515
10405,25017,false,0.33857
10405,30338,false,0.063981
10405,34039,false,1.013635
10406,35164,false,0.235026
10407,8697,true,0.842782
10407,12905,false,0.802834
10407,21422,false,0.146001
10407,28229,false,0.734943
10407,38413,false,0.432361
10408,56868,false,0.417843
10408,59626,false,0.83642
10409,8758,true,0.602785
10409,8872,true,0.958522
10409,26886,false,0.611782
10409,48322,false,0.222875
10410,12231,false,0.107047
10410,24300,false,0.753382
10411,34545,false,0.960607
10411,35108,false,1.005728
10412,8111,true,0.7209
10412,8299,true,0.542479
10412,12569,false,0.597059
10412,47474,false,0.899924
10414,38334,false,0.78513
10415,47541,false,0.446259
10415,58735,false,0.986763
10416,16045,false,0.635941
10416,18308,false,0.420009
10416,33712,false,0.226464
10416,42635,false,0.691772
10416,45652,false,0.338283
10416,48063,false,0.234891
10416,58752,false,0.683476
10417,27879,false,0.522497
10417,30244,false,0.478162
10417,51168,false,0.092488
10417,59074,false,0.91071
10418,11867,false,0.614208
10418,27889,false,0.938421
10418,50382,false,0.598381
10419,16149,false,0.023533
10419,33194,false,0.899006
10419,46244,false,0.31189
10420,31075,false,0.719809
10421,12904,false,0.372161
10421,24322,false,0.963941
10421,56370,false,8.16E-4
10422,8223,true,1.038031
10422,28133,false,0.490586
10422,45198,false,0.954792
10422,53831,false,0.671857
10423,46019,false,0.752594
10424,22949,false,0.530259
10424,30455,false,0.839084
10425,8117,true,0.495533
10425,14557,false,0.564799
10425,19534,false,1.049706
10426,2131,true,0.877052
10426,6801,true,0.961208
10426,9156,true,0.567953
10426,9790,true,0.819286
10426,9851,true,0.998651
10426,19211,false,0.141867
10426,35500,false,0.206064
10426,52020,false,0.469301
10426,58608,false,0.602883
10427,2562,true,1.043957
10427,43071,false,0.868883
10428,2261,true,0.050045
10428,9153,true,0.545953
10428,9984,true,0.340087
10428,17327,false,0.155682
10428,20047,false,0.039123
10428,25646,false,0.586391
10428,33916,false,0.581301
10428,46264,false,0.658493
10428,50270,false,0.888904
10428,58063,false,0.104032
10429,2032,true,0.405115
10429,2361,true,0.343187
10429,25788,false,0.51967
10429,31114,false,0.432799
10429,52382,false,0.39893
10430,2207,true,0.784203
10430,6244,true,0.09945
10430,6588,true,0.55379
10430,9071,true,0.442976
10430,28250,false,0.379572
10431,35587,false,0.40018
10432,16572,false,0.446508
10432,27179,false,0.405118
10433,12084,false,0.566792
10433,20880,false,0.651444
10433,25811,false,0.196093
10433,36170,false,0.100512
10434,28637,false,0.042324
10435,28478,false,0.618106
10435,34079,false,0.685398
10435,39245,false,0.943582
10436,8320,true,0.815861
10436,58484,false,0.762645
10437,8332,true,0.685743
10437,41404,false,0.247087
10437,44507,false,0.143194
10438,34448,false,0.526862
10438,56163,false,0.239014
10439,18989,false,0.181408
10440,8530,true,0.915995
10440,27623,false,0.611717
10440,49707,false,0.853639
10440,59034,false,0.700632
10441,12235,false,0.154126
10441,58739,false,0.966511
10442,8249,true,0.344249
10442,18594,false,0.26641
10442,21231,false,0.289312
10442,36826,false,0.360771
10442,51156,false,0.984235
10443,8276,true,0.110661
10443,26722,false,0.248498
10443,33250,false,0.268773
10444,8278,true,0.611496
10444,22815,false,0.025753
10444,23124,false,0.929056
10444,34196,false,0.446753
10444,43941,false,0.130196
10445,8661,true,0.082876
10445,52463,false,0.978228
10446,15057,false,0.68413
10446,15456,false,0.658936
10446,55276,false,0.389555
10447,8071,true,0.504234
10447,8452,true,0.790125
10447,43847,false,0.171137
10448,10318,false,0.665712
10448,19399,false,0.313852
10448,22696,false,0.238349
10448,54367,false,0.020394
10449,20408,false,0.387405
10449,40848,false,0.885762
10449,52028,false,0.420011
10450,16613,false,0.148007
10450,51824,false,0.260581
10451,13228,false,0.586107
10451,45990,false,0.546543
10452,13490,false,0.958496
10452,44759,false,0.144493
10452,45821,false,0.193004
10453,12760,false,0.190294
10453,14009,false,0.789738
10453,14643,false,0.167693
10453,39107,false,0.416943
10453,43550,false,0.537145
10453,51599,false,0.649972
10453,53684,false,0.859017
10454,8764,true,0.64495
10454,52268,false,0.616037
10455,33445,false,0.993713
10455,36512,false,0.786443
10455,52275,false,0.993735
10456,8636,true,0.261077
10456,8748,true,0.594666
10456,24372,false,0.575741
10456,35708,false,0.540236
10457,37270,false,0.687873
10458,33017,false,0.808445
10458,33907,false,0.035734
10458,49878,false,0.933595
10459,51169,false,0.937565
10460,18907,false,0.22594
10460,37975,false,0.140526
10461,13431,false,0.916763
10461,14968,false,0.620099
10461,20089,false,0.978252
10461,34376,false,0.834673
10461,58977,false,0.029108
10462,13065,false,0.312001
10462,35366,false,0.867897
10463,21447,false,0.509133
10463,41093,false,0.908317
10463,44143,false,0.229702
10464,18072,false,0.53729
10464,26087,false,0.544346
10464,41718,false,0.705861
10465,55718,false,0.281151
10466,14978,false,0.891813
10467,12666,false,0.107737
10467,30213,false,0.495736
10467,47392,false,0.499831
10468,26947,false,0.090038
10468,35562,false,0.566104
10470,10667,false,0.073173
10471,46089,false,0.961931
10472,17426,false,0.008124
10472,26034,false,0.196321
10472,40882,false,0.095304
10473,37099,false,0.120148
10473,42537,false,0.906773
10473,52621,false,0.319188
10474,46632,false,0.807415
10474,53337,false,0.751864
10475,11344,false,0.870047
10475,13216,false,0.252298
10475,24238,false,0.426953
10475,25699,false,0.511451
10476,11414,false,0.348548
10476,29506,false,0.316416
10476,58583,false,0.758021
10477,40327,false,0.030242
10477,47033,false,0.798686
10478,19252,false,0.960557
10479,25103,false,0.097207
10479,39254,false,0.217358
10480,8779,true,0.9082
10480,13144,false,0.359926
10480,48293,false,0.504896
10481,8323,true,0.379776
10481,31334,false,0.014071
10482,8992,true,0.6739
10482,10022,false,0.012261
10482,20702,false,0.402295
10482,27747,false,0.343733
10483,8016,true,0.978387
10483,8548,true,0.45408
10483,21748,false,0.610959
10483,37999,false,0.993184
10484,8560,true,0.967843
10484,8601,true,0.476779
10484,20567,false,0.825525
10484,47833,false,0.67997
10484,58883,false,0.180139
10485,8773,true,1.010118
10485,51625,false,0.813937
10485,55547,false,0.22222
10485,57105,false,0.603641
10486,38931,false,0.975123
10486,48329,false,0.466253
10487,16250,false,0.631437
10487,46806,false,0.570653
10487,52814,false,0.037778
10488,40371,false,0.526799
10488,57858,false,0.680755
10489,8122,true,0.707505
10489,10734,false,0.195522
10489,53143,false,0.537955
10490,44139,false,0.930244
10490,48774,false,0.221293
10491,15222,false,0.187391
10491,35554,false,0.780897
10492,8877,true,0.780741
10492,12228,false,0.529476
10492,12899,false,0.147299
10492,59207,false,0.852539
10493,8819,true,0.698071
10493,47625,false,0.250304
10494,8199,true,0.251561
10494,46352,false,0.483188
10494,52650,false,0.690179
10495,8036,true,0.165666
10495,15857,false,0.907201
10495,26380,false,0.731183
10495,32322,false,0.5468
10495,35560,false,0.591762
10496,8093,true,0.104817
10496,23164,false,0.463138
10496,33327,false,0.869297
10497,8346,true,0.03499
10497,8628,true,0.245887
10497,8658,true,0.107972
10497,8911,true,0.630382
10497,39349,false,0.186804
10497,41986,false,0.76294
10497,47829,false,0.953658
10498,31046,false,0.696136
10498,53329,false,0.776777
10498,56046,false,0.147665
10499,23005,false,0.416054
10499,43604,false,0.869292
10500,31932,false,0.470692
10500,51441,false,0.875289
10501,8794,true,0.526717
10501,37451,false,0.880486
10501,52946,false,0.330487
10502,8955,true,0.350861
10502,43638,false,0.370109
10502,54591,false,0.249407
10503,8045,true,0.098985
10503,22504,false,0.580081
10503,22641,false,0.050746
10504,12927,false,0.141014
10504,13927,false,0.535792
10504,46926,false,0.903516
10505,13888,false,0.161295
10505,22420,false,0.474479
10505,47218,false,0.160239
10505,50963,false,0.246011
10505,53348,false,0.171572
10506,15590,false,0.331941
10506,28272,false,0.6107
10506,35306,false,0.668914
10506,39553,false,0.103288
10506,48888,false,0.062369
10506,59546,false,0.461538
10507,8283,true,0.084248
10507,8391,true,0.193379
10507,15064,false,0.977652
10507,43175,false,0.278374
10508,8870,true,0.090018
10508,13320,false,0.894551
10508,44298,false,0.432861
10509,46184,false,0.22624
10510,8543,true,0.559917
10510,11502,false,0.569487
10510,41273,false,0.255343
10511,48408,false,0.959864
10512,34533,false,0.523809
10512,48508,false,0.882703
10513,8097,true,0.301111
10513,8707,true,0.054094
10513,13164,false,0.662626
10513,50608,false,0.944918
10513,58032,false,0.925901
10514,8421,true,0.949475
10514,8876,true,0.406468
10514,23532,false,0.396122
10514,35764,false,0.888325
10515,8427,true,0.437104
10515,19473,false,0.142441
10516,8692,true,0.147699
10516,10235,false,1.001083
10517,18174,false,0.277804
10517,53585,false,0.576389
10518,8461,true,0.383063
10518,8908,true,0.842912
10518,11956,false,0.113852
10518,15335,false,0.197138
10518,18710,false,0.20409
10518,44277,false,0.343338
10519,16196,false,0.171976
10519,23798,false,0.229307
10519,38980,false,0.889331
10519,44423,false,0.914887
10520,8335,true,0.808051
10520,8671,true,0.468255
10520,22748,false,0.557857
10520,32921,false,0.51571
10521,8612,true,0.654693
10521,20698,false,0.288586
10522,12466,false,0.097833
10522,21716,false,0.441105
10522,42061,false,0.843739
10522,46491,false,0.93621
10522,54450,false,0.49057
10523,27079,false,0.563445
10524,15962,false,0.307938
10524,31791,false,0.304944
10524,40146,false,0.580168
10525,26647,false,0.873174
10525,53174,false,0.498565
10526,33761,false,0.099923
10526,33900,false,0.80664
10526,36092,false,0.959468
10527,8144,true,0.886256
10527,15791,false,0.517585
10527,27491,false,0.826601
10528,8006,true,0.649493
10528,8734,true,0.209471
10528,42725,false,0.855214
10528,44720,false,0.015251
10528,55541,false,0.970923
10529,26393,false,0.663571
10529,56135,false,0.78016
10529,59525,false,0.896112
10530,8418,true,0.118947
10530,8747,true,0.370306
10530,16526,false,0.047797
10530,37532,false,1.003871
10530,49092,false,0.974346
10530,55723,false,0.792482
10530,57028,false,0.695646
10531,33799,false,0.540426
10531,35785,false,0.436914
10531,36462,false,0.281269
10531,53011,false,0.240343
10531,54868,false,0.628247
10532,8429,true,0.753031
10532,43217,false,0.981756
10533,8424,true,0.236057
10533,45789,false,0.652464
10534,17739,false,0.279626
10534,44407,false,0.137084
10535,8488,true,0.711597
10536,8588,true,0.827708
10536,17655,false,0.340702
10536,26045,false,0.005589
10536,38875,false,0.606245
10537,8589,true,0.658704
10537,38022,false,0.891839
10537,47589,false,0.74024
10538,18251,false,0.551821
10538,27008,false,0.181464
10538,27777,false,0.656972
10538,51502,false,0.142273
10539,8757,true,0.577287
10540,8439,true,0.458121
10540,15973,false,0.795757
10540,21439,false,0.077
10540,21456,false,0.815255
10540,33734,false,0.817161
10541,11504,false,0.729921
10541,52013,false,0.871931
10542,8030,true,0.779901
10542,22465,false,0.176851
10542,23830,false,0.246351
10542,30133,false,0.391846
10542,46743,false,0.921864
10542,51109,false,0.845773
10543,8072,true,0.481575
10543,22874,false,0.967704
10543,48359,false,0.377888
10544,8587,true,0.61069
10545,58817,false,0.60006
10546,8681,true,0.182979
10546,33835,false,0.651245
10546,34548,false,0.15237
10546,58494,false,0.062072
10547,8812,true,0.413677
10547,29615,false,0.639521
10547,54543,false,0.346682
10548,20628,false,0.89484
10548,35345,false,0.855638
10549,34616,false,0.698349
10552,8054,true,0.621305
10552,8390,true,0.317824
10552,11952,false,0.80764
10552,54341,false,0.38372
10553,8732,true,0.304527
10553,20688,false,0.006489
10553,47066,false,0.515944
10554,8775,true,0.638099
10555,58802,false,0.336154
10556,38965,false,0.798599
10557,8318,true,0.407468
10558,8206,true,0.532146
10558,49152,false,0.093124
10559,37643,false,0.083166
10559,51716,false,0.512946
10560,11817,false,0.743633
10560,55590,false,0.546932
10561,35161,false,0.136509
10561,45980,false,0.830388
10563,6745,true,0.291649
10563,9090,true,0.869273
10563,9171,true,0.055875
10563,9200,true,0.987192
10563,9360,true,0.738743
10563,9476,true,0.958688
10563,22957,false,0.684125
10564,6144,true,0.924239
10564,6145,true,0.085931
10564,9903,true,0.718945
10564,30435,false,0.373436
10564,35185,false,1.028274
10564,50969,false,0.873936
10565,6437,true,0.373091
10565,6599,true,0.239472
10566,6790,true,0.660025
10566,9202,true,0.551569
10566,9419,true,0.077802
10566,12408,false,0.729128
10566,56919,false,0.453089
10567,6253,true,0.632853
10567,6445,true,0.580997
10567,6596,true,0.604836
10567,9081,true,0.65807
10567,9786,true,0.4621
10567,9913,true,0.050428
10567,13567,false,0.666753
10567,27226,false,0.096965
10567,32048,false,0.734259
10568,9272,true,0.099586
10568,9375,true,0.639595
10568,9544,true,0.56664
10568,9792,true,0.742513
10568,9936,true,0.408331
10568,23537,false,0.999232
10568,35224,false,0.249877
10568,48881,false,0.970177
10569,9046,true,0.596237
10569,24305,false,0.078221
10569,35273,false,0.094914
10569,48557,false,0.204226
10570,6929,true,0.976655
10570,9199,true,0.490687
10570,9575,true,0.767053
10570,15270,false,0.041935
10570,40379,false,0.958903
10571,6418,true,0.281347
10571,6877,true,0.808032
10571,9085,true,0.825543
10571,9447,true,0.649977
10571,13124,false,0.408886
10571,43029,false,0.931432
10572,41811,false,0.32594
10572,46654,false,0.208646
10572,58239,false,0.273347
10573,6363,true,0.627115
10573,9135,true,0.952552
10573,9332,true,0.094436
10573,9475,true,0.330454
10573,16038,false,0.641591
10573,26567,false,0.109728
10573,29317,false,0.844653
10574,9546,true,0.70057
10574,14581,false,0.757984
10574,29195,false,0.467181
10575,9342,true,0.850445
10575,16052,false,0.680164
10576,9745,true,0.5636
10576,11651,false,0.787042
10576,14346,false,0.594573
10576,26786,false,0.323091
10576,51690,false,0.265265
10576,57369,false,0.224587
10577,6089,true,0.795817
10577,9340,true,0.06817
10577,9748,true,0.284548
10577,48886,false,0.911515
10578,6456,true,1.004255
10578,6659,true,0.261682
10578,9451,true,0.052116
10578,42709,false,0.773725
10579,6066,true,0.591086
10579,9044,true,0.167828
10579,34641,false,0.816901
10579,50716,false,0.711931
10579,51011,false,0.261481
10580,6595,true,0.609928
10580,9711,true,0.156408
10580,45300,false,0.576229
10581,9256,true,0.398131
10581,9613,true,0.457614
10581,17063,false,0.955322
10581,59862,false,0.064592
10582,10791,false,0.327835
10582,54740,false,0.865951
10583,9197,true,0.108819
10583,9571,true,0.096177
10583,9870,true,0.197496
10583,9924,true,0.52101
10583,11139,false,0.821101
10583,29286,false,0.398144
10583,34996,false,0.791136
10583,59740,false,0.015147
10584,9325,true,0.611436
10584,14799,false,0.00728
10584,24573,false,0.791074
10584,47171,false,0.241735
10585,9251,true,0.543805
10585,39706,false,0.3745
10585,42288,false,0.804022
10585,52886,false,0.345542
10586,35716,false,0.004147
10586,43478,false,0.326398
10586,46020,false,0.739302
10586,52104,false,0.894779
10586,56280,false,0.454005
10586,57563,false,0.231204
10587,9572,true,0.075609
10587,23371,false,0.470113
10588,9525,true,0.941627
10588,9673,true,0.824048
10588,13517,false,0.611137
10588,14179,false,0.013752
10588,17597,false,0.337998
10588,28979,false,0.641016
10589,9142,true,0.721797
10589,15635,false,0.544496
10589,21125,false,0.302067
10589,25982,false,0.875495
10589,58803,false,0.841315
10590,9157,true,0.719688
10590,9398,true,0.241545
10590,27221,false,0.485536
10590,52546,false,0.183586
10592,9022,true,0.759253
10592,9450,true,0.25914
10592,9931,true,0.853707
10592,9933,true,0.666107
10592,9982,true,0.277349
10592,33288,false,0.765779
10592,38138,false,0.464661
10592,44847,false,0.655082
10593,9055,true,0.833599
10593,9430,true,0.889952
10593,13301,false,0.65556
10593,50082,false,0.206231
10594,9749,true,0.874259
10594,9890,true,0.111741
10594,51660,false,0.675213
10595,9559,true,0.085722
10595,9655,true,0.684329
10595,9776,true,0.104555
10595,20105,false,0.86633
10595,38187,false,0.385756
10596,9155,true,0.388
10597,9978,true,0.902374
10597,17725,false,0.165607
10597,33728,false,0.314662
10597,37317,false,0.91529
10597,39701,false,0.8257
10598,2928,true,0.207748
10598,9069,true,0.037056
10599,2640,true,0.337599
10599,2708,true,0.062664
10599,31117,false,0.94881
10599,49241,false,0.597724
10600,2068,true,1.067496
10600,14057,false,1.070602
10600,17248,false,0.886219
10600,27060,false,0.172886
10600,29237,false,0.694614
10601,9313,true,0.411284
10601,9366,true,0.455654
10601,9771,true,0.537409
10601,19058,false,0.905244
10601,56658,false,0.757661
10602,9159,true,0.728982
10602,9493,true,0.50451
10602,9927,true,0.284564
10602,45930,false,0.799452
10602,58130,false,0.273328
10603,2446,true,0.766485
10603,9087,true,0.084991
10603,9125,true,0.887615
10603,9376,true,0.853806
10603,31377,false,0.926217
10603,50512,false,0.365272
10604,2638,true,0.705474
10604,9268,true,0.153239
10604,9732,true,0.327025
10605,2655,true,0.276508
10605,9402,true,0.552314
10605,9742,true,0.553776
10606,9456,true,0.54769
10606,9503,true,0.696683
10606,11213,false,0.151476
10606,13778,false,0.355983
10606,16282,false,0.39461
10606,35974,false,0.829831
10606,37289,false,0.953288
10607,2875,true,0.842708
10607,9121,true,0.820213
10607,51147,false,1.015688
10608,2096,true,0.086006
10608,2104,true,0.999536
10608,2179,true,0.856726
10608,34640,false,0.112239
10608,39635,false,0.283497
10608,40738,false,0.789373
10609,2059,true,0.405771
10609,2388,true,0.880899
10609,2797,true,0.791124
10609,9622,true,0.647519
10609,9838,true,0.612978
10609,44069,false,0.754818
10609,46587,false,0.253994
10610,9030,true,0.413668
10610,22124,false,0.96402
10610,24394,false,0.844847
10610,31614,false,0.417559
10610,52117,false,0.678359
10611,9189,true,0.329319
10611,28462,false,0.078077
10611,49205,false,0.945151
10612,9007,true,0.912119
10612,10090,false,0.400814
10612,39146,false,0.381517
10612,41448,false,0.555437
10612,42518,false,0.944215
10612,42998,false,0.348589
10613,9178,true,0.722004
10613,9297,true,0.262619
10613,9824,true,0.199722
10613,11064,false,0.648279
10613,47652,false,0.171668
10614,2723,true,0.944846
10614,6772,true,0.634577
10614,6959,true,0.048156
10614,9330,true,0.737794
10614,9967,true,0.526196
10614,38690,false,0.78604
10614,48709,false,0.624187
10614,55370,false,0.393362
10615,2596,true,0.072506
10615,2671,true,0.672693
10615,6926,true,0.296434
10615,6942,true,0.380279
10615,9024,true,0.920663
10615,31481,false,0.18809
10615,50044,false,0.306148
10616,2018,true,0.555304
10616,2173,true,0.909215
10616,2903,true,0.079172
10616,6164,true,0.071958
10616,9060,true,0.740228
10616,9124,true,0.876682
10616,9168,true,0.937943
10616,9846,true,0.664201
10616,18122,false,0.841449
10616,46172,false,0.347045
10616,51467,false,0.278178
10617,16531,false,0.139644
10617,29688,false,0.203189
10618,23175,false,0.508384
10619,12524,false,0.124745
10619,13903,false,0.021791
10619,15747,false,0.432274
10620,56679,false,0.407478
10621,28184,false,0.108501
10621,30807,false,0.339429
10621,48620,false,0.763388
10623,22895,false,0.143863
10624,8728,true,0.443115
10624,8977,true,1.013659
10624,26930,false,0.93573
10624,50761,false,0.21981
10625,8304,true,0.012433
10625,14463,false,0.870549
10625,33201,false,0.608172
10626,17768,false,0.378057
10626,18291,false,0.459636
10626,58723,false,0.15861
10627,17419,false,0.463279
10627,34099,false,0.606717
10627,46519,false,0.609947
10628,34525,false,0.650099
10628,46158,false,0.360939
10629,12675,false,0.310561
10629,56218,false,0.57589
10629,58780,false,0.210686
10630,8434,true,1.003764
10630,8635,true,0.40307
10630,8846,true,0.033842
10630,11605,false,0.857876
10630,12669,false,0.960688
10630,27222,false,0.931483
10630,38036,false,0.1078
10630,47642,false,0.94118
10630,48463,false,0.898591
10631,45608,false,0.529976
10631,48314,false,0.321896
10631,52411,false,0.834774
10631,53446,false,0.841436
10632,11850,false,0.092231
10632,28678,false,0.11517
10632,41929,false,0.171413
10632,59311,false,0.709094
10633,10687,false,0.788335
10633,33050,false,0.205995
10633,33785,false,0.696592
10633,39029,false,0.213926
10633,51224,false,0.768693
10633,54041,false,0.667394
10635,10,true,0.730738
10635,9999,true,0.839438
10635,21352,false,0.042062
10635,30958,false,0.798027
10635,39212,false,0.342978
10635,41626,false,0.328018
10636,9294,true,0.175434
10636,9800,true,0.572027
10636,34850,false,0.686617
10636,37312,false,0.720014
10637,6490,true,0.382213
10637,9170,true,0.459476
10637,9577,true,0.34215
10637,9704,true,0.257507
10637,9716,true,0.240294
10637,22175,false,0.784886
10638,9625,true,0.622498
10638,9670,true,0.380112
10639,6399,true,0.276145
10639,6608,true,0.475872
10639,9542,true,0.186011
10639,9586,true,0.27238
10639,52267,false,0.719571
10640,6452,true,0.442556
10640,9916,true,0.143934
10641,6028,true,0.291624
10641,6314,true,9.4E-5
10641,6765,true,0.496093
10642,7001,true,0.548019
10642,9866,true,0.620142
10642,9889,true,0.483361
10642,11234,false,0.652343
10642,23008,false,0.651835
10642,28168,false,0.384408
10642,33273,false,0.27717
10643,9993,true,0.068443
10643,28730,false,0.484326
10644,6208,true,0.710379
10644,6341,true,0.953399
10644,6832,true,0.402347
10644,9220,true,0.922148
10644,9581,true,0.947298
10644,9949,true,0.651697
10644,52915,false,0.148001
10645,17113,false,0.28602
10645,26061,false,0.378254
10646,8529,true,0.233017
10646,40897,false,0.276887
10647,8258,true,0.775965
10647,8756,true,0.400281
10647,26897,false,0.759697
10647,27898,false,0.2145
10647,28972,false,0.302901
10648,29507,false,0.859942
10649,19973,false,0.305909
10649,25708,false,1.011958
10649,48694,false,0.49336
10650,16063,false,0.218656
10651,13274,false,0.797365
10652,8274,true,0.464793
10652,8966,true,0.202716
10652,21776,false,0.078616
10652,39441,false,0.25816
10653,27133,false,0.017927
10653,33437,false,0.187375
10654,19422,false,0.558109
10654,31068,false,0.911477
10654,59046,false,0.086257
10656,26418,false,0.654223
10656,26578,false,0.039131
10656,37418,false,0.223623
10656,49026,false,0.943713
10657,18388,false,0.810879
10657,34184,false,0.696753
10657,45126,false,0.504496
10658,12882,false,0.188402
10658,15194,false,0.935129
10658,26817,false,0.827373
10659,35493,false,0.559928
10660,11545,false,0.242733
10660,35032,false,0.370305
10660,38854,false,0.673948
10661,32702,false,0.628456
10661,35156,false,0.079381
10661,56165,false,0.440965
10662,20793,false,0.237929
10664,18542,false,0.183961
10664,38380,false,0.275536
10665,12672,false,0.166052
10665,17114,false,0.763804
10666,22430,false,0.058543
10666,33086,false,0.766285
10666,49297,false,0.463096
10668,39668,false,0.887932
10668,44837,false,0.644614
10669,16464,false,0.3344
10669,29119,false,0.231453
10669,34648,false,0.973563
10670,40433,false,0.886274
10670,55742,false,0.369603
10671,17138,false,0.163434
10671,37857,false,0.825346
10672,41237,false,0.539155
10672,55580,false,0.726257
10673,25877,false,1.016242
10673,33277,false,0.573231
10674,35815,false,0.201037
10674,50546,false,0.034206
10675,19658,false,0.469076
10675,21819,false,0.896896
10675,22011,false,0.896614
10675,53195,false,0.396215
10675,53549,false,0.347258
10676,19246,false,0.254115
10676,32406,false,0.651307
10676,35362,false,0.01932
10676,42177,false,0.877281
10676,45875,false,0.446589
10677,8133,true,0.612197
10677,8164,true,0.790543
10677,24736,false,0.758577
10677,49331,false,0.577244
10678,49676,false,0.148239
10680,19311,false,0.612887
10680,36702,false,0.827781
10681,47368,false,0.848374
10682,57966,false,0.030548
10683,52833,false,0.649402
10683,55244,false,0.998088
10683,58500,false,0.677068
10684,31563,false,0.063708
10684,34414,false,0.383825
10685,12216,false,0.690913
10685,17128,false,0.865812
10685,17334,false,0.601487
10685,25267,false,0.728483
10685,36411,false,0.182383
10685,36510,false,0.234013
10686,17513,false,0.917696
10686,27134,false,0.542216
10687,26074,false,0.119958
10687,40401,false,0.529966
10687,46915,false,0.634558
10687,56276,false,0.480535
10689,13037,false,0.064637
10689,35295,false,0.009418
10690,14423,false,0.436306
10690,18462,false,0.698751
10690,27359,false,0.394859
10690,38634,false,0.080556
10690,39086,false,0.28167
10690,47688,false,0.285813
10690,57522,false,0.021205
10691,46378,false,0.340605
10691,51947,false,0.742905
10691,59030,false,0.664372
10692,19942,false,0.091124
10692,29886,false,0.134463
10692,45514,false,0.542742
10693,22876,false,0.932204
10693,36190,false,0.442253
10693,57895,false,0.172005
10694,42007,false,1.008713
10694,49303,false,0.510428
10695,19619,false,0.738473
10695,21007,false,0.798261
10697,14270,false,0.630192
10697,18094,false,0.712884
10697,22681,false,0.211914
10698,49527,false,0.747407
10698,50163,false,0.749782
10699,27931,false,0.96167
10699,31226,false,0.236263
10700,15789,false,0.113753
10700,37468,false,0.160219
10700,43224,false,0.063227
10701,33293,false,0.377931
10702,24851,false,0.713518
10702,32655,false,0.751491
10702,32716,false,0.045433
10702,44740,false,0.591925
10703,22898,false,0.015468
10703,46639,false,0.677587
10703,51541,false,0.21247
10704,17546,false,0.055218
10704,17759,false,0.038842
10704,21384,false,0.579382
10704,43720,false,0.771746
10704,45800,false,0.35499
10705,19400,false,0.300588
10705,27714,false,0.23361
10705,43512,false,0.200044
10706,45429,false,0.428175
10707,12989,false,0.101159
10707,33948,false,0.35487
10708,12540,false,0.573573
10709,28233,false,0.309982
10709,47861,false,0.802682
10709,52544,false,0.525188
10710,10251,false,0.451157
10711,12329,false,0.041197
10711,29204,false,0.42389
10711,33892,false,0.359783
10711,35149,false,0.301493
10711,56856,false,0.181814
10711,59575,false,0.205124
10712,34263,false,0.888356
10712,38003,false,0.826046
10713,12835,false,0.061967
10713,28582,false,0.942448
10713,47856,false,0.790796
10713,48418,false,0.142445
10713,52563,false,0.930922
10714,10719,false,0.179624
10714,18230,false,0.320623
10714,25377,false,0.005805
10714,56511,false,0.865577
10715,47395,false,0.184655
10715,58522,false,0.342756
10716,21098,false,0.015267
10716,21169,false,0.546687
10716,21888,false,0.89982
10716,46845,false,0.716387
10716,49830,false,0.181373
10717,16081,false,0.983034
10717,25972,false,0.502891
10717,36617,false,0.040766
10717,56743,false,0.568377
10718,14149,false,0.325086
10718,30738,false,0.423772
10718,49771,false,0.26303
10719,35021,false,0.698711
10719,46982,false,0.940247
10720,20294,false,0.834362
10720,28455,false,0.18155
10721,40157,false,0.312147
10722,2549,true,0.575537
10722,9228,true,0.495274
10722,9286,true,0.19788
10722,9610,true,0.122035
10722,9780,true,0.510739
10722,15864,false,0.808014
10722,23665,false,0.826942
10723,2091,true,0.553633
10723,2409,true,0.93257
10723,6687,true,0.726714
10723,32141,false,0.234435
10724,2467,true,0.639999
10724,2805,true,0.298758
10724,2817,true,0.250248
10724,6391,true,1.01504
10724,6483,true,0.725492
10724,9277,true,0.915575
10724,9388,true,0.708722
10724,14387,false,0.087302
10724,29917,false,0.845288
10725,2235,true,0.15331
10725,6395,true,0.389284
10725,9198,true,0.335994
10725,9282,true,0.187004
10725,9374,true,0.693118
10725,36302,false,0.581006
10726,2363,true,0.850989
10726,6198,true,0.34113
10726,9552,true,0.384068
10726,9746,true,0.654972
10726,9943,true,0.949906
10726,37773,false,0.131499
10728,8051,true,0.589633
10728,8060,true,0.31956
10728,26027,false,0.381112
10729,26167,false,0.429722
10729,37202,false,0.386846
10730,22120,false,0.679371
10730,39104,false,0.84559
10731,13169,false,0.799361
10731,14840,false,0.154382
10731,29114,false,0.124207
10731,34121,false,0.958105
10731,43822,false,0.84316
10731,57981,false,0.830301
10732,8890,true,0.125559
10732,14456,false,0.356304
10732,18146,false,0.206537
10732,39990,false,0.298868
10733,8664,true,0.363882
10733,29232,false,0.585726
10734,36675,false,0.935928
10734,37945,false,0.561833
10734,54018,false,0.6975
10735,8008,true,0.185142
10735,17378,false,0.367083
10735,41131,false,0.045226
10735,43706,false,0.865086
10735,57315,false,0.055687
10736,35629,false,0.591356
10736,37438,false,0.520411
10737,49978,false,0.77371
10737,57804,false,0.325094
10738,8237,true,0.739473
10738,14129,false,0.698157
10738,39596,false,0.164837
10738,54780,false,0.564626
10739,12087,false,0.443047
10739,15560,false,0.713171
10739,23519,false,0.119563
10739,48652,false,0.379162
10739,57360,false,0.620891
10740,57064,false,0.543203
10741,55233,false,0.131834
10742,12285,false,0.219222
10742,22574,false,0.296568
10742,34734,false,0.282235
10742,39750,false,0.704472
10743,34419,false,1.025804
10743,45507,false,0.227981
10744,38722,false,0.982851
10745,34191,false,0.461192
10746,36989,false,1.001976
10746,48469,false,0.325631
10747,8365,true,0.441204
10747,8420,true,0.783703
10747,8466,true,0.574866
10747,8576,true,0.402712
10747,8645,true,0.547874
10747,19475,false,1.007639
10747,22140,false,0.48797
10747,25704,false,0.066571
10747,32118,false,0.497554
10748,18208,false,0.666611
10748,47824,false,0.987996
10749,8930,true,0.977905
10749,23344,false,0.281663
10750,15326,false,0.394808
10750,30101,false,0.208304
10750,43937,false,0.890818
10750,49995,false,0.598396
10751,20953,false,0.434542
10751,23959,false,0.074187
10751,28452,false,0.021905
10751,31425,false,0.359979
10752,18895,false,0.096413
10752,29727,false,0.674824
10752,31850,false,0.722548
10752,32776,false,0.422853
10752,45416,false,0.448009
10752,48051,false,0.452755
10752,55466,false,0.346328
10752,59411,false,0.48417
10753,16625,false,0.737911
10753,20671,false,0.854859
10753,27882,false,0.841539
10753,28072,false,0.814017
10753,44932,false,0.809988
10754,16093,false,0.036175
10754,27718,false,0.357977
10754,34219,false,0.319825
10754,49131,false,0.384824
10754,49224,false,0.116963
10755,13191,false,0.079128
10755,40316,false,0.062939
10756,47240,false,0.313923
10756,50278,false,0.378545
10757,33851,false,0.378667
10757,51911,false,0.097804
10758,51352,false,0.770325
10759,53072,false,0.3911
10760,8252,true,0.43705
10761,53323,false,0.241563
10762,43852,false,0.958547
10763,8197,true,0.525576
10763,46555,false,0.670755
10765,29988,false,0.905812
10765,46907,false,0.725265
10765,53617,false,0.73167
10766,22903,false,0.462892
10766,25121,false,0.605453
10766,33813,false,0.722224
10766,35486,false,0.008082
10766,50410,false,0.768611
10766,57133,false,0.918772
10767,12655,false,0.310622
10767,19018,false,0.856414
10768,19785,false,0.612039
10768,34921,false,0.662709
10768,46623,false,0.771034
10769,11229,false,0.545946
10769,26183,false,0.353818
10769,46576,false,0.602721
10770,27744,false,0.240103
10770,32501,false,0.318509
10770,38403,false,0.444421
10771,34960,false,0.860804
10771,49977,false,0.518273
10772,36356,false,0.161934
10772,56720,false,0.91165
10773,17831,false,0.048794
10773,42210,false,0.939102
10774,19204,false,0.961212
10774,28027,false,0.896301
10774,37048,false,0.973483
10774,48563,false,0.324931
10774,49372,false,0.300139
10776,29068,false,0.05222
10776,51578,false,0.253514
10777,12976,false,0.517472
10777,16671,false,0.381568
10777,57684,false,0.846375
10778,28002,false,0.177839
10778,29893,false,0.512325
10778,32339,false,0.739047
10780,39243,false,0.391957
10781,32334,false,0.275984
10781,39056,false,0.828669
10781,46751,false,0.119949
10782,12099,false,0.095008
10782,36788,false,0.220966
10782,43618,false,0.339579
10782,59348,false,0.615216
10783,46406,false,0.02651
10783,54653,false,0.440103
10784,17267,false,0.234411
10784,30013,false,1.017079
10784,48067,false,0.211689
10784,48635,false,0.313685
10785,13449,false,0.948948
10785,26011,false,0.2038
10786,10644,false,0.942252
10786,32815,false,0.348079
10786,49625,false,0.330159
10787,16084,false,0.901235
10787,22105,false,0.195208
10787,22486,false,0.637333
10787,56124,false,0.166602
10787,58835,false,0.018754
10788,33398,false,0.563183
10789,15433,false,0.815046
10789,16850,false,0.83277
10789,41962,false,0.478534
10789,58458,false,0.122607
10790,21008,false,0.943107
10791,14715,false,0.331746
10791,38154,false,0.096681
10792,57312,false,0.238017
10792,57951,false,0.40605
10793,12790,false,0.678545
10793,20728,false,0.699181
10794,22954,false,0.586363
10794,49587,false,0.431934
10795,53454,false,0.322832
10796,32611,false,0.275511
10796,39178,false,0.822386
10797,59895,false,1.008434
10798,17386,false,0.844908
10798,41781,false,0.279553
10799,26136,false,0.20405
10799,38057,false,0.594552
10799,50102,false,0.230457
10800,31146,false,0.372462
10801,17810,false,0.229897
10801,23815,false,0.158571
10801,59457,false,0.117908
10802,44807,false,0.519453
10802,51708,false,0.594095
10802,51858,false,0.370014
10803,15463,false,0.954597
10804,11531,false,0.441851
10804,33483,false,0.02791
10805,21959,false,0.028535
10805,29014,false,0.961226
10807,10162,false,0.882848
10807,53005,false,0.60819
10807,55431,false,0.070132
10808,22361,false,0.250726
10808,41193,false,0.093125
10808,48872,false,0.200312
10808,49622,false,0.779937
10809,28249,false,0.105227
10809,49346,false,0.413277
10809,55833,false,0.034397
10809,59596,false,0.359022
10811,16107,false,0.124681
10811,54848,false,0.959856
10812,53312,false,0.294217
10814,33263,false,0.027199
10814,37344,false,0.901205
10814,55181,false,0.184645
10815,27527,false,0.254319
10815,35158,false,0.190535
10815,45712,false,0.858401
10815,56334,false,1.01393
10817,21798,false,0.757681
10818,25681,false,0.054904
10818,59439,false,0.820189
10818,59692,false,0.885526
10819,16600,false,0.220976
10819,38264,false,0.553804
10819,55558,false,0.336795
10820,26750,false,0.954334
10820,36504,false,0.319952
10820,45987,false,0.379221
10820,59593,false,0.48239
10821,8866,true,0.472199
10821,14665,false,0.597434
10821,54499,false,0.710064
10822,8012,true,0.442237
10822,23194,false,0.170383
10822,28669,false,0.528414
10823,20178,false,0.282781
10823,27757,false,0.791428
10823,52303,false,0.22529
10824,8200,true,0.245849
10824,24972,false,0.688868
10824,58889,false,0.763381
10825,18690,false,0.656251
10825,37881,false,0.701157
10825,44504,false,0.934131
10826,40143,false,0.673356
10826,47572,false,0.392545
10826,54507,false,0.458801
10826,58153,false,0.174848
10827,43509,false,0.441681
10827,43777,false,0.184219
10827,54295,false,0.792513
10828,22227,false,0.572957
10828,25974,false,0.172065
10828,48171,false,0.91676
10828,48201,false,0.027617
10829,23526,false,0.837234
10829,29500,false,0.595246
10829,30168,false,0.836882
10829,46178,false,0.107815
10830,19510,false,0.381716
10830,51395,false,0.494585
10830,55474,false,0.62261
10831,17292,false,0.035923
10831,33512,false,0.649263
10832,13746,false,0.001791
10832,27356,false,0.228779
10834,10612,false,0.46617
10834,26507,false,0.930912
10835,21882,false,0.543224
10835,51850,false,0.956312
10836,23298,false,0.171007
10836,26934,false,0.485831
10836,50376,false,0.762644
10837,11921,false,0.431762
10837,29342,false,0.159141
10837,53042,false,0.813654
10837,54822,false,0.808797
10838,22600,false,0.120853
10838,30397,false,0.805508
10838,36478,false,0.124316
10839,23942,false,0.112777
10839,27749,false,0.110315
10839,31124,false,0.809635
10840,11087,false,0.965426
10840,14870,false,0.602034
10840,49425,false,0.340308
10840,58921,false,0.835455
10840,59876,false,0.400415
10841,42192,false,0.405266
10842,19066,false,0.319588
10842,31449,false,0.75419
10842,34060,false,0.977446
10842,34511,false,0.795155
10842,59239,false,0.719154
10842,59592,false,0.327916
10843,38555,false,0.57318
10843,41769,false,0.122227
10843,49218,false,0.870815
10843,57268,false,0.815355
10844,15154,false,0.105098
10844,43737,false,1.006566
10845,41860,false,0.125881
10845,54913,false,0.465957
10846,21261,false,0.298626
10846,25730,false,0.43351
10846,30064,false,0.416253
10847,40334,false,0.139864
10847,50990,false,0.934409
10847,55369,false,0.430204
10848,16332,false,0.420509
10848,49409,false,0.590365
10848,51591,false,0.198359
10849,48723,false,0.766157
10850,21151,false,0.257076
10851,11404,false,0.08626
10851,15684,false,0.464142
10851,23057,false,0.226505
10851,23127,false,0.311669
10851,54604,false,0.099617
10852,22399,false,0.731503
10852,51399,false,0.698176
10853,10876,false,0.938293
10853,16487,false,0.722488
10854,8068,true,0.352268
10854,31651,false,0.495272
10855,51025,false,0.289571
10856,19730,false,0.049561
10856,22481,false,0.399886
10857,8449,true,0.996215
10857,51549,false,0.572061
10857,56011,false,0.649249
10858,14912,false,0.807802
10858,26033,false,0.123423
10859,21484,false,0.056874
10859,39932,false,0.086168
10860,8943,true,0.701964
10860,35307,false,0.500199
10860,54577,false,0.766394
10861,2254,true,0.51377
10861,2868,true,0.151167
10861,9965,true,0.382614
10861,15216,false,0.129205
10861,28367,false,0.601702
10861,43739,false,0.058236
10862,2445,true,0.393621
10862,6666,true,0.411288
10862,9253,true,0.69991
10862,9455,true,0.5544
10863,9601,true,0.799061
10863,9954,true,0.54483
10863,19452,false,0.357178
10864,6030,true,0.382546
10864,24123,false,0.390689
10864,25235,false,0.306407
10864,46486,false,0.883528
10865,2118,true,0.131729
10865,2747,true,0.950623
10865,6615,true,0.300911
10865,6985,true,0.853726
10865,9488,true,0.119395
10865,9865,true,0.874389
10865,29315,false,0.142624
10866,15226,false,0.572407
10866,25187,false,0.689061
10867,29979,false,0.214882
10868,56428,false,0.404398
10868,57010,false,0.946773
10868,59027,false,0.00255
10869,12635,false,0.304602
10869,25858,false,0.489056
10869,26820,false,0.084347
10869,36502,false,0.64579
10869,52551,false,0.747281
10870,19741,false,0.052313
10870,35076,false,0.630954
10870,40964,false,0.517296
10870,45410,false,0.218158
10871,8595,true,0.648714
10871,11070,false,0.836063
10872,15873,false,0.706207
10872,39032,false,0.572121
10873,8471,true,0.362009
10874,10557,false,0.856571
10874,20493,false,0.537895
10874,36352,false,0.294292
10874,54230,false,0.851802
10875,8464,true,0.9517
10875,8666,true,0.095718
10875,26767,false,0.986696
10875,38669,false,0.834328
10875,53317,false,0.63817
10876,39024,false,0.806098
10876,40870,false,0.602257
10876,45196,false,0.211648
10877,8159,true,0.811784
10877,8522,true,0.055947
10877,8633,true,0.699341
10877,21477,false,0.206473
10877,53281,false,0.556984
10878,19011,false,0.16872
10878,24588,false,0.691161
10878,28856,false,0.498203
10879,8886,true,0.864166
10879,22242,false,0.927901
10879,48390,false,0.690956
10880,25467,false,0.788615
10881,8044,true,0.548869
10881,8487,true,0.094472
10881,25438,false,0.688336
10881,45714,false,0.670936
10882,17799,false,0.382968
10882,34583,false,0.315421
10882,38152,false,0.698549
10882,42050,false,0.683654
10882,42945,false,0.073579
10882,51557,false,0.577377
10883,8599,true,0.764899
10884,22550,false,0.403345
10885,8143,true,0.962466
10885,18528,false,0.870068
10885,55213,false,0.844794
10886,35200,false,0.68655
10887,10277,false,0.965605
10887,45512,false,0.871015
10887,46530,false,0.072196
10888,44401,false,0.545326
10888,49828,false,0.040813
10890,15950,false,0.31401
10890,22279,false,0.639724
10891,8642,true,0.898445
10891,53853,false,0.737218
10892,41502,false,0.504853
10892,57978,false,0.549362
10893,16827,false,0.899726
10893,29441,false,0.27591
10893,56297,false,0.213337
10895,29046,false,0.07204
10896,8160,true,0.652397
10896,22605,false,0.400775
10896,29823,false,0.779768
10897,13283,false,0.872622
10898,8315,true,0.823778
10898,12534,false,0.058844
10898,28480,false,0.64542
10898,38261,false,0.349449
10899,17365,false,0.282445
10900,20554,false,0.763722
10900,45479,false,0.175259
10901,12406,false,0.86015
10901,14210,false,0.042225
10901,42316,false,0.815016
10901,55449,false,0.22683
10902,11127,false,0.862494
10902,13972,false,0.475227
10902,41509,false,0.821464
10902,52156,false,0.396331
10902,57138,false,0.773558
10903,12335,false,0.761779
10903,14046,false,0.274727
10903,22596,false,0.005567
10903,37926,false,0.059281
10903,58774,false,0.392369
10904,14477,false,0.150277
10904,37777,false,0.751902
10904,38641,false,0.57001
10904,41020,false,0.839807
10905,22908,false,0.877427
10905,25712,false,0.096807
10905,36601,false,0.837632
10905,49992,false,0.012675
10905,56663,false,0.381113
10905,57324,false,0.891873
10906,23256,false,0.785347
10906,29412,false,0.776838
10907,22537,false,0.195578
10907,52444,false,0.560402
10908,29406,false,0.84975
10908,30357,false,0.132376
10908,49943,false,0.064248
10908,54955,false,0.742237
10909,45364,false,0.234607
10909,56271,false,0.716103
10910,20466,false,0.020028
10911,19914,false,0.94465
10911,31627,false,0.472124
10911,36213,false,0.932205
10912,8989,true,0.586057
10912,10306,false,0.422733
10912,20901,false,0.417625
10913,34859,false,0.063259
10914,16088,false,0.49618
10914,37750,false,0.688047
10914,42028,false,0.515943
10916,16555,false,0.388767
10916,18018,false,0.669353
10916,21665,false,0.674551
10916,34956,false,0.813709
10916,36969,false,0.956653
10917,8082,true,0.348572
10917,13993,false,0.914996
10918,8091,true,0.886416
10918,48347,false,0.374101
10919,45805,false,0.521565
10920,16200,false,0.556712
10920,23237,false,0.805519
10922,16849,false,0.896621
10922,17458,false,0.671288
10922,34822,false,0.955106
10923,33519,false,0.930265
10925,31155,false,0.744051
10925,42021,false,0.24448
10925,55409,false,0.283906
10926,20226,false,0.044048
10927,19385,false,0.447523
10927,45825,false,0.852842
10927,59899,false,0.361091
10928,10474,false,0.166443
10928,40018,false,0.181037
10928,44795,false,0.207321
10930,11560,false,0.840144
10930,20200,false,1.028345
10930,50912,false,0.431108
10930,58772,false,0.106138
10931,1743,true,0.57083
10932,19465,false,0.006203
10932,31726,false,0.88739
10932,38563,false,0.795951
10932,45004,false,0.08708
10934,34904,false,0.932264
10936,17718,false,0.363811
10937,17716,false,0.632304
10937,34978,false,0.54529
10937,46715,false,0.106112
10937,52829,false,0.517662
10938,21615,false,0.396014
10939,13893,false,0.78871
10939,34215,false,0.788332
10940,39526,false,0.891321
10942,14661,false,0.79575
10943,17229,false,0.349625
10945,48895,false,0.263757
10945,53370,false,0.021117
10946,8910,true,0.886305
10946,19632,false,0.543396
10946,48711,false,0.006753
10946,53408,false,0.65069
10947,17270,false,0.76595
10947,23666,false,0.524677
10947,33056,false,0.301563
10947,42905,false,0.249636
10948,14592,false,0.741456
10948,26363,false,0.288936
10948,39135,false,0.635041
10949,8014,true,0.452302
10949,8049,true,0.266057
10949,8297,true,0.178253
10949,29243,false,0.18989
10949,30966,false,0.052238
10949,59268,false,7.12E-4
10950,8874,true,0.402359
10950,24367,false,0.009859
10951,8504,true,0.586848
10951,8745,true,0.505584
10951,25195,false,0.80593
10951,51322,false,0.94148
10952,34402,false,0.859501
10952,49981,false,0.322207
10952,56671,false,0.177103
10953,8267,true,0.94322
10953,8334,true,0.555041
10953,16765,false,0.66716
10953,16870,false,0.612687
10953,45034,false,0.480515
10954,8493,true,0.083123
10954,8841,true,0.415793
10954,32063,false,0.44186
10955,27574,false,0.627286
10955,35024,false,0.032511
10955,49584,false,0.328676
10956,28727,false,0.967183
10957,15821,false,0.922
10957,37743,false,0.397506
10958,27435,false,0.255766
10958,49176,false,0.934342
10959,8754,true,0.044414
10959,8834,true,0.187129
10959,8848,true,0.296726
10959,10250,false,0.123308
10959,11247,false,0.457941
10959,23000,false,0.918891
10959,57243,false,0.992658
10960,8046,true,0.525402
10960,8057,true,0.528684
10960,34905,false,0.825328
10960,43103,false,0.087501
10961,8184,true,0.993269
10961,16275,false,0.039449
10961,33782,false,0.810561
10962,23912,false,0.556079
10962,31462,false,0.929414
10962,37899,false,0.116079
10962,45107,false,0.983808
10962,45136,false,0.690448
10962,57108,false,0.199752
10963,8649,true,0.002323
10963,31171,false,0.368245
10963,40507,false,0.831944
10963,43430,false,0.876013
10963,45763,false,0.01655
10963,51900,false,0.392503
10964,19407,false,0.364215
10964,25146,false,0.741894
10964,59545,false,0.709067
10965,22886,false,0.387063
10966,6225,true,0.206982
10966,9408,true,0.817829
10966,54313,false,0.909317
10967,2646,true,0.273575
10967,2753,true,0.197935
10967,9558,true,0.348436
10967,29297,false,0.992974
10967,57940,false,0.711871
10968,2279,true,0.616762
10968,6174,true,0.35537
10968,8177,true,0.429585
10968,8440,true,0.783327
10968,8496,true,0.867302
10968,8843,true,0.729878
10968,18876,false,0.091043
10968,56582,false,0.794527
10969,2401,true,0.594737
10969,6376,true,0.99968
10969,15264,false,0.413174
10969,34493,false,0.140564
10969,48338,false,0.270062
10970,2319,true,0.779709
10970,48813,false,0.064144
10970,49614,false,0.819767
10971,2707,true,0.48416
10971,18577,false,0.110285
10971,38635,false,0.477854
10972,23318,false,0.361454
10972,44799,false,0.113963
10972,52745,false,0.643292
10972,57007,false,0.453212
10972,59713,false,0.583666
10973,2565,true,0.873995
10973,18624,false,0.528942
10973,24161,false,0.908045
10973,34947,false,0.422748
10974,46436,false,0.878997
10975,2698,true,0.383702
10975,22747,false,0.149341
10975,51177,false,0.497261
10976,2062,true,0.971954
10976,47233,false,0.785329
10977,2478,true,0.550741
10977,41180,false,0.156893
10977,51981,false,0.790384
10978,14020,false,0.913339
10978,38402,false,0.782985
10979,19671,false,0.463055
10979,30259,false,0.490425
10979,47242,false,0.771111
10979,50083,false,0.889439
10980,2683,true,0.381721
10980,15284,false,0.877812
10980,16460,false,0.56865
10981,2543,true,0.517701
10982,32311,false,0.277969
10982,34033,false,0.922988
10983,2520,true,0.772927
10983,8536,true,0.926828
10983,32001,false,0.799649
10984,2084,true,0.231073
10984,2539,true,0.701821
10984,44092,false,0.85481
10984,49027,false,0.976024
10985,8563,true,0.450749
10985,22813,false,0.759354
10985,44088,false,0.736369
10987,8180,true,0.382727
10987,8875,true,0.385122
10987,32223,false,0.131664
10987,33310,false,0.06938
10987,41216,false,0.170559
10987,41599,false,1.005742
10987,45551,false,0.239463
10988,8727,true,0.317594
10988,39405,false,0.478878
10988,48616,false,0.294612
10989,8546,true,0.712793
10989,8899,true,0.76025
10989,33938,false,0.477169
10989,55254,false,0.45755
10990,2601,true,0.97414
10990,8887,true,0.026022
10990,11756,false,0.122907
10990,28541,false,0.238385
10990,44360,false,0.317503
10990,51318,false,0.477973
10990,58897,false,0.906817
10991,8760,true,0.92243
10991,15123,false,0.567037
10991,50878,false,0.274551
10991,56618,false,0.146376
10991,58659,false,0.790611
10992,2305,true,0.053195
10993,58955,false,0.072121
10994,2342,true,0.147547
10994,8952,true,0.507708
10994,48005,false,0.842746
10995,2043,true,0.591916
10995,2256,true,0.883856
10995,23026,false,0.204149
10995,41337,false,0.520013
10995,45965,false,0.243397
10996,8596,true,0.947744
10996,8850,true,0.713291
10996,11442,false,0.401973
10996,21348,false,0.457453
10996,43350,false,0.700024
10996,50870,false,0.13528
10997,12658,false,0.013733
10998,2592,true,0.559991
10998,27761,false,0.232663
10999,2604,true,0.358565
10999,8864,true,0.509642
10999,40922,false,0.693316
10999,46757,false,0.545913
10999,50972,false,0.056832
10999,51678,false,0.383663
11000,2740,true,0.992343
11000,8011,true,0.67851
11000,12349,false,0.04928
11000,22940,false,0.038009
11000,28600,false,0.929773
11000,33984,false,0.906937
11000,35658,false,0.824555
11000,48844,false,0.790241
11000,49226,false,0.540983
11001,10864,false,0.553786
11001,33923,false,0.49859
11002,13384,false,0.864691
11003,28806,false,0.411394
11004,8567,true,0.599918
11004,8631,true,0.87843
11004,46094,false,0.146955
11006,2190,true,0.578031
11006,10053,false,0.780704
11006,26005,false,0.787058
11007,2274,true,0.644882
11007,29424,false,0.72003
11008,44513,false,0.901106
11008,52386,false,0.015887
11009,2581,true,0.004426
11009,10938,false,0.754148
11009,49321,false,0.576108
11010,2522,true,0.823154
11011,2689,true,0.929648
11011,19820,false,0.631955
11012,8342,true,0.406843
11012,48817,false,0.396364
11013,2645,true,0.931918
11013,8858,true,0.902759
11013,13095,false,0.018576
11013,24840,false,0.830005
11013,46503,false,0.086107
11014,2591,true,0.848597
11014,10713,false,0.962571
11014,20384,false,0.818818
11014,31003,false,0.481777
11015,2917,true,0.723885
11015,8125,true,0.861621
11015,8425,true,0.421415
11016,14189,false,0.265477
11016,24968,false,0.826169
11017,16014,false,0.485377
11017,31965,false,0.455422
11017,52511,false,0.526181
11017,53085,false,0.319707
11018,2694,true,0.868585
11018,2852,true,0.018021
11018,2965,true,0.55481
11018,8079,true,0.492335
11018,8659,true,0.929958
11018,34294,false,0.724629
11018,57625,false,0.01363
11019,2578,true,0.460362
11019,2583,true,0.382922
11019,22643,false,0.086824
11019,39372,false,0.518592
11019,49901,false,0.645897
11020,2288,true,0.238733
11020,30722,false,0.609016
11020,37877,false,0.433956
11020,42619,false,0.202616
11020,58875,false,0.247294
11021,2146,true,0.020049
11021,8056,true,0.995443
11021,22232,false,0.722127
11021,30058,false,0.770011
11021,34307,false,0.793328
11021,58972,false,0.737181
11022,41865,false,0.241432
11023,8384,true,0.558036
11023,8929,true,0.639795
11023,34590,false,0.856669
11023,40033,false,0.594084
11024,2324,true,0.154816
11024,2768,true,0.411537
11024,8432,true,0.401312
11024,53665,false,0.012208
11024,58185,false,0.684098
11025,2504,true,0.787329
11025,2736,true,0.776274
11025,8270,true,0.005008
11026,2202,true,0.544691
11027,8189,true,0.823228
11027,8435,true,0.701734
11027,33392,false,0.78124
11027,57780,false,0.59516
11028,20374,false,0.971562
11028,25984,false,0.664793
11028,47372,false,0.589149
11028,56409,false,0.043321
11029,2340,true,0.350255
11029,2486,true,0.621925
11029,8290,true,0.82796
11029,8503,true,0.068572
11029,45587,false,0.664113
11029,48602,false,0.233242
11029,50659,false,0.075144
11029,58804,false,0.746088
11030,20933,false,0.435619
11030,23105,false,0.383151
11030,28490,false,0.80893
11031,2933,true,0.587752
11031,47820,false,0.10627
11032,2546,true,0.683307
11032,30896,false,0.599751
11033,51588,false,0.397814
11034,2457,true,0.435278
11034,18498,false,0.198942
11034,31415,false,0.872217
11034,32836,false,0.517883
11035,37260,false,0.367376
11035,38933,false,0.142023
11035,52861,false,0.974177
11038,43338,false,0.423714
11039,11501,false,0.762593
11040,29256,false,0.85203
11041,29747,false,0.761735
11042,17049,false,0.397788
11042,41087,false,0.750318
11043,10853,false,0.394976
11043,13617,false,0.995982
11043,24714,false,0.724385
11043,35813,false,0.278928
11043,52120,false,0.960016
11047,19548,false,0.713069
11047,21138,false,0.465233
11047,37719,false,0.787292
11047,42814,false,0.945046
11048,8399,true,0.948202
11049,10569,false,0.507684
11049,52841,false,0.700453
11049,57252,false,0.247075
11050,2663,true,0.977348
11050,8225,true,0.473931
11050,12609,false,0.439354
11050,36818,false,0.873641
11050,37478,false,0.571401
11050,40804,false,0.300508
11050,48280,false,0.375732
11050,51423,false,0.061609
11051,30465,false,0.537215
11053,13737,false,0.282269
11053,22541,false,0.404462
11053,48113,false,0.655319
11053,54521,false,0.706883
11054,25573,false,0.594265
11054,31493,false,0.557318
11055,19117,false,0.960573
11055,42501,false,0.981261
11056,19863,false,0.236009
11056,20852,false,0.821446
11057,16773,false,0.438946
11057,26254,false,0.309313
11057,48971,false,0.635919
11057,56002,false,0.956049
11058,40758,false,0.004487
11058,54865,false,0.23181
11059,29549,false,0.70769
11059,30301,false,0.610391
11061,18866,false,0.427215
11061,32295,false,0.515757
11061,34707,false,0.251427
11061,41272,false,0.989721
11062,10794,false,0.349228
11063,6275,true,0.170755
11063,8136,true,0.579247
11063,41213,false,0.814969
11063,49035,false,0.758194
11064,6610,true,0.597615
11064,8023,true,0.30706
11064,8246,true,0.31927
11064,8861,true,0.689995
11064,11621,false,0.609569
11064,26699,false,0.984097
11064,27085,false,0.146966
11065,28139,false,0.702526
11065,48660,false,0.534112
11066,2662,true,6.9E-4
11066,2717,true,0.632112
11066,6757,true,0.856641
11066,8902,true,0.99224
11066,49371,false,0.154816
11066,58173,false,0.560934
11067,2976,true,0.449161
11067,6068,true,0.133505
11067,6383,true,0.344244
11067,16202,false,0.145759
11067,28457,false,0.771548
11067,41956,false,0.6334
11068,8650,true,0.739306
11068,42807,false,0.603083
11068,55810,false,0.465264
11069,2265,true,0.419984
11069,2540,true,0.455808
11069,2590,true,0.997873
11069,2926,true,0.337527
11069,6432,true,0.53151
11069,36292,false,0.405107
11069,43671,false,0.420393
11069,58907,false,0.789484
11070,2997,true,0.840946
11070,6340,true,0.957936
11070,58380,false,0.167742
11071,2248,true,0.831944
11071,6103,true,0.403189
11071,8538,true,0.126617
11071,30171,false,0.936327
11071,36490,false,0.524766
11071,44130,false,0.057104
11071,55975,false,0.925325
11072,8388,true,0.829228
11072,30238,false,0.279605
11072,30955,false,0.348198
11072,59707,false,0.658926
11073,2660,true,0.878046
11074,42297,false,0.672007
11075,8062,true,0.442807
11075,8550,true,0.50019
11075,23813,false,0.651324
11076,8474,true,0.848831
11076,17323,false,0.77683
11076,28532,false,0.268992
11076,31915,false,0.240956
11078,15027,false,0.139426
11078,22784,false,0.514325
11078,43292,false,0.734835
11079,50553,false,0.330194
11080,10006,false,0.911608
11080,27689,false,0.421707
11080,59288,false,0.789229
11081,23270,false,0.342865
11081,44619,false,0.871388
11081,57047,false,0.134781
11083,12373,false,0.334626
11083,19952,false,0.744947
11085,11782,false,0.289215
11086,17982,false,0.943154
11086,37973,false,0.03715
11086,50435,false,0.385915
11087,19616,false,0.529335
11087,26914,false,0.065491
11088,30917,false,0.865655
11088,43234,false,0.79475
11088,47072,false,0.984617
11088,54815,false,0.873336
11088,57786,false,0.216087
11089,1620,true,0.912376
11089,23459,false,0.942216
11089,36273,false,0.422412
11089,43487,false,0.355317
11089,44675,false,0.322598
11089,53658,false,1.001593
11090,1892,true,0.539479
11090,8669,true,0.239109
11090,8809,true,0.57909
11090,18267,false,0.467071
11090,48176,false,0.181472
11091,1579,true,0.380018
11091,10055,false,0.887037
11091,46316,false,0.545459
11091,49149,false,0.783263
11091,50928,false,1.007927
11092,8352,true,0.438835
11092,12065,false,0.819925
11092,12693,false,0.210482
11092,26797,false,0.49209
11092,36814,false,0.556166
11093,8516,true,0.876354
11093,36828,false,0.812056
11093,46800,false,0.204295
11093,53189,false,0.78619
11093,55932,false,0.55221
11094,28398,false,0.04995
11094,41902,false,0.60116
11095,21466,false,0.403315
11095,22778,false,0.651928
11095,35967,false,0.308973
11096,11693,false,0.095445
11096,25785,false,0.472658
11097,13410,false,0.237589
11097,17984,false,0.83785
11097,57409,false,0.95983
11098,11644,false,0.035549
11098,21283,false,0.980366
11098,22032,false,0.638642
11098,32748,false,0.433057
11098,54505,false,0.832642
11098,58300,false,0.046911
11099,11453,false,0.027564
11099,45359,false,0.514726
11099,59449,false,0.132294
11100,33499,false,0.103947
11100,36611,false,0.559294
11101,8562,true,0.703533
11101,19731,false,0.12753
11101,20473,false,0.084671
11101,25734,false,0.675264
11101,33911,false,0.830084
11101,48657,false,0.297662
11101,50607,false,0.459417
11102,36743,false,0.973496
11102,40149,false,0.431577
11102,41715,false,0.155171
11102,58120,false,0.56974
11103,1482,true,0.063526
11103,14801,false,0.024239
11103,15797,false,0.333671
11104,8656,true,0.669605
11104,8733,true,0.780432
11104,24054,false,0.538269
11104,31817,false,0.362609
11104,38736,false,0.795528
11104,48582,false,0.661992
11104,51338,false,0.699445
11104,56449,false,0.183696
11105,19356,false,0.734808
11105,19833,false,0.486307
11105,32871,false,0.433328
11105,53900,false,0.717443
11106,24049,false,0.62794
11106,25436,false,0.721815
11106,30414,false,0.598385
11106,45038,false,0.589524
11106,49396,false,0.284715
11107,2907,true,0.041972
11107,8150,true,0.732733
11107,24058,false,0.607229
11107,32153,false,0.015784
11107,41513,false,0.328784
11108,3715,true,0.133913
11108,6269,true,0.390836
11108,41516,false,0.617917
11109,2848,true,0.086013
11109,6287,true,0.293365
11109,6756,true,0.899623
11109,8032,true,0.739973
11109,8401,true,0.553258
11109,51510,false,0.606077
11110,3632,true,0.878153
11110,6273,true,0.744103
11110,15639,false,0.399384
11110,35135,false,0.636695
11110,37804,false,0.157352
11110,40866,false,0.389912
11111,3147,true,0.20752
11111,3455,true,0.139391
11111,6280,true,0.041801
11111,6830,true,0.262047
11111,6845,true,0.80874
11111,8413,true,0.2706
11111,14674,false,0.75439
11111,22807,false,0.27552
11111,53414,false,0.141249
11112,3432,true,0.978383
11112,3989,true,0.256465
11112,6440,true,0.135265
11112,39287,false,0.571218
11113,6976,true,0.666363
11113,31022,false,0.451683
11113,36496,false,0.072427
11114,3237,true,0.268642
11114,3985,true,0.963901
11114,14717,false,0.2295
11115,2492,true,0.958714
11115,2918,true,0.176956
11115,6304,true,0.581702
11115,10240,false,0.395194
11115,11078,false,0.868252
11115,24408,false,0.889324
11115,29750,false,0.836376
11115,58652,false,0.713969
11116,2358,true,0.34672
11116,2719,true,0.306845
11116,2744,true,0.369555
11116,40140,false,0.616986
11116,49335,false,0.267091
11117,2194,true,0.899412
11117,28245,false,0.819145
11117,36627,false,0.860784
11117,53412,false,0.76023
11118,2009,true,0.707799
11118,8498,true,0.702589
11118,22827,false,0.33033
11118,24945,false,0.329651
11119,2845,true,0.948404
11119,6567,true,0.574087
11119,30087,false,0.819489
11119,43882,false,0.359192
11120,8019,true,0.494336
11120,23599,false,0.227788
11121,16462,false,0.164871
11121,30354,false,0.758125
11122,2167,true,0.288195
11122,8924,true,0.982306
11122,25832,false,0.613561
11122,35058,false,0.382415
11123,6007,true,0.425048
11123,6613,true,0.185608
11123,26151,false,0.963581
11123,45632,false,0.892163
11123,48479,false,0.48518
11124,2932,true,0.442043
11124,6353,true,0.901334
11125,2110,true,0.394943
11125,23939,false,0.020762
11125,43070,false,0.566055
11126,6302,true,0.103194
11126,14929,false,0.702095
11127,2771,true,0.790785
11127,6673,true,0.611652
11127,6697,true,0.323341
11127,58261,false,0.850693
11128,2892,true,0.352131
11128,3384,true,0.36005
11128,6351,true,0.529526
11128,18791,false,0.78497
11128,28103,false,0.092929
11129,2687,true,0.508216
11129,3538,true,0.67774
11129,8500,true,0.563596
11129,13027,false,0.631121
11129,25893,false,0.505746
11129,28153,false,0.292847
11129,30628,false,0.874492
11129,31942,false,0.507819
11129,32475,false,0.799589
11130,21854,false,0.491176
11130,22750,false,0.157292
11130,31269,false,0.464457
11131,1215,true,0.750239
11131,1973,true,0.75436
11132,1542,true,0.715854
11132,28529,false,0.40249
11132,32736,false,0.555169
11132,49313,false,0.929121
11133,15892,false,0.782133
11134,18428,false,1.072781
11134,26242,false,0.818972
11134,43569,false,0.487508
11135,10977,false,0.443341
11135,56461,false,0.369022
11136,1872,true,0.929838
11136,8737,true,0.483585
11136,23035,false,0.760839
11136,46981,false,0.744745
11137,1850,true,0.681683
11137,28080,false,0.359918
11137,28763,false,0.71901
11137,36124,false,0.796824
11138,853,true,0.638786
11138,52971,false,0.422752
11139,2020,true,0.130459
11139,2572,true,0.910974
11140,2598,true,0.476615
11140,8611,true,0.812036
11140,8765,true,0.950801
11140,22359,false,0.594915
11140,25155,false,0.834887
11140,40551,false,0.094272
11141,26346,false,0.194593
11141,44179,false,0.697909
11142,1037,true,0.50926
11142,8825,true,0.117643
11142,21303,false,0.508746
11142,23101,false,0.286439
11142,27892,false,0.192437
11143,43827,false,0.782923
11143,55621,false,1.004629
11145,8126,true,0.32603
11145,22576,false,0.295342
11145,47272,false,1.213218
11146,8389,true,0.078985
11147,40696,false,0.971515
11147,45994,false,0.65191
11147,59839,false,0.038191
11148,10300,false,0.911517
11148,13578,false,0.491015
11148,52397,false,0.597313
11148,59428,false,0.100971
11152,48441,false,0.485457
11153,37618,false,0.996477
11153,38042,false,0.183282
11153,47001,false,0.692366
11154,58572,false,0.051619
11155,20680,false,0.384324
11155,38779,false,0.959268
11155,45431,false,0.6921
11158,15588,false,0.427009
11158,31671,false,0.815018
11158,33051,false,0.353109
11158,48612,false,0.183212
11158,59407,false,0.001512
11158,59500,false,0.424828
11159,55559,false,0.859015
11160,26019,false,0.35153
11160,47783,false,0.883523
11161,1561,true,0.811983
11161,25276,false,0.557125
11161,54107,false,0.130788
11162,18867,false,0.220992
11162,57112,false,0.831098
11163,45996,false,0.809434
11164,11415,false,0.88926
11164,12180,false,0.658894
11165,18061,false,0.537034
11165,24554,false,0.040195
11166,8918,true,0.044844
11166,22754,false,0.359203
11166,32221,false,0.053784
11166,43589,false,0.276136
11167,8602,true,0.428881
11167,8646,true,0.405429
11167,45629,false,0.554325
11167,48997,false,0.575972
11167,51273,false,0.157392
11168,2284,true,0.583871
11168,2745,true,0.968266
11168,8486,true,0.109583
11168,8923,true,0.95002
11168,23429,false,0.901596
11169,40837,false,0.890309
11170,2515,true,0.713751
11170,48053,false,0.471228
11171,46941,false,0.668458
11171,51416,false,0.309778
11172,2225,true,0.870867
11172,2972,true,0.821058
11172,8495,true,0.128787
11172,18288,false,0.664825
11172,19768,false,0.680541
11172,40182,false,0.974813
11172,41831,false,0.555563
11173,34701,false,0.279732
11175,2245,true,0.945257
11175,8947,true,0.792984
11175,57277,false,0.789206
11175,57800,false,0.479058
11176,2397,true,0.518
11176,8942,true,0.091296
11176,16154,false,0.88026
11176,24620,false,0.040427
11176,34788,false,0.160111
11176,42267,false,0.345916
11177,2228,true,0.951018
11177,2613,true,0.46645
11177,8307,true,0.743817
11177,18905,false,0.008955
11178,8181,true,0.388002
11178,29995,false,0.227957
11179,2798,true,0.509758
11179,10720,false,0.606512
11179,38803,false,0.766796
11179,50186,false,0.009634
11179,57843,false,0.294698
11180,2992,true,0.336596
11180,14530,false,0.021026
11180,27591,false,0.565073
11180,40059,false,0.208033
11180,58869,false,1.002334
11181,2222,true,0.872691
11181,8446,true,0.387423
11181,8842,true,0.062164
11181,14791,false,0.785468
11181,17542,false,0.171833
11181,19145,false,0.649041
11181,58341,false,0.820181
11181,59557,false,0.400356
11181,59570,false,0.672625
11182,2066,true,0.133771
11182,2150,true,0.597503
11182,2823,true,0.890613
11182,15721,false,0.456583
11182,18753,false,0.253251
11182,19811,false,0.2085
11183,2463,true,0.072186
11183,2953,true,0.494373
11183,25808,false,0.427152
11183,39273,false,0.306175
11183,41085,false,0.061757
11183,44612,false,0.082942
11184,2170,true,0.603202
11184,2350,true,0.387567
11184,35229,false,0.344017
11184,37687,false,0.038415
11185,2790,true,0.297673
11185,21118,false,0.353102
11185,48461,false,0.867322
11187,2201,true,0.348653
11187,2371,true,0.569924
11187,19178,false,0.83269
11187,51130,false,0.656609
11188,2837,true,0.221512
11188,18079,false,0.801674
11188,21619,false,0.851375
11188,53954,false,0.987392
11189,2134,true,0.94196
11189,29662,false,0.924566
11189,51930,false,0.357562
11190,2507,true,0.400144
11190,2623,true,0.403383
11190,10650,false,0.327406
11190,31222,false,0.340237
11190,35180,false,0.575006
11192,2365,true,0.741983
11192,2654,true,0.988841
11192,41829,false,0.008152
11192,41877,false,0.927458
11193,2011,true,0.914809
11193,10099,false,0.312957
11193,15611,false,0.591944
11194,14376,false,0.793276
11194,27391,false,0.49083
11194,39242,false,0.811599
11195,8691,true,0.646332
11195,31125,false,0.816844
11195,40467,false,0.487843
11196,2449,true,0.458424
11196,2597,true,0.170806
11196,30078,false,0.867811
11196,57377,false,0.742566
11197,2266,true,0.057263
11197,2472,true,0.370182
11197,50768,false,0.611453
11197,57931,false,0.879323
11198,8243,true,0.845987
11198,34766,false,0.513683
11198,40488,false,0.027048
11198,55636,false,0.621472
11199,23321,false,0.59932
11199,45084,false,0.532364
11199,53119,false,0.53746
11200,8415,true,0.113648
11200,30194,false,0.847885
11200,57008,false,0.432259
11201,8204,true,0.241202
11201,8281,true,0.099371
11201,25690,false,0.696935
11201,37457,false,0.375367
11202,2356,true,0.675412
11202,2925,true,0.608802
11202,41112,false,0.519713
11203,2570,true,0.034893
11203,8937,true,0.151125
11203,31589,false,0.136531
11203,51323,false,0.471506
11204,2793,true,0.036231
11204,12320,false,0.422205
11204,30308,false,0.570051
11204,37341,false,0.846837
11204,44753,false,0.30466
11204,51434,false,0.516765
11204,53907,false,0.443548
11205,396,true,0.13724
11205,515,true,0.391077
11205,572,true,0.717092
11205,2046,true,0.903181
11205,8067,true,0.674238
11205,31049,false,0.493274
11205,37242,false,0.341364
11206,2513,true,0.370463
11206,49460,false,0.238173
11206,53240,false,0.919686
11206,59868,false,0.068913
11207,2644,true,0.959978
11207,19996,false,0.360103
11207,48211,false,0.388022
11208,2226,true,0.886978
11208,8746,true,0.92402
11208,11996,false,0.728628
11208,54639,false,0.895396
11209,43,true,0.558283
11209,844,true,0.680994
11209,2585,true,0.831211
11209,8330,true,0.413698
11209,49814,false,0.368871
11209,54862,false,0.347337
11210,66,true,0.181563
11210,2538,true,0.807366
11210,8967,true,0.171442
11210,38661,false,0.426959
11211,2017,true,0.340829
11211,2247,true,0.37984
11211,15201,false,0.892077
11211,16339,false,0.673855
11211,55046,false,0.103712
11212,56674,false,0.280691
11212,58236,false,0.957706
11213,316,true,0.815299
11213,2494,true,0.44967
11213,8227,true,0.503117
11214,536,true,0.846406
11214,8584,true,0.274501
11214,16416,false,0.213879
11214,17371,false,0.062457
11214,44691,false,0.774551
11215,2795,true,0.887901
11215,21808,false,0.373993
11215,45548,false,0.367985
11216,529,true,0.563984
11216,15381,false,0.068566
11216,38421,false,0.663851
11217,2518,true,0.86846
11217,27542,false,0.011694
11217,48593,false,0.475548
11218,2456,true,0.317595
11218,8041,true,0.017831
11218,25184,false,0.040964
11218,41457,false,0.564344
11219,2161,true,0.120007
11219,2743,true,0.657596
11219,13820,false,0.295541
11219,16713,false,0.740761
11219,43655,false,0.178076
11219,48584,false,0.18528
11219,51957,false,0.976857
11220,909,true,0.457163
11220,2181,true,0.03046
11220,8763,true,0.784056
11220,15348,false,0.350015
11220,45564,false,0.206405
11221,2419,true,0.905825
11222,2019,true,0.966166
11222,2292,true,0.238498
11222,10174,false,0.589209
11222,12105,false,0.770042
11222,15677,false,0.256742
11222,42830,false,0.026711
11223,897,true,0.303738
11223,13625,false,0.681455
11223,19728,false,0.505989
11223,30898,false,0.600835
11224,16412,false,0.844792
11224,17044,false,0.989844
11225,24919,false,0.069382
11225,33211,false,0.581904
11225,50980,false,0.923272
11226,2270,true,0.583277
11226,2631,true,0.34454
11226,45460,false,0.652732
11226,53165,false,0.535581
11227,8337,true,0.131493
11227,12783,false,0.222762
11228,802,true,0.123007
11228,2906,true,0.951421
11228,8919,true,0.978407
11228,25105,false,0.541723
11228,26709,false,0.490193
11228,33182,false,0.668862
11228,47519,false,0.496513
11229,38358,false,0.93796
11229,47048,false,0.553665
11230,8738,true,0.367824
11230,33642,false,0.75875
11230,45385,false,0.819675
11230,45403,false,0.94057
11231,309,true,0.917082
11231,2136,true,0.02832
11231,2206,true,0.598907
11231,2425,true,0.319775
11231,47020,false,0.946702
11232,2367,true,0.036446
11232,2667,true,0.409456
11232,28843,false,0.636386
11233,65,true,0.905201
11233,173,true,0.549859
11233,204,true,0.70585
11233,2857,true,0.912331
11233,2887,true,0.744226
11233,8101,true,0.284452
11233,15412,false,0.183738
11233,42810,false,0.198481
11234,9,true,0.500097
11234,2033,true,0.600326
11234,2556,true,0.678393
11234,42527,false,0.946739
11235,2469,true,0.814589
11235,8207,true,0.363284
11235,16974,false,0.552442
11235,42368,false,0.843162
11236,2130,true,0.910473
11236,2327,true,0.059406
11236,8946,true,0.428005
11236,10715,false,0.79179
11236,10862,false,0.013004
11236,17928,false,0.603501
11236,36809,false,0.990434
11236,48820,false,0.962635
11239,16817,false,0.498785
11239,22363,false,0.837279
11239,32771,false,0.480113
11240,10407,false,0.869435
11240,20363,false,1.014364
11240,27250,false,0.816003
11240,56930,false,0.899369
11241,19573,false,0.433356
11241,21553,false,0.037996
11241,27245,false,0.738699
11241,36619,false,0.982913
11241,48474,false,0.714681
11242,2328,true,0.727307
11242,2580,true,0.704149
11242,2959,true,0.475178
11242,31849,false,0.697663
11242,42157,false,0.960166
11242,46318,false,0.764318
11242,49619,false,0.221513
11243,2252,true,0.585023
11243,2532,true,0.377252
11243,24109,false,0.732876
11243,32787,false,0.547192
11243,37265,false,0.070438
11243,50787,false,0.489233
11244,2413,true,0.190322
11244,45563,false,0.596489
11245,2966,true,0.981552
11245,8163,true,0.523537
11245,23441,false,0.587214
11245,44447,false,0.129803
11246,2103,true,0.765542
11246,2603,true,0.512033
11246,8976,true,0.704406
11246,23773,false,0.960898
11246,51216,false,0.46259
11247,2787,true,0.412455
11247,8314,true,0.145726
11248,2952,true,0.913868
11248,34153,false,0.488213
11249,26902,false,0.39401
11250,2830,true,0.906753
11250,31735,false,0.538729
11250,41932,false,0.449937
11250,43258,false,0.058815
11251,8559,true,0.422357
11251,26850,false,0.264707
11251,27951,false,0.658857
11251,38468,false,0.548822
11252,8031,true,0.283074
11252,23388,false,0.059216
11252,35600,false,0.067514
11253,2255,true,0.049309
11253,8371,true,0.602225
11253,23125,false,0.533658
11254,13247,false,0.715868
11254,16943,false,0.055329
11254,40522,false,0.100955
11254,43171,false,0.29118
11255,2961,true,0.496563
11255,14862,false,0.612359
11255,52573,false,0.761093
11256,2607,true,0.632267
11256,8526,true,0.698814
11256,12829,false,0.844562
11257,2554,true,0.278653
11257,18400,false,0.662274
11257,47630,false,0.856551
11257,57825,false,0.871151
11258,8857,true,0.80585
11258,12526,false,0.327237
11258,36468,false,0.495937
11259,19492,false,0.809128
11259,27872,false,0.684337
11259,42851,false,0.787357
11260,2828,true,0.909121
11261,2763,true,0.294029
11261,2794,true,0.845135
11261,2872,true,0.19374
11261,12051,false,0.142819
11261,43492,false,0.096712
11262,8015,true,0.596482
11262,26490,false,0.65431
11262,28332,false,0.763071
11262,37658,false,0.544511
11262,42460,false,0.096023
11263,15124,false,0.858133
11263,20377,false,0.809574
11263,37928,false,0.94681
11263,41214,false,0.031884
11263,51330,false,0.394387
11263,54037,false,0.4708
11264,94,true,0.428071
11264,2836,true,0.602625
11264,8170,true,0.655041
11264,58290,false,0.847374
11265,8286,true,0.480073
11265,11721,false,0.527662
11266,51909,false,0.147102
11266,54278,false,0.004449
11266,57114,false,0.874569
11267,229,true,0.7752
11267,2088,true,0.010625
11267,2841,true,0.842232
11267,2981,true,0.22961
11267,31380,false,0.855542
11267,52344,false,0.593281
11268,803,true,0.951714
11268,2021,true,0.982146
11269,44551,false,0.299072
11270,705,true,0.685776
11270,8705,true,0.239717
11270,15380,false,0.940569
11270,36003,false,0.016613
11271,2053,true,0.087634
11271,8039,true,0.151388
11271,24684,false,0.20569
11271,30000,false,0.091173
11271,40935,false,0.669236
11271,45896,false,0.271346
11271,47808,false,0.154203
11271,50237,false,0.05444
11272,8547,true,0.990351
11272,10283,false,0.910977
11272,17825,false,0.051071
11272,48103,false,0.187415
11272,52966,false,0.615352
11273,635,true,0.979392
11274,2945,true,0.958169
11274,43713,false,0.546695
11274,53120,false,0.206306
11275,8634,true,0.116554
11275,33279,false,0.011202
11275,33939,false,0.056868
11275,52480,false,0.855754
11276,47393,false,0.489092
11276,47847,false,0.388253
11276,49730,false,0.393498
11276,51644,false,0.063769
11276,54273,false,0.108483
11277,412,true,0.160457
11277,955,true,0.629332
11277,8392,true,0.289625
11277,36103,false,0.792747
11278,2314,true,0.131071
11278,2897,true,0.277564
11278,14264,false,0.176348
11279,8618,true,0.840985
11279,10836,false,0.192605
11279,37219,false,0.146989
11280,2159,true,0.005596
11280,2506,true,0.515649
11280,28711,false,0.023607
11281,2329,true,0.574153
11281,14363,false,0.843386
11281,46297,false,0.157135
11281,47781,false,0.602205
11281,48365,false,0.797951
11281,50873,false,0.347215
11282,8141,true,0.51756
11282,19830,false,0.77063
11282,41035,false,0.779975
11283,8931,true,0.227871
11283,13165,false,0.853014
11283,23951,false,0.660891
11283,32076,false,0.62534
11283,34887,false,0.519025
11283,43794,false,0.813222
11283,49023,false,0.154166
11284,8367,true,0.94223
11284,28941,false,0.502411
11284,30314,false,0.709114
11284,38477,false,0.305035
11284,40901,false,0.755277
11284,47639,false,0.006955
11284,54325,false,0.869353
11285,2589,true,0.51435
11285,8400,true,0.783189
11285,16825,false,0.989718
11285,22327,false,0.865608
11285,25302,false,0.064079
11285,27859,false,0.511383
11285,36300,false,0.238338
11286,2259,true,0.943728
11286,55079,false,0.869368
11287,8592,true,0.565839
11287,8978,true,1.006101
11287,19784,false,0.40302
11288,92,true,0.297921
11288,2349,true,0.801926
11288,8816,true,0.87674
11288,13001,false,0.041839
11288,16772,false,0.121763
11289,661,true,0.136928
11290,2485,true,0.099888
11290,2612,true,0.650416
11290,25702,false,0.894006
11290,46741,false,0.573888
11290,55829,false,0.259474
11291,74,true,0.108577
11291,123,true,0.66422
11291,907,true,0.713311
11291,2135,true,0.417593
11291,13672,false,0.702559
11291,46218,false,0.766126
11291,50983,false,0.520529
11292,787,true,0.131467
11292,2462,true,0.996825
11292,8685,true,0.167217
11292,33918,false,0.672313
11292,42476,false,0.174818
11293,293,true,0.406976
11293,549,true,0.1132
11293,2162,true,0.685219
11293,2919,true,0.880936
11293,50614,false,0.86935
11294,922,true,0.989813
11294,2050,true,0.772537
11294,2479,true,0.084543
11294,2620,true,0.0494
11294,8922,true,0.423408
11294,45256,false,0.454259
11294,54059,false,0.296276
11295,2733,true,0.073204
11295,8521,true,0.812659
11295,17713,false,0.490881
11295,53945,false,0.335057
11297,12305,false,0.936309
11297,13734,false,0.864844
11298,2067,true,0.016493
11298,2105,true,0.242038
11298,2243,true,0.283029
11298,2408,true,0.919703
11299,667,true,0.94461
11299,2484,true,0.60903
11299,8347,true,0.58023
11299,8433,true,0.936111
11299,19595,false,0.315053
11299,30114,false,0.780317
11299,30858,false,0.487591
11299,33223,false,0.482309
11299,46097,false,0.155604
11300,320,true,0.563495
11300,631,true,0.679787
11300,8288,true,0.119275
11300,8469,true,0.94268
11300,34626,false,0.25015
11301,2938,true,0.464402
11301,19138,false,0.333303
11301,25230,false,0.746658
11301,29643,false,0.249302
11301,29646,false,0.249174
11301,31430,false,0.346368
11301,42574,false,0.974503
11301,52940,false,0.181815
11301,54399,false,0.841805
11302,961,true,0.102451
11302,25393,false,0.989841
11302,33865,false,0.6915
11303,2633,true,0.985218
11303,2916,true,0.508976
11303,16244,false,0.526818
11303,20508,false,0.419431
11303,40064,false,0.304233
11303,42259,false,0.594869
11304,56,true,0.288489
11304,725,true,0.024079
11304,8789,true,0.626413
11304,25482,false,0.780545
11304,47946,false,0.619367
11305,989,true,0.009359
11305,2218,true,0.850751
11305,2386,true,0.383303
11305,2421,true,0.911159
11305,2956,true,0.771914
11305,8458,true,0.21313
11305,8753,true,0.930156
11305,8868,true,0.309766
11305,41919,false,0.453461
11305,47612,false,0.816829
11306,301,true,0.514472
11306,8517,true,0.047984
11306,40120,false,0.367561
11306,45057,false,0.216563
11306,52323,false,0.941961
11306,56395,false,0.540287
11307,1223,true,0.145515
11307,1463,true,0.407954
11307,25322,false,0.913245
11307,38565,false,0.156885
11307,41037,false,0.194089
11307,50252,false,0.940197
11308,46,true,0.498019
11308,1932,true,0.055794
11308,25185,false,0.140375
11308,27955,false,0.900467
11308,30298,false,0.756607
11308,30363,false,0.219152
11309,15195,false,0.188432
11309,27437,false,0.281276
11310,8835,true,0.918538
11310,15007,false,0.576125
11310,39857,false,0.099706
11310,47786,false,0.31728
11310,55272,false,0.928148
11311,1988,true,0.823335
11312,2414,true,0.105735
11312,8201,true,0.979215
11312,40177,false,0.609318
11313,8533,true,0.764298
11313,31837,false,0.613408
11313,40814,false,0.673275
11314,10382,false,0.658732
11314,44975,false,0.06029
11315,8357,true,0.351742
11315,14651,false,1.078329
11315,33688,false,0.755292
11315,51936,false,0.097144
11316,1667,true,0.685039
11316,20072,false,0.335888
11317,1063,true,0.585606
11317,1963,true,0.189181
11317,19085,false,0.015286
11318,8379,true,0.889159
11318,8810,true,0.314186
11318,17390,false,0.540715
11318,22109,false,0.055539
11319,27104,false,0.217579
11319,29205,false,0.258514
11319,33534,false,0.67835
11319,47229,false,0.349607
11319,49107,false,0.955217
11319,55854,false,0.88945
11320,25902,false,0.125357
11321,32988,false,0.926305
11322,26273,false,0.89585
11324,29691,false,0.465727
11324,39369,false,1.010507
11325,34667,false,0.425
11325,47640,false,0.990975
11325,50068,false,0.394396
11326,47247,false,0.423816
11327,22803,false,0.278096
11327,30587,false,0.06247
11327,34311,false,0.483605
11327,50221,false,0.648083
11328,28841,false,0.569245
11328,39634,false,0.875328
11329,18074,false,0.012738
11330,14103,false,1.011499
11330,29533,false,0.666019
11330,53294,false,0.945159
11330,54447,false,0.678468
11330,57359,false,0.079626
11331,25224,false,0.646291
11331,32146,false,0.944361
11331,34116,false,0.409884
11333,19958,false,0.418011
11333,25416,false,0.815355
11333,32260,false,0.178986
11334,40203,false,0.521326
11336,42674,false,0.28592
11337,13344,false,0.607387
11337,17167,false,0.039952
11337,21059,false,0.589583
11337,32024,false,0.352349
11339,21154,false,0.422788
11340,28903,false,0.367919
11340,49288,false,0.018997
11341,36291,false,0.844844
11342,30783,false,0.625019
11342,45861,false,0.687996
11342,51544,false,0.930658
11343,32003,false,0.521258
11343,32711,false,0.063873
11343,34573,false,0.890735
11343,39308,false,0.130726
11343,50653,false,0.080733
11344,22098,false,0.921894
11344,51713,false,0.094201
11344,54643,false,0.462916
11345,31714,false,0.135267
11345,40232,false,0.170439
11345,58547,false,0.323627
11347,12442,false,0.867403
11347,55399,false,0.163766
11348,9649,true,0.820166
11348,9726,true,0.229379
11348,44104,false,0.248646
11348,47793,false,0.182799
11348,56973,false,0.80869
11349,37586,false,0.093406
11349,45793,false,0.146364
11350,9043,true,0.048999
11350,9887,true,0.152721
11350,21217,false,0.245777
11350,26178,false,0.63215
11350,39309,false,0.096682
11350,56136,false,0.637669
11351,6544,true,0.283947
11351,6684,true,0.008661
11351,6965,true,0.636911
11351,9316,true,0.141811
11351,9592,true,0.591885
11351,16151,false,0.368854
11351,39045,false,0.510063
11351,55684,false,0.348424
11352,6277,true,0.357481
11352,11042,false,0.067817
11352,12659,false,0.149372
11352,36877,false,0.689503
11352,38142,false,0.11989
11353,6043,true,1.018111
11353,19666,false,0.444528
11353,54660,false,0.383678
11354,6455,true,0.703349
11354,9023,true,0.598228
11354,9082,true,0.906387
11354,9700,true,0.322686
11354,29490,false,0.515187
11354,43932,false,0.709121
11355,6639,true,0.99987
11355,9149,true,0.397196
11355,9326,true,0.209606
11355,24995,false,0.934415
11355,26624,false,0.98421
11356,6236,true,0.172893
11356,9604,true,0.58605
11356,9663,true,0.701801
11356,42949,false,0.201338
11356,59502,false,0.4072
11357,12861,false,0.04303
11357,42367,false,0.137758
11358,6088,true,0.700245
11358,6591,true,0.252398
11358,9091,true,0.780025
11358,9128,true,0.661321
11358,10253,false,0.293978
11358,28701,false,0.275347
11358,51391,false,0.277037
11359,6074,true,0.268158
11359,6135,true,0.726618
11359,6754,true,0.22531
11359,6904,true,0.833252
11359,9760,true,0.11064
11359,9868,true,0.786202
11359,18404,false,0.264721
11359,20078,false,0.734686
11359,46474,false,0.883263
11359,54873,false,0.778562
11360,9543,true,0.223578
11360,9689,true,0.593172
11360,9977,true,0.739335
11361,6346,true,0.657801
11361,6575,true,0.831179
11361,9349,true,0.316292
11361,41580,false,0.461758
11361,44468,false,0.374493
11362,9674,true,0.283321
11362,9817,true,0.736278
11362,14885,false,0.592063
11362,56603,false,0.958395
11363,6284,true,0.826166
11363,6408,true,0.467789
11363,9145,true,0.290649
11363,17790,false,0.080882
11363,26906,false,0.326409
11363,28437,false,0.442363
11363,38796,false,0.971177
11363,52358,false,0.146489
11364,6498,true,0.535262
11364,9427,true,0.060543
11364,9498,true,0.535311
11364,9554,true,0.244542
11364,30092,false,0.686494
11365,9274,true,0.115827
11365,10631,false,0.976669
11365,43379,false,0.717452
11365,53653,false,0.533442
11366,6172,true,0.478551
11366,9897,true,0.517517
11366,18588,false,0.846932
11366,41406,false,0.422421
11366,47511,false,0.061641
11366,55261,false,0.190455
11367,9078,true,0.107525
11367,9114,true,0.537414
11367,9137,true,0.809517
11367,9988,true,0.975957
11367,36900,false,1.009497
11368,6058,true,0.727354
11368,6735,true,0.62958
11368,9122,true,0.517886
11368,9714,true,0.762646
11368,9934,true,0.694921
11368,45308,false,0.727389
11368,48907,false,0.718104
11368,54491,false,0.110329
11369,34093,false,0.739487
11369,43596,false,0.346497
11369,54700,false,0.171527
11370,9594,true,0.818022
11370,9712,true,0.228169
11370,34539,false,0.90023
11370,38286,false,0.089536
11371,6211,true,0.9086
11371,6472,true,0.464473
11371,6517,true,0.148905
11371,6998,true,0.838774
11371,9300,true,0.40108
11371,9395,true,0.933712
11371,9413,true,0.155099
11371,25851,false,0.21477
11371,26072,false,0.555293
11371,31827,false,0.464154
11372,6133,true,0.941187
11372,9075,true,0.888765
11372,12616,false,0.161268
11372,23913,false,0.471314
11372,27512,false,0.520952
11373,6096,true,0.98518
11373,6622,true,0.366472
11373,9303,true,0.86142
11373,9589,true,0.173188
11373,34285,false,0.556342
11373,49373,false,0.763388
11374,9073,true,0.487961
11374,9696,true,0.193585
11374,49310,false,0.174701
11375,9470,true,0.195468
11375,9917,true,0.779242
11375,10653,false,0.109871
11375,48637,false,0.25986
11375,51789,false,0.948486
11376,9337,true,0.022756
11376,9761,true,0.460572
11376,17420,false,0.256587
11376,27280,false,0.107348
11376,47492,false,0.490009
11378,9195,true,0.125447
11378,9285,true,0.290437
11378,9444,true,0.247813
11378,11019,false,0.994572
11379,6156,true,0.261338
11379,6793,true,0.162995
11379,9650,true,0.224686
11379,9959,true,0.725489
11379,23518,false,0.246356
11379,30368,false,0.909557
11380,6837,true,0.677407
11380,28461,false,0.917598
11380,53771,false,0.178174
11381,6293,true,0.964182
11381,6410,true,0.792925
11381,6975,true,0.784019
11381,9494,true,0.261819
11381,46103,false,0.122672
11381,54493,false,0.243031
11382,6733,true,0.822154
11382,6833,true,0.516665
11382,9310,true,0.121397
11382,9806,true,0.414566
11382,10755,false,0.088577
11382,38919,false,0.242887
11383,9886,true,0.943027
11383,15239,false,0.73895
11383,19121,false,0.303489
11383,37450,false,0.15907
11383,45223,false,0.838103
11384,9793,true,0.661525
11384,9843,true,0.742542
11384,17668,false,0.242417
11384,21460,false,0.639612
11384,30690,false,0.348876
11384,38680,false,0.543883
11384,46496,false,0.707706
11385,9008,true,0.795654
11385,9152,true,0.844116
11385,22639,false,0.5501
11385,33488,false,0.582298
11385,44787,false,0.07826
11385,50844,false,0.148631
11386,6270,true,0.496262
11386,6933,true,0.034152
11386,9298,true,0.997732
11386,20247,false,0.411979
11386,34257,false,0.516597
11386,37791,false,0.594926
11386,52674,false,0.753579
11387,21914,false,0.410849
11388,6964,true,0.057507
11388,9454,true,0.608937
11388,9901,true,0.778972
11388,21996,false,0.703836
11388,37095,false,0.084585
11388,46498,false,0.92598
11388,51551,false,0.634049
11388,52806,false,0.744938
11389,29216,false,0.315115
11390,26357,false,0.483779
11390,33187,false,0.054309
11390,34642,false,0.818851
11390,52414,false,0.306097
11391,20868,false,0.716056
11391,36783,false,0.916432
11392,18041,false,0.517464
11392,48920,false,0.813041
11392,55309,false,0.877111
11392,58237,false,0.846375
11393,11190,false,0.592962
11394,8416,true,0.292143
11394,41459,false,0.484891
11394,41661,false,0.936137
11394,45482,false,0.237444
11395,17828,false,0.563877
11395,26006,false,0.955621
11395,39592,false,0.295187
11395,43382,false,0.501142
11396,26901,false,0.804823
11396,36742,false,0.107577
11396,42440,false,0.165849
11396,50139,false,0.622153
11397,33,true,0.007264
11397,8172,true,0.435754
11397,20989,false,0.948383
11398,1808,true,0.330897
11398,17661,false,0.131003
11398,38198,false,0.977566
11398,42475,false,0.130571
11398,46699,false,0.180968
11398,53247,false,0.747057
11400,25205,false,0.881056
11400,50223,false,0.762357
11400,54303,false,0.223639
11401,13568,false,0.34706
11401,26772,false,0.523534
11401,37101,false,0.783858
11402,12445,false,0.224722
11402,33946,false,0.224973
11403,15805,false,0.410609
11403,16461,false,0.821542
11403,20651,false,0.882272
11403,21055,false,0.142504
11403,39898,false,0.27138
11403,44404,false,0.928638
11403,58215,false,0.233882
11404,50,true,0.837936
11404,399,true,0.597126
11404,21034,false,0.248451
11404,38808,false,0.728942
11405,379,true,0.525295
11405,2766,true,0.76836
11405,49892,false,0.962249
11406,1641,true,0.593147
11406,2123,true,0.7368
11406,2636,true,0.568834
11406,45490,false,0.635004
11407,8156,true,0.642708
11407,11923,false,0.041247
11407,24766,false,0.331722
11407,39130,false,0.340491
11407,57336,false,0.075279
11408,31981,false,0.749102
11409,31830,false,0.199142
11409,53747,false,0.735401
11410,25480,false,0.673268
11410,27086,false,0.523503
11411,21437,false,0.719554
11411,31486,false,0.014716
11412,24903,false,0.72577
11412,41390,false,0.888387
11412,49193,false,0.715892
11412,52101,false,0.314549
11412,55539,false,0.951939
11413,15732,false,0.145735
11413,27458,false,0.969898
11414,15573,false,0.247579
11415,16505,false,0.528527
11415,48420,false,0.249426
11415,57893,false,0.005604
11416,36399,false,0.039943
11416,50308,false,0.554256
11416,55850,false,0.767538
11417,21969,false,0.532907
11417,23531,false,0.699848
11417,35009,false,0.318079
11417,40636,false,0.57174
11418,17098,false,0.789021
11418,34536,false,0.231025
11418,41740,false,0.755413
11419,21581,false,0.772584
11419,41290,false,0.318847
11419,46243,false,0.160476
11420,10001,false,0.06587
11420,54144,false,0.544471
11420,58257,false,0.526973
11421,32855,false,0.57673
11422,10430,false,0.794449
11422,21837,false,0.267353
11422,23704,false,0.862908
11422,41331,false,0.124458
11422,43420,false,0.068995
11422,57751,false,0.432217
11423,12045,false,0.182214
11423,17688,false,0.912409
11423,51967,false,0.455302
11424,10793,false,0.868434
11424,37090,false,0.749236
11424,41975,false,0.627395
11424,46794,false,0.503574
11425,25551,false,0.411863
11425,37184,false,0.037721
11425,37665,false,0.0853
11427,34927,false,0.967435
11427,50612,false,0.781132
11428,19838,false,0.659612
11429,37346,false,0.587034
11429,42246,false,0.025863
11429,42359,false,0.028665
11429,42829,false,0.664174
11429,46967,false,1.027073
11429,54583,false,0.674069
11430,18044,false,0.491047
11430,28220,false,0.025709
11430,38088,false,0.259574
11431,39464,false,0.392891
11431,46140,false,0.035967
11432,40148,false,0.34597
11433,16071,false,0.492052
11433,37287,false,0.559689
11434,57305,false,0.812713
11435,25513,false,0.922329
11435,35301,false,0.153513
11436,16494,false,0.157439
11436,34752,false,0.468194
11436,44846,false,0.335934
11437,34113,false,0.502385
11437,51114,false,0.486961
11437,53579,false,0.505884
11438,27395,false,0.540255
11438,32113,false,0.237352
11438,33963,false,0.829874
11438,47959,false,0.100933
11439,53030,false,0.358763
11439,57630,false,0.973805
11440,33025,false,0.608927
11440,35901,false,0.980715
11441,42393,false,0.493773
11442,15430,false,0.298643
11442,37498,false,0.166459
11443,13636,false,0.654258
11443,35799,false,0.045572
11443,39601,false,0.024175
11444,43553,false,0.669753
11445,28786,false,0.739357
11445,59806,false,0.776073
11447,49308,false,0.839227
11448,11313,false,0.109434
11448,27519,false,0.539391
11448,54497,false,0.861925
11449,25794,false,0.728898
11449,34572,false,0.058424
11450,16208,false,0.440252
11450,16983,false,0.582576
11450,36950,false,0.261125
11450,39568,false,0.113246
11450,46812,false,0.601564
11450,54744,false,0.516827
11450,57657,false,0.642218
11451,25085,false,0.505274
11452,19586,false,0.653749
11452,25260,false,0.94548
11452,40648,false,0.917183
11452,57649,false,0.732852
11453,17587,false,0.211756
11453,52179,false,0.480854
11454,11089,false,0.0405
11454,54194,false,0.997512
11455,8561,true,0.750651
11455,13601,false,0.362639
11455,56516,false,0.814859
11455,58650,false,0.546221
11456,8076,true,0.227786
11456,36269,false,0.23065
11456,40817,false,0.615856
11457,8928,true,0.904117
11457,24342,false,1.053525
11458,8198,true,0.87416
11458,8996,true,0.278665
11458,36540,false,0.312966
11459,8862,true,0.058142
11459,8933,true,0.67523
11459,34907,false,0.337216
11459,49620,false,0.647219
11459,51285,false,0.353953
11460,1216,true,0.36856
11460,8881,true,0.297833
11460,14992,false,0.315202
11460,39420,false,0.344574
11460,55675,false,0.663029
11461,1078,true,0.614807
11461,1960,true,0.841039
11461,20339,false,0.264882
11461,39445,false,0.39894
11461,48989,false,0.597761
11462,16313,false,0.633351
11462,25066,false,0.012278
11462,42140,false,0.927393
11462,52307,false,0.588161
11463,26874,false,0.172798
11463,35325,false,0.772026
11463,37397,false,0.198102
11463,42339,false,0.204129
11464,20048,false,0.833582
11464,24912,false,0.177232
11464,44441,false,0.960045
11464,49074,false,0.733266
11465,13751,false,0.506162
11465,17449,false,0.606374
11465,20025,false,0.57498
11465,36114,false,0.679408
11465,44372,false,0.958579
11466,2690,true,0.178859
11466,6137,true,0.200748
11466,8776,true,0.27291
11466,8823,true,0.106312
11466,13113,false,0.005395
11466,17579,false,0.595761
11467,2360,true,0.569235
11467,6106,true,0.451476
11467,6861,true,0.614988
11467,8321,true,0.069398
11467,8494,true,0.047032
11467,50644,false,0.802279
11467,59003,false,0.416164
11468,2512,true,0.727219
11468,2738,true,0.219899
11468,43317,false,0.181137
11469,2057,true,0.321186
11469,15867,false,1.019995
11469,28069,false,1.006002
11469,56054,false,0.94164
11470,28156,false,0.162148
11470,38224,false,0.808209
11470,47657,false,0.839251
11471,6020,true,0.019204
11471,6827,true,0.981879
11471,9881,true,0.679296
11471,12260,false,0.081674
11471,20383,false,0.014306
11471,51151,false,0.937675
11472,2315,true,0.709467
11472,2394,true,0.632247
11472,2498,true,0.265445
11472,9664,true,0.919953
11472,45178,false,1.00923
11472,45205,false,0.860946
11472,49306,false,0.719459
11472,52818,false,0.402486
11473,2185,true,0.95552
11473,9420,true,0.862592
11474,6173,true,0.446743
11474,6309,true,0.854128
11474,9003,true,0.051784
11474,9215,true,0.662699
11474,21189,false,0.509748
11474,30721,false,0.115156
11474,56375,false,0.698599
11475,6464,true,0.930571
11475,6474,true,0.46585
11475,9620,true,0.330813
11475,9686,true,0.260382
11475,9747,true,0.593711
11475,15612,false,0.8158
11475,57398,false,1.000649
11476,6679,true,0.254689
11476,9017,true,0.876434
11476,9191,true,0.522701
11476,9768,true,0.007377
11476,30197,false,0.238544
11477,2874,true,0.382525
11477,6308,true,0.648512
11477,9692,true,0.251252
11477,44314,false,0.453052
11477,55902,false,0.589484
11478,6125,true,0.241769
11478,6416,true,0.048434
11478,14069,false,0.524807
11478,25113,false,0.599792
11479,2094,true,0.767065
11479,2141,true,0.23267
11479,2341,true,0.792529
11479,2392,true,0.154552
11479,6828,true,0.864986
11479,9107,true,0.857677
11479,9147,true,0.127294
11479,9154,true,0.646154
11479,9431,true,0.008439
11479,9765,true,0.169971
11479,22945,false,0.413873
11479,32514,false,0.382162
11479,43417,false,0.322795
11480,11141,false,0.377457
11480,19316,false,0.438466
11480,27966,false,0.732319
11480,35722,false,0.022333
11480,41163,false,0.511444
11480,46059,false,0.687723
11480,53023,false,0.493711
11481,31888,false,0.640988
11481,45747,false,0.148562
11481,45764,false,0.930584
11481,59161,false,0.796855
11483,19036,false,0.442734
11484,35258,false,0.526765
11484,39850,false,0.778921
11485,22697,false,0.874478
11485,24174,false,0.070257
11486,15063,false,0.540964
11487,23080,false,0.860208
11487,46682,false,0.021315
11488,49831,false,0.128333
11489,26634,false,0.981279
11489,36153,false,0.213306
11489,51225,false,0.330823
11491,8983,true,0.611386
11491,14686,false,0.798768
11491,41583,false,0.077853
11491,56313,false,0.389188
11492,8949,true,0.82681
11492,8960,true,0.124189
11492,13661,false,0.676313
11493,8490,true,0.85491
11493,30384,false,0.447778
11494,1394,true,0.417859
11494,8690,true,0.054373
11494,11408,false,0.26109
11494,19711,false,0.367404
11494,40048,false,0.140543
11494,55297,false,0.867781
11494,56713,false,0.132646
11494,59108,false,0.126225
11495,1343,true,0.909334
11495,13838,false,0.724379
11495,20630,false,0.089799
11496,21248,false,0.146008
11496,23460,false,0.064954
11496,55942,false,0.060753
11497,16642,false,0.281955
11497,36806,false,0.972579
11498,8010,true,0.263772
11498,8829,true,0.697907
11498,16034,false,0.475592
11498,24051,false,0.317173
11498,30262,false,0.762085
11499,28089,false,0.783841
11499,38970,false,0.460028
11499,53487,false,0.979658
11500,8594,true,0.88421
11500,8840,true,0.281998
11500,8940,true,0.790457
11500,12840,false,1.012124
11500,14266,false,0.217535
11500,24002,false,0.54069
11500,36265,false,0.066733
11501,8598,true,0.421512
11501,30123,false,0.674338
11502,19457,false,0.525639
11502,49859,false,0.933063
11503,1884,true,0.88003
11503,23903,false,0.65665
11503,25955,false,0.189622
11503,31008,false,0.814897
11503,37164,false,0.370346
11503,54468,false,0.891641
11504,1244,true,0.098244
11504,1946,true,0.875336
11504,40199,false,0.840077
11505,27827,false,0.352006
11505,49681,false,0.998103
11505,59553,false,0.145298
11506,9315,true,0.160531
11506,9400,true,0.903798
11506,24745,false,0.126041
11506,34108,false,0.110952
11506,39835,false,0.048191
11507,6820,true,0.103498
11507,9063,true,0.604554
11507,9387,true,0.068606
11507,9687,true,0.368439
11507,9895,true,0.661722
11507,11764,false,0.691997
11507,15567,false,0.594435
11507,29589,false,0.5608
11507,29669,false,0.239253
11507,30091,false,0.901286
11507,51021,false,0.282985
11508,9260,true,0.536499
11508,9414,true,0.243924
11508,9948,true,0.134131
11508,51074,false,0.21837
11508,52976,false,0.807223
11509,6153,true,0.174911
11509,9309,true,0.093724
11509,24233,false,0.720605
11509,30755,false,0.319967
11510,6040,true,0.913522
11510,6496,true,0.222653
11510,9527,true,0.748307
11510,42085,false,0.844167
11510,52862,false,0.508588
11511,6927,true,0.847225
11511,6931,true,0.560023
11511,9566,true,0.517928
11511,33214,false,0.675817
11511,56710,false,0.324001
11512,9246,true,0.345157
11512,30545,false,0.996702
11513,9288,true,0.65244
11513,9412,true,0.554186
11513,9729,true,0.033244
11513,9845,true,0.636272
11513,10436,false,0.819467
11513,48425,false,0.528901
11513,53431,false,0.047581
11514,6323,true,0.522258
11514,9279,true,0.515404
11514,9405,true,0.971092
11514,9532,true,0.302307
11514,16186,false,0.074813
11514,47706,false,0.949617
11514,58409,false,0.797316
11515,9123,true,0.676826
11515,23094,false,0.251944
11515,26911,false,0.551906
11516,6530,true,0.82391
11516,33710,false,0.416695
11516,39168,false,0.09695
11517,16353,false,0.372236
11517,20422,false,0.369237
11517,29006,false,0.043751
11517,31532,false,0.396916
11517,34387,false,0.306262
11518,6797,true,0.735033
11518,9163,true,0.646896
11518,9659,true,0.299084
11518,23345,false,0.654392
11518,40845,false,0.918628
11518,53692,false,0.090954
11519,6266,true,0.930988
11519,6607,true,0.564722
11519,9205,true,0.984049
11519,9266,true,0.542311
11519,9643,true,0.700258
11519,35238,false,0.91287
11520,9054,true,0.446965
11520,9219,true,0.207256
11520,9223,true,0.919168
11520,9642,true,0.056828
11520,55882,false,0.540592
11520,56501,false,0.592115
11521,6119,true,0.902812
11521,6955,true,0.114316
11522,6120,true,0.521716
11522,6934,true,0.603361
11522,9265,true,0.311478
11523,6531,true,0.040501
11523,33828,false,0.013944
11523,40552,false,0.796569
11524,6023,true,0.36695
11524,9334,true,0.66316
11524,9661,true,0.607901
11524,25530,false,0.229172
11524,31729,false,0.215904
11524,34450,false,0.319942
11524,57793,false,0.958715
11525,9201,true,0.706002
11526,9523,true,0.021265
11526,51085,false,0.084213
11527,26645,false,0.50953
11528,6220,true,0.858934
11528,6251,true,0.632737
11528,9112,true,0.712587
11528,9502,true,0.148717
11528,11191,false,0.180601
11528,24977,false,0.243335
11528,33678,false,0.104572
11528,56924,false,0.18144
11529,6205,true,0.57655
11529,9947,true,0.295081
11529,10153,false,0.798638
11529,11441,false,0.05931
11529,23115,false,0.747608
11529,24892,false,0.086334
11530,9047,true,0.492099
11530,18922,false,0.51697
11530,22360,false,0.886085
11530,22983,false,0.744206
11530,46798,false,0.579984
11530,59729,false,0.87657
11531,6297,true,0.013652
11531,37555,false,0.43238
11531,41177,false,0.832614
11532,6451,true,0.244803
11532,14262,false,0.864578
11532,18939,false,0.954059
11533,6241,true,0.585394
11533,9725,true,0.914704
11534,35712,false,0.526113
11534,56468,false,0.325606
11535,9422,true,0.847573
11535,9827,true,0.569065
11535,37256,false,0.042587
11535,39976,false,0.696274
11536,9453,true,0.337154
11536,9666,true,0.106977
11536,23583,false,0.815077
11536,34742,false,0.319881
11536,37011,false,0.668787
11536,42776,false,0.840305
11536,59420,false,0.420028
11537,6018,true,0.255797
11537,6851,true,0.368538
11537,15683,false,0.72308
11537,42322,false,0.520723
11537,58410,false,0.253079
11538,9385,true,0.957525
11538,28703,false,0.299428
11538,42234,false,0.745015
11538,43072,false,0.515965
11538,56535,false,0.294251
11539,6339,true,0.118705
11539,6860,true,0.478037
11539,9390,true,0.488814
11539,9756,true,0.846618
11539,36872,false,0.723107
11539,40770,false,0.801305
11539,46975,false,0.132399
11540,9486,true,0.610051
11540,16256,false,0.677577
11540,29484,false,0.35496
11540,50363,false,0.768044
11540,55163,false,0.805569
11541,6841,true,0.090265
11541,9599,true,0.753311
11541,9616,true,0.282752
11541,12657,false,0.485273
11542,9244,true,0.356233
11542,57629,false,0.968295
11543,6807,true,0.244082
11543,6943,true,0.166906
11543,18757,false,0.585251
11543,40826,false,0.15667
11543,43383,false,0.876131
11544,16668,false,0.382261
11544,22913,false,0.32173
11544,35496,false,0.675246
11544,55407,false,0.858049
11545,6354,true,0.474117
11545,6951,true,0.716623
11545,6978,true,0.658886
11545,9852,true,0.425002
11545,15356,false,0.500442
11545,46783,false,0.271144
11545,57003,false,0.777181
11546,2107,true,0.738511
11546,2311,true,0.214915
11546,9533,true,0.43059
11546,10276,false,0.469093
11546,11209,false,0.572965
11546,23648,false,0.468679
11547,2219,true,0.402913
11547,9803,true,0.918744
11547,34304,false,0.15295
11547,41225,false,0.212042
11547,41742,false,0.472607
11547,55207,false,0.837022
11548,2054,true,0.02049
11548,6333,true,0.213296
11548,6645,true,0.800065
11548,9074,true,0.556379
11548,9111,true,0.576775
11548,24921,false,0.736485
11549,6252,true,0.802928
11549,6489,true,0.606008
11549,9271,true,0.011517
11549,9356,true,0.566192
11549,33953,false,0.188449
11549,34293,false,0.803963
11550,6196,true,0.879514
11550,9343,true,0.293978
11550,9382,true,0.312414
11550,9701,true,0.278557
11550,9877,true,0.060926
11550,10134,false,0.383242
11550,52180,false,0.691267
11551,6114,true,0.023712
11551,6439,true,0.870012
11551,34316,false,0.223663
11551,35505,false,0.1228
11551,47071,false,0.443925
11552,9379,true,0.205182
11552,24046,false,0.569269
11552,40601,false,0.710722
11552,52670,false,0.866753
11553,6228,true,0.114062
11553,6630,true,0.188887
11553,9302,true,0.319911
11553,9484,true,0.689579
11553,30935,false,0.099369
11553,41927,false,0.845808
11553,46394,false,0.775463
11553,50825,false,0.828242
11553,59172,false,0.209048
11554,2120,true,0.905567
11554,2802,true,0.177168
11554,6243,true,0.893642
11554,9238,true,1.055033
11554,9932,true,0.282598
11554,24646,false,0.564255
11554,50268,false,0.480026
11555,6372,true,0.034205
11555,9504,true,0.475711
11555,9802,true,0.237615
11555,30274,false,0.906061
11555,34085,false,1.01175
11556,6600,true,0.189085
11556,9045,true,1.022415
11556,9338,true,0.663963
11556,9919,true,0.305604
11556,25866,false,0.648778
11556,39665,false,0.2601
11556,57582,false,0.969458
11557,2253,true,0.915565
11558,9635,true,0.394236
11558,13439,false,0.575662
11558,23314,false,0.341463
11558,24837,false,0.63922
11558,34048,false,0.326526
11558,42603,false,0.54633
11558,42923,false,0.542882
11558,59782,false,0.477852
11559,6438,true,0.816223
11559,9011,true,0.340697
11559,9409,true,0.843694
11559,15922,false,0.142014
11559,30429,false,0.057727
11559,58128,false,0.083221
11560,6056,true,0.797185
11560,6502,true,0.457735
11560,9526,true,0.623741
11560,37584,false,0.771108
11560,41266,false,0.752834
11561,6514,true,0.051425
11561,9958,true,0.91867
11561,33569,false,0.666342
11561,48012,false,0.698511
11561,52754,false,0.91875
11562,3007,true,0.680301
11562,6078,true,0.531179
11562,6328,true,1.02787
11562,6944,true,0.887995
11562,9598,true,0.008165
11562,9808,true,0.52399
11562,20190,false,0.98734
11562,24068,false,0.996221
11562,44550,false,0.444337
11562,51321,false,0.675827
11562,59284,false,0.862254
11564,6215,true,0.015123
11564,6247,true,0.743284
11564,6991,true,0.06394
11564,9292,true,0.612792
11564,9612,true,0.552574
11564,9652,true,0.449211
11564,9785,true,0.785596
11564,18438,false,0.625611
11564,20164,false,0.790977
11564,51448,false,0.470287
11565,2939,true,0.702754
11565,6080,true,0.729271
11565,6386,true,0.547196
11565,9680,true,0.941569
11565,14243,false,0.074854
11565,16496,false,0.244951
11566,2233,true,0.790164
11566,2677,true,0.144682
11566,9798,true,0.380574
11566,50169,false,0.853831
11567,6726,true,0.405545
11567,9028,true,0.485514
11567,9823,true,0.090141
11567,9834,true,0.835444
11567,21960,false,0.558446
11568,6479,true,0.414972
11568,34933,false,0.522416
11568,37546,false,0.11663
11568,42237,false,0.245964
11568,54349,false,0.854813
11568,56251,false,0.554839
11569,2454,true,0.875288
11569,2632,true,0.712634
11569,6163,true,0.911825
11569,58307,false,0.414025
11570,2044,true,0.927654
11570,26452,false,0.567067
11570,29582,false,0.965454
11570,32053,false,0.787881
11570,45193,false,0.73818
11570,52853,false,0.808757
11571,9301,true,0.847239
11571,9564,true,0.224977
11571,9583,true,0.612742
11571,21744,false,0.445576
11571,33523,false,0.883783
11571,36225,false,0.012674
11571,47813,false,0.164291
11572,6098,true,0.380232
11572,6583,true,0.048531
11572,9264,true,0.930458
11572,9656,true,0.206419
11572,9715,true,0.122797
11572,9898,true,0.584641
11572,17583,false,0.051173
11572,32237,false,0.384762
11572,55212,false,0.83509
11573,6657,true,0.226269
11573,9825,true,0.345567
11574,6099,true,0.086775
11574,6319,true,0.886932
11574,9341,true,0.414664
11574,9547,true,0.072312
11574,17027,false,0.270209
11574,35898,false,0.612156
11574,37953,false,0.391372
11574,57495,false,0.933241
11575,6102,true,0.717566
11575,6508,true,0.056043
11575,9162,true,0.861979
11575,9810,true,0.863657
11575,20797,false,0.693016
11575,45310,false,0.157453
11575,56018,false,0.048437
11575,57524,false,0.211551
11576,36246,false,0.993356
11576,36762,false,0.325538
11576,37785,false,0.300852
11577,6719,true,0.093511
11577,9252,true,0.790184
11577,21595,false,0.744084
11577,23195,false,0.037786
11577,29449,false,0.270614
11577,37446,false,0.667722
11577,43141,false,0.418014
11577,54104,false,0.002929
11577,56819,false,0.436505
11578,6207,true,0.705936
11578,6476,true,0.77847
11578,9042,true,0.058593
11578,9695,true,0.555293
11578,28346,false,0.564434
11578,48887,false,0.445173
11578,50857,false,0.641412
11578,57857,false,0.856299
11579,6141,true,0.550541
11579,6637,true,0.290963
11580,6388,true,0.977586
11580,9283,true,0.24818
11580,9568,true,0.062244
11580,9849,true,0.83077
11580,9914,true,0.458521
11580,30899,false,0.035227
11581,9339,true,0.427015
11581,23310,false,0.530525
11581,38058,false,0.501922
11581,55860,false,0.464114
11582,9141,true,0.046451
11582,9327,true,0.055112
11582,12005,false,0.538071
11582,41688,false,0.594044
11582,53650,false,0.267721
11582,58299,false,0.978774
11583,9528,true,0.725486
11583,46049,false,0.376399
11583,48775,false,0.978216
11583,52801,false,0.83309
11583,53481,false,0.65649
11584,6724,true,0.235974
11584,9703,true,0.848381
11584,28415,false,0.176154
11584,31777,false,0.491771
11584,48128,false,0.881522
11584,49704,false,0.584809
11584,58922,false,0.99439
11585,6107,true,0.901352
11585,6443,true,0.963333
11585,6509,true,0.536447
11585,6770,true,0.543995
11585,9311,true,0.349576
11585,9847,true,0.172438
11585,28852,false,0.289726
11586,6282,true,0.46914
11586,9490,true,0.680905
11587,9399,true,0.159398
11587,9585,true,0.194468
11587,9615,true,0.6783
11587,9964,true,0.340848
11587,21277,false,0.029685
11587,33718,false,0.885295
11588,6983,true,0.016085
11588,9378,true,0.463406
11588,9648,true,0.467958
11588,9876,true,0.849094
11588,31595,false,0.6255
11588,46122,false,0.249386
11589,9242,true,0.240554
11590,9296,true,0.210015
11590,9418,true,1.031843
11590,9464,true,0.297402
11590,51029,false,0.784426
11591,6543,true,0.480056
11591,9441,true,0.108047
11591,9854,true,0.932409
11591,15899,false,0.319747
11591,44239,false,0.602858
11591,47154,false,0.974734
11591,49416,false,0.210179
11592,6330,true,0.478805
11592,6491,true,0.289797
11592,22706,false,0.979753
11592,26471,false,0.892733
11592,41604,false,0.314587
11592,52266,false,0.164265
11593,6046,true,0.015274
11593,6161,true,0.858694
11593,6662,true,0.263898
11593,9582,true,0.262517
11593,9683,true,1.034258
11593,9706,true,0.029667
11593,9794,true,0.819511
11593,43087,false,0.202565
11593,47979,false,0.006314
11593,53227,false,0.825307
11594,9233,true,0.572154
11594,9685,true,0.968309
11594,25930,false,0.461344
11595,6143,true,0.280491
11595,6332,true,0.192479
11595,9146,true,0.158138
11595,9474,true,0.629976
11595,9839,true,0.335694
11595,36151,false,0.491732
11596,6061,true,0.274603
11596,6166,true,0.487096
11596,6203,true,0.382998
11597,6688,true,0.092848
11597,9681,true,0.752846
11597,9822,true,0.44941
11597,57231,false,0.234226
11598,6776,true,0.321364
11598,9130,true,0.148053
11598,9305,true,0.261928
11598,9710,true,1.007533
11598,30343,false,0.939459
11598,56322,false,0.695949
11599,6893,true,0.898394
11599,9381,true,0.26292
11599,57921,false,0.724357
11600,9203,true,0.7085
11600,9468,true,0.611113
11600,32432,false,0.852833
11600,35396,false,0.988837
11600,48632,false,0.595501
11600,51736,false,0.285372
11601,6573,true,0.277856
11601,6638,true,0.632415
11602,2210,true,0.683273
11602,2236,true,0.142231
11602,2347,true,0.286919
11602,9721,true,0.071835
11602,26781,false,0.131168
11602,31488,false,0.311692
11603,911,true,1.003312
11603,2558,true,0.043842
11603,2769,true,0.920315
11603,2870,true,0.817088
11603,3212,true,0.89196
11603,8259,true,0.67205
11603,8604,true,0.059265
11603,14340,false,0.565476
11603,34114,false,0.15997
11604,789,true,0.315977
11604,1427,true,0.260481
11604,2718,true,0.196807
11604,3052,true,0.388
11604,3161,true,0.884761
11604,35590,false,0.468729
11604,36234,false,0.767859
11604,39631,false,0.809993
11605,1696,true,0.743509
11605,2399,true,0.035597
11605,2403,true,0.180686
11605,2814,true,0.091276
11605,8831,true,0.494828
11605,13174,false,0.717137
11605,14367,false,0.409717
11605,18351,false,0.729587
11606,2720,true,0.442472
11606,2739,true,0.79274
11606,8761,true,0.739824
11606,26997,false,0.010721
11606,58711,false,0.56932
11607,2849,true,0.030576
11607,2996,true,0.968841
11607,8505,true,0.562594
11607,11130,false,0.364964
11607,20085,false,0.650873
11608,594,true,0.262156
11608,29077,false,1.069527
11608,32059,false,0.25268
11608,42148,false,0.05637
11608,42269,false,0.779341
11609,6960,true,0.430235
11609,9092,true,0.789571
11609,9989,true,0.75262
11609,20159,false,0.897947
11609,23677,false,0.381682
11609,45964,false,0.022582
11610,6937,true,0.621159
11610,9524,true,0.642834
11610,9900,true,0.260312
11610,31471,false,0.51729
11610,53670,false,0.366812
11611,6084,true,0.355465
11611,9080,true,0.577547
11611,9555,true,0.578486
11611,9864,true,0.697252
11611,45282,false,0.883157
11611,57355,false,0.73547
11611,58740,false,0.752735
11612,6053,true,0.755234
11612,9173,true,0.327803
11612,9801,true,0.392685
11612,18227,false,0.76856
11612,21842,false,0.212259
11612,47681,false,0.57505
11613,6077,true,0.562134
11613,6193,true,0.932099
11613,9779,true,0.087838
11614,9299,true,0.406894
11614,16100,false,0.844096
11614,33054,false,0.698226
11614,40712,false,0.52204
11615,6415,true,0.773963
11615,6501,true,0.846731
11615,9614,true,0.073543
11615,17925,false,0.836074
11616,6804,true,0.330244
11616,50314,false,0.751419
11616,52241,false,0.974243
11616,54816,false,0.011607
11617,6866,true,0.971857
11617,9950,true,0.899742
11618,6769,true,0.976664
11618,6969,true,0.889361
11618,9134,true,0.94672
11618,9531,true,0.642704
11618,10121,false,0.745279
11618,22624,false,0.718706
11619,6123,true,0.922158
11619,9665,true,0.221932
11620,9744,true,0.698316
11620,17398,false,0.909381
11620,18996,false,0.268391
11620,45696,false,0.099542
11620,51535,false,0.879442
11620,57977,false,0.110272
11620,59760,false,0.382944
11621,6534,true,0.614335
11621,15680,false,0.003176
11621,15985,false,0.644433
11621,17245,false,0.589255
11621,21275,false,0.080852
11621,24560,false,0.660383
11621,41641,false,0.553181
11621,49418,false,0.63839
11622,6422,true,0.047857
11622,9629,true,0.142807
11623,9350,true,0.226723
11623,9905,true,0.306071
11623,22211,false,0.368192
11623,31451,false,0.320798
11623,38730,false,0.95843
11624,6846,true,0.777513
11624,9784,true,0.064417
11624,16901,false,0.171771
11624,17093,false,0.160909
11624,25725,false,0.252752
11624,30111,false,0.782668
11625,23147,false,0.160061
11626,533,true,0.913949
11626,49326,false,0.934236
11626,58358,false,0.034696
11626,59116,false,0.699175
11627,630,true,0.026146
11627,35793,false,0.123699
11627,38166,false,0.876534
11627,49414,false,0.358453
11628,305,true,0.554915
11628,733,true,0.847674
11628,35771,false,0.216181
11629,8752,true,0.188533
11630,397,true,0.756477
11630,2567,true,0.620448
11630,2691,true,0.29798
11630,45024,false,0.610597
11631,8154,true,1.012712
11631,19563,false,0.20795
11631,31240,false,0.282727
11631,56678,false,0.871199
11632,8993,true,0.682083
11632,14908,false,0.365716
11632,15372,false,0.239626
11632,16214,false,0.389252
11632,58195,false,0.066976
11633,2061,true,0.797241
11633,15716,false,0.899912
11633,29431,false,0.192694
11633,38963,false,0.254523
11634,11676,false,0.074436
11634,12686,false,0.861772
11634,49059,false,0.657341
11634,58526,false,0.876147
11635,12475,false,0.56263
11635,24102,false,0.395337
11635,36525,false,0.591273
11635,37997,false,0.55486
11636,1005,true,0.976101
11636,3096,true,0.518258
11637,2524,true,0.494828
11637,3211,true,0.897508
11637,8945,true,0.469464
11637,14168,false,0.471156
11637,23920,false,0.664337
11637,49389,false,0.153897
11637,50884,false,0.299375
11638,1009,true,0.56716
11638,3098,true,0.083134
11638,8709,true,0.919846
11638,21313,false,0.518951
11638,22373,false,0.394398
11638,43282,false,0.776353
11639,310,true,0.042654
11639,8654,true,0.454665
11639,19621,false,0.410586
11639,33595,false,0.070035
11640,2728,true,0.798521
11640,2765,true,0.413419
11640,3154,true,0.731819
11640,3770,true,0.911381
11640,8124,true,0.624944
11640,14553,false,0.460056
11640,18250,false,0.63754
11640,50587,false,0.003131
11641,2519,true,0.041859
11641,2552,true,0.257537
11641,8860,true,0.402795
11641,15340,false,0.90503
11641,16673,false,0.103131
11641,18914,false,0.35537
11641,36197,false,0.173271
11641,42077,false,0.841118
11641,49541,false,0.324591
11642,2416,true,0.291281
11642,3662,true,0.929161
11642,8242,true,0.19211
11642,17760,false,0.237722
11642,27999,false,0.324307
11642,34743,false,0.379696
11642,56942,false,0.800692
11643,887,true,0.81219
11643,2948,true,0.284366
11643,13321,false,0.265694
11643,45513,false,0.904486
11644,1029,true,0.812889
11644,1194,true,0.062037
11644,11800,false,0.682983
11644,14685,false,0.224466
11644,50175,false,0.571015
11644,51892,false,0.101223
11644,53938,false,0.547985
11644,59455,false,0.547193
11645,2971,true,0.817575
11645,8265,true,0.079584
11645,54603,false,0.501688
11645,54762,false,0.396301
11646,19298,false,0.431502
11647,76,true,0.70408
11647,2465,true,0.385214
11647,15150,false,0.886733
11647,38086,false,0.401538
11648,221,true,0.324212
11648,2957,true,0.002282
11648,11235,false,0.474025
11648,17821,false,0.815218
11648,43799,false,0.060134
11648,47024,false,0.605399
11649,81,true,0.921871
11649,8540,true,0.388232
11649,12850,false,0.921445
11649,13196,false,0.586477
11650,28,true,0.642691
11650,8065,true,0.608423
11650,47107,false,0.096932
11651,2706,true,0.227611
11651,13120,false,0.006873
11651,35975,false,0.139917
11651,40321,false,0.51407
11652,2064,true,0.772066
11652,2151,true,0.76248
11652,2183,true,0.748479
11652,2307,true,0.230197
11652,30474,false,0.819875
11652,48536,false,1.001129
11653,2508,true,0.271418
11653,2573,true,0.589032
11653,12778,false,0.250299
11653,19383,false,0.865475
11653,28897,false,0.293789
11653,34083,false,0.637764
11653,40594,false,0.802041
11654,972,true,0.208053
11654,8116,true,0.347307
11654,59448,false,0.783331
11655,2541,true,0.978142
11655,8210,true,0.032777
11655,8714,true,0.834234
11655,10888,false,0.972217
11655,41432,false,0.61203
11656,14620,false,0.714921
11656,35121,false,0.579289
11657,696,true,0.174553
11657,2461,true,0.811277
11657,15578,false,0.183938
11657,18986,false,0.959526
11657,39732,false,0.242478
11657,52401,false,0.47096
11657,57186,false,0.86183
11658,8706,true,0.521033
11658,8798,true,0.926777
11659,2435,true,0.358633
11659,2891,true,0.415549
11659,3656,true,0.564045
11659,8240,true,0.051672
11659,16790,false,0.151195
11659,38843,false,0.561434
11660,2701,true,0.349336
11660,18360,false,0.299599
11661,2642,true,0.823507
11661,31406,false,0.082401
11661,46434,false,0.800129
11662,2333,true,0.928103
11662,3217,true,0.699847
11662,3515,true,0.88027
11662,3698,true,0.665256
11662,16433,false,0.968516
11662,41189,false,0.471302
11663,2164,true,0.365317
11663,3089,true,0.691577
11663,8913,true,0.635028
11663,10223,false,0.704477
11664,2600,true,0.225146
11664,2773,true,0.416244
11664,2788,true,0.494635
11664,13417,false,0.230844
11664,24826,false,0.150259
11665,973,true,0.518311
11665,8414,true,0.467796
11665,8622,true,0.342847
11665,8822,true,0.241076
11665,12268,false,0.958502
11665,49724,false,0.816086
11666,3229,true,0.456754
11666,26474,false,0.382104
11667,3149,true,0.439933
11667,13862,false,0.525945
11667,20507,false,0.943205
11667,42858,false,0.109091
11667,46516,false,0.751212
11668,607,true,0.109757
11668,641,true,0.52411
11668,3215,true,0.373257
11668,3477,true,0.445137
11668,3589,true,0.333583
11668,8573,true,0.782165
11668,8667,true,0.582764
11668,8892,true,0.550228
11668,13634,false,0.619764
11668,17926,false,0.819541
11668,30836,false,0.143744
11668,30887,false,0.904611
11669,2711,true,0.447421
11669,45910,false,0.731303
11670,1004,true,0.429259
11670,2321,true,0.170629
11670,2878,true,0.431223
11670,3834,true,0.321474
11670,8927,true,0.311766
11670,26597,false,0.05306
11670,57702,false,0.322106
11670,58867,false,0.153522
11671,135,true,0.668241
11671,365,true,0.146727
11671,445,true,0.21438
11671,3247,true,0.179685
11672,247,true,0.700477
11672,2782,true,0.431758
11672,2901,true,0.615959
11672,3350,true,0.367446
11672,3539,true,0.821277
11672,3987,true,0.073446
11672,8683,true,0.225855
11672,56592,false,0.967267
11673,900,true,0.598268
11673,2730,true,0.304306
11673,34702,false,0.710291
11673,36985,false,0.804561
11673,48666,false,0.046148
11673,49036,false,0.416254
11673,55436,false,0.885172
11674,3039,true,0.10653
11674,8600,true,0.901882
11674,8677,true,0.681051
11674,40359,false,0.998207
11675,2682,true,0.771407
11675,15478,false,0.888566
11675,17135,false,0.12951
11676,2144,true,0.445116
11676,3120,true,0.921238
11676,19056,false,0.84078
11676,38135,false,0.265056
11676,40674,false,0.430385
11676,56325,false,0.97826
11677,348,true,0.960548
11677,18652,false,0.289754
11678,2072,true,0.484924
11678,2840,true,0.188871
11679,145,true,0.397525
11679,757,true,0.58879
11679,2432,true,0.872909
11679,29322,false,0.344916
11680,2579,true,0.98958
11680,2821,true,0.127168
11680,8750,true,0.361459
11680,12157,false,0.665601
11680,24083,false,0.134425
11680,24615,false,0.656715
11680,37858,false,0.863839
11680,47137,false,0.275144
11681,63,true,0.617397
11681,21312,false,0.866862
11682,832,true,0.467362
11682,2257,true,0.457963
11682,3010,true,0.113315
11682,3242,true,0.426627
11682,14756,false,0.727099
11682,23198,false,0.936982
11682,31555,false,0.804533
11682,32746,false,0.614265
11682,36673,false,0.424502
11682,39574,false,0.36416
11682,42975,false,0.592559
11682,56922,false,0.183639
11683,374,true,0.930951
11683,2883,true,0.942294
11683,3091,true,0.298321
11683,8188,true,0.179458
11683,8801,true,0.298349
11683,28236,false,0.39675
11683,32494,false,0.20064
11683,34912,false,0.794866
11683,51798,false,0.411718
11684,983,true,0.496502
11684,8179,true,0.740507
11684,18625,false,0.799173
11684,33522,false,0.613478
11684,43608,false,0.78374
11685,8990,true,0.024002
11685,10096,false,0.879242
11685,24894,false,0.367491
11685,28909,false,0.562527
11685,33451,false,0.463841
11685,54593,false,0.610058
11686,3411,true,0.181337
11686,8590,true,0.516787
11686,23263,false,0.043517
11686,23386,false,0.580417
11687,777,true,0.067206
11687,3472,true,0.590008
11687,8135,true,0.563172
11687,29734,false,0.804205
11687,37818,false,0.606854
11687,56261,false,0.92449
11688,3273,true,0.055783
11688,8739,true,0.816086
11688,49931,false,0.615412
11688,51141,false,0.727349
11689,21,true,0.046593
11689,26,true,0.3122
11689,2260,true,0.641535
11689,3218,true,0.375981
11689,46104,false,0.767346
11689,51392,false,0.002631
11689,53052,false,0.352785
11690,557,true,1.012121
11690,17462,false,0.983095
11691,3932,true,0.883898
11691,13114,false,0.600401
11691,17957,false,0.991065
11692,3029,true,0.152155
11692,8686,true,0.990649
11692,8785,true,0.131946
11692,24274,false,0.534707
11692,25461,false,0.458686
11692,43861,false,0.592114
11692,55715,false,0.37205
11693,8499,true,0.445222
11693,22516,false,0.875815
11693,38911,false,0.1915
11693,50626,false,0.520862
11693,57645,false,0.776383
11694,2387,true,0.334921
11694,2722,true,0.112031
11694,2727,true,0.533799
11694,3555,true,0.735426
11694,23953,false,0.002277
11694,27997,false,0.017197
11695,323,true,0.69988
11695,2086,true,0.420727
11695,2955,true,0.129328
11695,10498,false,0.777495
11695,12795,false,0.729327
11695,41409,false,0.56532
11695,54674,false,0.858379
11695,59848,false,0.276437
11696,355,true,0.406804
11696,3706,true,0.460984
11696,8129,true,0.986938
11696,8255,true,0.53234
11696,8970,true,0.499328
11696,16383,false,0.585498
11696,33306,false,0.829997
11696,57515,false,0.216709
11696,58680,false,0.94879
11697,3792,true,0.307381
11697,3949,true,0.774341
11697,3972,true,0.033461
11697,8370,true,0.46033
11697,51944,false,0.269895
11698,2594,true,0.173045
11698,3206,true,0.593075
11698,30851,false,0.628439
11698,46315,false,0.782173
11699,2165,true,0.351465
11699,2493,true,0.598728
11699,8491,true,0.165411
11699,15542,false,0.543245
11699,29476,false,0.771076
11699,43443,false,0.980231
11699,44113,false,0.893377
11699,53606,false,0.092628
11699,58212,false,0.483966
11700,503,true,0.57054
11700,3807,true,0.796372
11700,18751,false,0.693453
11700,34374,false,0.857522
11700,47736,false,0.811516
11701,3228,true,0.153809
11701,3743,true,0.458181
11701,20161,false,0.211943
11701,28655,false,0.865593
11702,590,true,1.010498
11702,3404,true,0.190934
11702,3596,true,0.17817
11702,28310,false,0.987768
11702,39685,false,0.594034
11702,59803,false,0.189752
11703,368,true,0.384947
11703,610,true,0.265903
11703,3097,true,0.774342
11703,8003,true,0.48168
11704,806,true,0.820529
11704,2166,true,0.16329
11704,2716,true,0.822964
11704,3939,true,0.150808
11704,34638,false,0.337079
11704,45765,false,0.005282
11704,49930,false,0.729848
11704,50541,false,0.003311
11705,591,true,0.333875
11706,3033,true,0.448736
11706,3524,true,0.345344
11706,8277,true,0.045667
11706,15486,false,0.314152
11706,42056,false,0.46585
11706,53371,false,0.56504
11707,2200,true,0.674367
11707,2970,true,0.304711
11707,3241,true,0.51479
11707,3869,true,0.248409
11707,8234,true,0.637087
11707,8680,true,0.492401
11707,8730,true,0.248074
11708,415,true,0.047847
11708,2483,true,0.591161
11708,3468,true,0.642775
11708,3598,true,0.885987
11708,8948,true,0.084973
11708,36154,false,0.904982
11709,2448,true,0.631305
11709,3601,true,0.937809
11709,8572,true,0.263349
11709,40352,false,0.195611
11710,3564,true,0.380004
11710,33679,false,0.847512
11710,47113,false,0.377782
11710,59215,false,0.544959
11711,2211,true,0.68814
11711,33042,false,0.50983
11711,37485,false,0.386482
11711,53270,false,0.61451
11712,8344,true,0.698783
11712,17176,false,0.471214
11712,38673,false,0.352664
11712,53776,false,0.466594
11712,55331,false,0.754869
11713,2637,true,0.506331
11713,8053,true,0.495237
11713,8975,true,0.363126
11713,17654,false,1.009413
11713,36849,false,0.97663
11713,46925,false,0.532779
11713,53530,false,0.823537
11714,333,true,0.884504
11714,637,true,0.101977
11714,2293,true,0.446501
11714,17621,false,0.268805
11714,31883,false,0.344459
11714,32665,false,0.915161
11715,742,true,0.617364
11715,22348,false,0.33727
11715,53845,false,0.482201
11715,55362,false,0.629661
11715,58303,false,0.986049
11716,209,true,0.405935
11716,2827,true,0.429455
11716,2899,true,0.442875
11716,2904,true,0.063871
11716,28567,false,0.594404
11717,2684,true,0.323611
11717,38331,false,0.786126
11717,46133,false,0.099689
11718,2212,true,0.072341
11718,2366,true,0.576065
11719,8268,true,0.781071
11719,15525,false,0.600798
11719,41143,false,0.880655
11720,332,true,0.506595
11720,8828,true,0.470353
11720,31215,false,0.492584
11721,44,true,0.997273
11721,18478,false,0.957035
11721,21926,false,0.714939
11721,27582,false,0.529608
11721,31468,false,0.487807
11721,49395,false,1.001756
11722,148,true,0.397388
11722,215,true,0.123994
11722,2075,true,0.089985
11722,8743,true,0.326905
11722,27864,false,0.060785
11722,36791,false,0.719012
11722,45466,false,0.387377
11723,8369,true,0.703165
11723,23192,false,0.961033
11723,53538,false,0.494138
11724,648,true,0.531309
11724,954,true,0.95351
11724,20584,false,0.981603
11725,10905,false,0.839178
11725,33778,false,0.620795
11726,19010,false,0.426753
11726,28337,false,0.537752
11726,43894,false,0.391829
11727,20657,false,0.370333
11727,32402,false,0.548605
11727,39518,false,0.781795
11728,779,true,0.164332
11728,993,true,0.917006
11728,2542,true,0.799271
11728,8380,true,0.292431
11728,15649,false,0.039911
11728,40449,false,0.504183
11728,48286,false,0.300667
11728,57572,false,0.419017
11729,166,true,0.679839
11729,2081,true,0.562054
11729,39801,false,0.631259
11729,52330,false,0.943646
11730,628,true,0.343444
11730,2440,true,0.856179
11730,2458,true,0.913317
11730,26090,false,0.714891
11730,32438,false,0.702446
11730,47606,false,0.526248
11730,55484,false,0.544342
11731,2559,true,0.013641
11731,8309,true,0.38588
11731,8998,true,0.195198
11732,967,true,0.77903
11732,979,true,0.174923
11732,17550,false,0.769691
11732,45760,false,0.398674
11732,56037,false,0.667821
11732,59888,false,0.409975
11733,41901,false,0.662253
11733,49577,false,0.03873
11734,8489,true,0.538001
11734,54217,false,0.971709
11735,3001,true,0.660455
11735,18172,false,0.686062
11735,24786,false,0.767621
11735,27704,false,0.237931
11735,29253,false,0.689497
11735,31537,false,0.484183
11735,56226,false,0.510644
11736,2133,true,0.088016
11736,2942,true,0.960964
11736,8537,true,0.814762
11736,15036,false,0.383396
11736,24417,false,0.853838
11736,41664,false,0.685013
11736,56184,false,0.251298
11737,257,true,0.426515
11737,2042,true,0.45943
11737,2048,true,0.636752
11737,2436,true,0.237468
11737,30072,false,0.072949
11737,47631,false,0.070778
11737,55359,false,0.354404
11738,281,true,0.424567
11738,8648,true,0.35338
11738,12026,false,0.264491
11738,27381,false,0.78217
11738,29058,false,0.490973
11738,30413,false,0.058465
11738,45040,false,0.602792
11739,2111,true,0.795643
11739,2688,true,0.319365
11739,12225,false,0.734254
11740,23,true,0.59954
11740,334,true,0.10139
11740,31913,false,0.415325
11740,41589,false,0.357415
11740,42143,false,0.524703
11741,496,true,0.168653
11741,2811,true,0.385275
11741,11289,false,0.720421
11741,33068,false,0.738257
11742,2126,true,0.944025
11743,17302,false,0.317288
11743,30812,false,0.844239
11743,39470,false,0.40808
11743,47936,false,0.098181
11744,2929,true,0.360291
11744,12664,false,0.60457
11744,46665,false,0.223373
11745,2157,true,0.787033
11745,2393,true,0.259418
11745,8619,true,0.423116
11745,25199,false,0.576675
11745,33459,false,0.677606
11745,38611,false,0.058317
11746,2377,true,0.589003
11746,2924,true,0.613042
11746,8880,true,0.881024
11746,19445,false,0.230715
11746,23890,false,0.226259
11746,33804,false,0.257065
11746,47284,false,0.546367
11746,54227,false,0.788426
11747,2561,true,0.545995
11747,10752,false,0.945602
11747,11859,false,0.366698
11747,28484,false,0.773698
11747,32160,false,0.022734
11748,498,true,0.455124
11748,585,true,0.917234
11748,2608,true,0.258881
11748,8381,true,0.002202
11748,8796,true,0.641227
11748,10980,false,0.173416
11748,23103,false,0.257227
11749,106,true,0.760725
11749,643,true,0.532906
11749,39268,false,0.257886
11750,33449,false,0.319801
11751,8549,true,0.740439
11751,22296,false,0.506951
11751,54562,false,0.145539
11752,38,true,0.31983
11752,8395,true,0.507712
11752,8740,true,0.535555
11752,8920,true,0.639022
11752,10744,false,0.539715
11752,19777,false,0.296127
11752,33361,false,0.705078
11752,37399,false,0.601862
11752,51201,false,0.40154
11753,8305,true,0.051364
11753,8624,true,0.135545
11753,10404,false,0.903148
11753,13586,false,0.582628
11753,13756,false,0.521291
11753,24186,false,0.341786
11754,2049,true,0.674248
11754,2893,true,0.853354
11754,3002,true,0.516173
11754,36840,false,0.394512
11754,56376,false,0.942023
11755,934,true,0.15355
11755,8889,true,0.144021
11755,26924,false,0.021661
11755,34873,false,0.53398
11755,44950,false,0.829326
11756,253,true,0.257629
11756,337,true,0.934485
11756,31995,false,0.348519
11756,48540,false,0.627431
11757,172,true,0.51659
11757,723,true,0.017486
11757,2529,true,0.52836
11757,8293,true,0.085859
11757,8981,true,0.446711
11757,12158,false,0.10818
11757,15848,false,0.73025
11757,37480,false,0.901974
11758,2238,true,0.15783
11758,2940,true,0.240424
11758,2969,true,0.24476
11758,25161,false,0.42986
11758,28692,false,0.649728
11758,29277,false,0.713678
11759,428,true,0.524386
11759,2051,true,0.741234
11759,2634,true,0.505116
11759,8382,true,0.721281
11759,8800,true,0.603907
11759,29316,false,0.957684
11759,43342,false,0.719028
11760,8131,true,0.707943
11760,15743,false,0.407715
11760,31149,false,0.13707
11760,54456,false,0.612975
11761,2784,true,0.134239
11761,8310,true,0.238005
11761,27887,false,0.612977
11761,33095,false,0.893794
11761,35167,false,0.900427
11762,99,true,0.004204
11762,107,true,0.080386
11762,836,true,0.475892
11762,2411,true,0.073237
11762,13653,false,0.360582
11762,32464,false,0.265593
11762,56032,false,0.41182
11763,2192,true,0.521645
11763,2680,true,0.141252
11763,28309,false,0.755161
11763,50227,false,0.047706
11764,2675,true,0.186972
11764,21364,false,0.548473
11764,23744,false,0.823889
11765,8792,true,0.355543
11765,39768,false,0.49675
11766,313,true,0.567032
11766,484,true,0.977038
11766,28017,false,0.081198
11766,47735,false,0.528135
11767,21738,false,0.108333
11767,27829,false,0.852462
11768,300,true,0.478247
11768,865,true,0.259971
11768,2142,true,0.055442
11768,2336,true,0.381849
11768,2954,true,0.303166
11768,21881,false,0.743002
11768,41067,false,0.840701
11769,8377,true,0.305525
11770,639,true,0.521716
11770,18890,false,0.435606
11770,23936,false,0.112368
11770,45142,false,0.75615
11771,42560,false,0.818946
11772,437,true,0.798916
11772,8917,true,0.627467
11772,51295,false,0.121878
11772,54580,false,0.118833
11773,127,true,0.572076
11773,364,true,0.829816
11773,2122,true,0.42029
11773,32344,false,0.882882
11773,38153,false,0.663187
11773,55823,false,0.582087
11774,721,true,0.154291
11774,2481,true,0.495759
11774,8961,true,0.766861
11774,21966,false,0.325193
11774,44967,false,0.76578
11775,807,true,0.215177
11775,813,true,0.472114
11775,2499,true,0.870666
11775,3006,true,0.960078
11775,32208,false,0.395787
11775,49208,false,0.345121
11775,50233,false,0.923422
11775,52854,false,0.306394
11776,2813,true,0.975086
11776,20634,false,0.375621
11776,35543,false,0.171615
11777,8824,true,0.063347
11777,20142,false,0.982573
11777,55796,false,0.095926
11778,2450,true,0.077731
11778,8256,true,0.338708
11778,26026,false,0.846838
11778,46012,false,0.834332
11779,2950,true,0.412851
11779,8216,true,0.701297
11779,30787,false,0.951937
11779,59164,false,0.821281
11780,512,true,0.952432
11780,30606,false,0.474844
11780,43147,false,0.597266
11780,44477,false,0.691092
11781,595,true,0.769249
11781,8663,true,0.043411
11781,42067,false,0.832234
11781,44497,false,0.822932
11782,744,true,0.04935
11782,8921,true,0.264735
11783,29817,false,0.112367
11783,37554,false,0.466177
11783,48974,false,0.880671
11784,2861,true,0.699454
11784,8591,true,0.700578
11784,45575,false,0.322951
11785,647,true,1.001089
11785,2826,true,0.519064
11785,8300,true,0.490021
11785,39515,false,0.041047
11785,57115,false,0.82163
11786,2204,true,0.112488
11786,2427,true,0.392459
11786,57220,false,0.559732
11787,6593,true,0.555424
11787,6872,true,0.757991
11787,6912,true,0.558346
11787,9132,true,0.293576
11787,9169,true,0.159397
11787,9243,true,0.233773
11787,9833,true,0.862735
11787,9930,true,0.517589
11788,9569,true,0.182828
11788,26655,false,0.61095
11788,49566,false,0.552449
11789,29157,false,0.968182
11789,46373,false,0.964851
11790,6565,true,0.507734
11790,9708,true,0.106097
11790,28470,false,0.183734
11791,6149,true,0.398164
11791,6469,true,0.514095
11791,6751,true,0.63999
11791,9645,true,0.233924
11791,41117,false,0.756417
11792,6986,true,0.709307
11792,9227,true,0.638097
11792,9386,true,0.610004
11792,9740,true,0.353241
11792,12747,false,0.549407
11792,38100,false,0.773016
11792,41152,false,0.149148
11793,6467,true,0.491083
11793,9289,true,0.676944
11793,9693,true,0.800606
11793,9782,true,0.003671
11794,9607,true,0.525424
11794,27988,false,0.666522
11794,39313,false,1.016594
11795,6594,true,0.51941
11795,6699,true,0.498189
11795,6811,true,0.559748
11795,9627,true,0.300622
11796,6882,true,0.149885
11796,9207,true,0.407058
11796,9230,true,0.075246
11796,23225,false,0.21964
11796,54908,false,0.924326
11797,9966,true,0.959374
11797,32916,false,0.872605
11797,33181,false,0.099274
11797,36428,false,0.586598
11798,24221,false,0.538054
11798,33757,false,0.682443
11798,56507,false,0.272902
11798,59415,false,0.107199
11799,6062,true,0.831923
11799,6761,true,0.250589
11799,9221,true,0.312696
11799,9551,true,0.582038
11799,9644,true,0.427071
11799,9698,true,0.245501
11799,47034,false,0.579666
11799,49962,false,0.492744
11800,9365,true,0.260988
11800,9596,true,0.610425
11800,9781,true,0.439091
11800,31437,false,0.554876
11800,31545,false,0.069263
11800,47184,false,0.252965
11801,6746,true,0.951415
11801,6973,true,0.856787
11801,6993,true,0.666505
11801,9668,true,0.486781
11801,19513,false,1.026029
11801,23703,false,0.099333
11802,9262,true,0.624006
11802,9425,true,0.711662
11802,11022,false,0.67935
11802,49954,false,0.705687
11803,1510,true,0.174071
11803,8103,true,0.034743
11803,32487,false,0.566641
11804,8153,true,0.514833
11804,8715,true,0.041225
11804,16201,false,0.108365
11804,38147,false,0.932882
11804,54916,false,0.498061
11805,1723,true,0.319081
11805,8182,true,0.101146
11805,30071,false,0.331991
11805,43950,false,0.632357
11806,1090,true,0.602221
11806,1772,true,0.215297
11806,41569,false,0.837876
11808,11500,false,0.600154
11808,55506,false,0.481938
11809,1559,true,1.095517
11809,8777,true,0.326844
11810,1896,true,0.029541
11812,22997,false,0.070767
11812,30161,false,0.110333
11812,31623,false,0.510955
11812,39615,false,0.373137
11813,1883,true,0.355168
11813,10565,false,0.451881
11813,33489,false,0.708407
11813,51314,false,0.243156
11814,8324,true,0.671383
11815,1341,true,0.251796
11815,8233,true,0.786267
11815,27852,false,0.2458
11815,52523,false,0.578473
11815,54085,false,0.759484
11816,1523,true,0.241608
11816,38157,false,0.645483
11817,10664,false,0.641915
11817,11010,false,0.230138
11817,39846,false,0.783307
11818,8298,true,0.91889
11818,18181,false,0.671199
11819,11505,false,0.546169
11819,26583,false,0.290268
11819,48977,false,0.976908
11820,8853,true,0.656054
11821,1577,true,0.153015
11821,8652,true,0.69127
11821,59524,false,0.889552
11822,24618,false,0.05431
11822,41312,false,0.752948
11822,49511,false,0.184299
11823,8343,true,0.362412
11823,17089,false,0.702157
11823,57496,false,0.181231
11824,8245,true,0.115909
11824,8374,true,0.542113
11824,8419,true,0.052868
11824,14958,false,0.837998
11824,25899,false,0.73214
11825,1961,true,0.635017
11825,8597,true,0.260683
11825,30457,false,0.91703
11825,42570,false,0.948862
11825,51670,false,0.522822
11826,1536,true,0.148387
11826,19918,false,0.36799
11827,8793,true,0.431781
11827,37510,false,0.723617
11828,1929,true,0.823957
11828,8722,true,0.414327
11828,40765,false,0.060988
11829,8426,true,0.290728
11829,10609,false,0.619164
11829,27818,false,0.917296
11829,32605,false,0.527183
11829,35704,false,0.261657
11829,39188,false,0.079896
11829,55243,false,0.640602
11830,966,true,0.232873
11830,58596,false,0.773539
11831,48,true,0.950927
11831,8066,true,0.441086
11831,8080,true,0.34417
11831,32277,false,0.350585
11831,49363,false,0.837934
11831,56803,false,0.663054
11831,59098,false,0.209966
11832,1457,true,0.756194
11832,33652,false,0.814967
11832,43407,false,0.856733
11832,48633,false,0.64822
11833,156,true,0.75649
11833,2424,true,0.623934
11834,8047,true,0.463994
11834,8578,true,0.054365
11834,46651,false,0.895453
11834,48806,false,0.702792
11835,8766,true,0.01379
11835,8791,true,0.837687
11835,26197,false,0.135957
11835,54168,false,0.892795
11837,37536,false,0.5021
11837,44526,false,0.704272
11838,8168,true,1.03914
11838,12510,false,0.92248
11838,16162,false,0.31504
11839,17870,false,0.589511
11839,34363,false,0.928999
11839,39346,false,0.755659
11840,2985,true,0.459226
11840,3921,true,0.362054
11840,11228,false,0.988119
11840,25723,false,0.823918
11840,48488,false,0.300569
11840,49216,false,0.948672
11841,270,true,0.903134
11841,505,true,0.50543
11841,891,true,0.427025
11841,2121,true,0.941428
11841,2309,true,0.248474
11841,2889,true,0.27054
11841,3389,true,0.871962
11841,10007,false,0.539879
11841,15056,false,0.81586
11841,53910,false,0.750478
11841,54221,false,0.675166
11842,2669,true,0.353717
11842,3230,true,0.222814
11842,8838,true,0.955249
11842,33880,false,0.358776
11842,35825,false,0.529381
11842,40165,false,0.026634
11842,56859,false,0.486662
11843,273,true,0.391816
11843,3393,true,0.282264
11843,3714,true,0.255699
11843,8326,true,0.201289
11843,19561,false,0.375474
11843,29511,false,0.414169
11843,31416,false,0.407763
11843,42691,false,0.529532
11844,78,true,0.848709
11844,431,true,0.079172
11844,470,true,0.607659
11844,31141,false,0.150062
11844,36376,false,0.927288
11844,44218,false,0.014509
11845,2174,true,0.027184
11845,2941,true,0.873814
11845,13057,false,0.191834
11845,57424,false,0.0774
11846,3717,true,0.130948
11846,17922,false,0.815012
11846,56972,false,0.135166
11847,2197,true,0.287531
11847,2548,true,0.700863
11847,3504,true,0.191308
11847,23248,false,0.807854
11847,26238,false,0.537633
11847,41926,false,0.254358
11849,326,true,0.682292
11849,20328,false,0.136308
11849,22842,false,0.096364
11849,29768,false,0.099517
11849,53357,false,0.894694
11850,8291,true,0.598509
11850,8832,true,0.910028
11850,20092,false,0.869941
11850,21182,false,0.645756
11850,21878,false,0.629908
11850,33779,false,0.459448
11850,58769,false,0.547012
11850,58961,false,0.847231
11851,386,true,0.411196
11851,501,true,0.717966
11851,902,true,0.923294
11851,2658,true,0.349628
11851,3687,true,0.363443
11851,8089,true,0.212753
11851,18126,false,0.415822
11851,42442,false,0.262275
11852,331,true,0.045346
11852,580,true,0.226021
11852,587,true,0.97683
11852,40525,false,0.743088
11853,2509,true,0.635856
11853,3143,true,0.274938
11853,3433,true,0.11515
11853,18533,false,0.486829
11853,27901,false,0.226105
11853,32519,false,0.095346
11853,49650,false,0.858485
11853,57094,false,0.46821
11853,57130,false,0.599569
11854,2112,true,0.220147
11854,2125,true,0.05563
11854,8090,true,0.404608
11854,41305,false,0.708741
11855,603,true,0.971418
11855,3385,true,0.637923
11855,8555,true,0.897454
11855,24288,false,0.865692
11855,49137,false,0.107608
11855,55815,false,0.073637
11855,59234,false,0.95764
11856,387,true,0.090976
11856,525,true,0.30581
11856,801,true,0.497677
11856,3732,true,0.378699
11856,3810,true,0.58949
11856,4006,true,0.200726
11856,10614,false,0.048757
11856,45339,false,0.805925
11856,50033,false,0.456391
11856,58053,false,0.105253
11857,3775,true,0.095003
11857,41519,false,0.709491
11858,2335,true,0.132952
11858,2693,true,0.569796
11858,3172,true,0.912552
11858,3394,true,0.956479
11858,29563,false,0.86475
11858,35721,false,0.684827
11859,8279,true,0.674674
11860,1127,true,0.684095
11860,1957,true,1.119125
11860,12033,false,0.600651
11860,49427,false,1.01707
11861,1471,true,1.109093
11861,8226,true,0.917922
11861,17627,false,0.954817
11861,42387,false,0.866691
11862,24426,false,0.155033
11862,59869,false,0.42913
11863,2476,true,0.333866
11864,6326,true,0.363411
11864,6629,true,0.786634
11864,9653,true,0.886484
11864,19168,false,0.830793
11864,27846,false,0.667064
11864,59765,false,0.537375
11865,6970,true,0.335173
11865,9320,true,0.486553
11865,9722,true,0.358574
11865,54513,false,0.654328
11865,58044,false,0.849465
11866,6194,true,0.222569
11866,9050,true,0.415693
11866,9750,true,0.672454
11866,42682,false,1.014978
11866,45529,false,0.008815
11866,58347,false,0.754191
11867,48556,false,0.54847
11868,6082,true,0.745148
11868,9138,true,0.775749
11868,9459,true,0.377118
11868,53970,false,0.040985
11869,2339,true,0.77029
11869,9167,true,0.99738
11869,11811,false,0.268083
11869,30919,false,0.799603
11869,32401,false,0.534888
11869,38038,false,0.659838
11869,40307,false,0.398391
11870,6327,true,0.89503
11870,6539,true,0.121711
11870,9216,true,0.432332
11870,9513,true,0.891444
11870,14712,false,0.815313
11871,6855,true,0.023235
11871,9179,true,0.12941
11871,49550,false,0.399863
11871,51279,false,0.264731
11872,2027,true,0.499242
11872,2705,true,0.21875
11872,9062,true,0.977404
11872,9884,true,0.451483
11872,35064,false,0.031099
11873,9910,true,0.434655
11873,12456,false,0.917628
11873,17478,false,0.991306
11873,35393,false,0.475551
11874,6818,true,0.59494
11874,9539,true,0.960634
11874,9831,true,0.801047
11874,10258,false,0.870414
11874,20435,false,0.937119
11874,45315,false,0.918819
11875,9489,true,0.101167
11875,9707,true,0.164406
11875,57721,false,0.7677
11876,1814,true,0.777507
11876,12923,false,0.42391
11876,32078,false,0.938493
11877,1315,true,0.385291
11878,1336,true,0.335695
11878,1833,true,0.609387
11878,55351,false,0.432145
11878,57050,false,0.477457
11879,1921,true,0.209162
11879,19503,false,0.830447
11879,40154,false,0.593601
11879,41984,false,0.247504
11881,30055,false,0.434075
11881,54212,false,0.160732
11882,26371,false,0.639403
11882,47418,false,0.948711
11882,48234,false,0.305982
11883,32267,false,0.952005
11883,54679,false,0.819833
11884,20806,false,0.618339
11884,52148,false,0.384043
11885,40455,false,0.113927
11886,23354,false,0.320105
11886,36583,false,0.032727
11887,15179,false,0.554853
11887,17269,false,0.639152
11887,45906,false,0.285463
11887,52844,false,0.035407
11887,53475,false,0.975579
11887,56479,false,0.737745
11888,43899,false,0.379738
11889,2080,true,0.222707
11889,2224,true,0.857747
11889,2379,true,0.339964
11889,3899,true,0.375176
11889,31696,false,0.623443
11889,35529,false,0.64487
11889,36351,false,0.754602
11889,40031,false,0.574427
11889,51351,false,0.707249
11890,692,true,0.890813
11890,2045,true,0.91077
11890,2656,true,0.831291
11890,2824,true,0.793769
11890,3178,true,0.99857
11890,8689,true,0.795847
11891,2280,true,0.110819
11891,3511,true,0.209102
11891,8254,true,0.036852
11891,30518,false,0.810909
11892,710,true,0.059694
11892,2169,true,0.439016
11892,2344,true,0.836518
11892,2741,true,0.6571
11892,32659,false,0.638052
11892,43539,false,0.707082
11892,56891,false,0.535781
11893,1733,true,0.56338
11893,8456,true,0.85913
11893,8768,true,0.169777
11893,8954,true,0.270204
11893,36986,false,0.563598
11893,38314,false,0.646862
11894,816,true,0.582365
11894,3320,true,0.770518
11894,15200,false,0.898119
11894,21721,false,0.398326
11894,33759,false,0.747244
11895,2320,true,0.348778
11895,2611,true,0.431065
11895,2866,true,0.270642
11895,3028,true,0.62738
11895,3678,true,0.808825
11896,1321,true,0.322402
11896,1437,true,0.159665
11896,10688,false,0.614058
11897,10511,false,0.915192
11897,12366,false,0.96846
11897,33199,false,0.909392
11898,1809,true,0.205755
11898,14080,false,0.079368
11898,29265,false,0.975619
11898,49352,false,0.460161
11898,50055,false,0.52754
11899,1411,true,0.282445
11899,1698,true,0.18194
11900,1857,true,0.290458
11900,13387,false,0.158116
11900,50172,false,0.749383
11901,16193,false,0.223763
11901,32110,false,0.388299
11902,1976,true,0.949617
11902,15878,false,0.742714
11902,18711,false,0.625033
11903,1953,true,0.59893
11903,53965,false,0.810629
11904,52218,false,0.892665
11904,57352,false,0.195565
11905,1125,true,0.10979
11905,1349,true,0.592684
11905,14705,false,0.912501
11905,40925,false,0.497556
11905,52314,false,0.893126
11906,37133,false,0.003542
11907,36614,false,0.876624
11908,1040,true,0.56138
11909,35657,false,0.038279
11909,37726,false,0.05256
11909,48112,false,0.872995
11910,51371,false,0.960747
11911,1164,true,0.817098
11911,1882,true,0.039717
11911,36709,false,0.90694
11911,46756,false,0.434783
11911,50443,false,0.355734
11912,47864,false,0.589224
11912,49834,false,0.484132
11912,51834,false,0.252805
11912,54297,false,1.014139
11913,32872,false,0.934797
11913,57815,false,0.545951
11914,10131,false,0.50001
11914,26408,false,0.220492
11914,27524,false,0.942192
11915,1251,true,0.581887
11915,21787,false,0.805535
11915,28799,false,0.129373
11916,1592,true,0.332635
11916,17888,false,0.343031
11916,23633,false,1.005737
11916,34824,false,0.11875
11916,52308,false,0.767092
11918,26613,false,0.909068
11918,26653,false,0.030615
11918,35564,false,0.576305
11919,1171,true,0.33105
11919,29202,false,0.375637
11919,32005,false,0.546156
11919,44324,false,0.943623
11919,57834,false,0.136903
11920,1048,true,0.30818
11920,10358,false,0.725221
11920,12497,false,0.913225
11920,43418,false,0.257834
11921,30630,false,0.482457
11921,54512,false,0.388557
11922,18307,false,0.74352
11922,23379,false,0.632508
11922,25535,false,0.299177
11922,44791,false,0.678738
11923,10352,false,0.015784
11924,10750,false,0.305231
11925,1131,true,0.25534
11925,1445,true,0.562514
11925,12382,false,0.138179
11925,13280,false,0.815137
11925,33927,false,0.56698
11925,44077,false,0.941102
11925,53857,false,0.181782
11926,1500,true,0.071963
11926,19108,false,0.922384
11926,36451,false,0.822863
11926,44016,false,0.279146
11927,43402,false,0.562841
11927,49177,false,0.166116
11927,57374,false,0.18718
11927,58904,false,0.919217
11928,1947,true,0.993269
11928,1989,true,0.18103
11928,10658,false,0.418169
11928,23820,false,0.711682
11928,40314,false,0.276792
11928,51821,false,0.304478
11929,1081,true,0.036932
11929,1813,true,0.392696
11929,46633,false,0.729401
11929,53527,false,0.103981
11930,8953,true,0.965465
11930,50978,false,0.754595
11931,190,true,0.149158
11931,42777,false,0.48169
11932,44647,false,0.353833
11933,18565,false,0.441727
11933,23123,false,0.531968
11933,26435,false,0.127274
11933,58485,false,0.725576
11934,13059,false,0.232324
11934,21789,false,0.821422
11934,25709,false,0.13002
11934,44922,false,0.079783
11934,49712,false,0.311519
11934,53038,false,0.372488
11935,26003,false,0.997462
11935,33832,false,0.432301
11935,58111,false,0.936016
11936,1995,true,0.660314
11936,12196,false,0.169128
11936,20306,false,0.499722
11936,25142,false,0.877378
11936,56144,false,0.537828
11937,9241,true,0.419172
11937,9691,true,0.275839
11937,9769,true,0.647531
11937,17581,false,0.605261
11937,18031,false,0.200841
11937,18410,false,0.465615
11937,20610,false,0.22242
11937,36835,false,0.500809
11937,45778,false,0.458088
11937,47091,false,0.215183
11939,6064,true,0.687774
11939,6083,true,0.638413
11939,9397,true,0.738483
11939,9633,true,1.006161
11939,10417,false,0.850991
11939,46921,false,0.093477
11939,55252,false,0.1411
11939,57272,false,0.880788
11940,40189,false,0.234608
11940,43272,false,0.945153
11941,11743,false,0.391891
11941,24057,false,0.350981
11941,55873,false,0.278661
11942,6785,true,0.114166
11942,9089,true,0.822295
11942,17507,false,0.031268
11943,6956,true,0.603516
11943,9752,true,0.299284
11943,46261,false,0.41513
11944,6876,true,0.640864
11944,9295,true,0.274818
11944,9879,true,0.694511
11944,15076,false,0.613432
11944,16606,false,0.767337
11944,38458,false,0.18526
11945,2968,true,0.988418
11945,20538,false,0.360885
11945,42721,false,0.416002
11945,58686,false,0.716053
11946,6706,true,0.358439
11946,6954,true,0.944692
11946,9483,true,0.994386
11946,24513,false,0.307495
11946,28004,false,0.593388
11946,37316,false,0.11983
11946,44490,false,0.611482
11946,57282,false,0.390491
11947,2523,true,0.9337
11947,9240,true,0.113793
11947,9436,true,0.848873
11947,9517,true,0.27916
11947,23965,false,0.110705
11947,59272,false,0.282265
11948,9791,true,0.033432
11948,9980,true,0.39476
11948,24317,false,0.334366
11948,27337,false,0.137606
11948,36185,false,0.856363
11949,31691,false,0.669587
11949,35113,false,0.401253
11950,2295,true,0.433004
11950,6411,true,0.503705
11951,6424,true,0.612005
11951,9185,true,0.820689
11951,42474,false,0.730704
11951,55442,false,0.505478
11952,2700,true,0.148022
11952,6355,true,0.383944
11952,6478,true,0.406079
11952,6617,true,0.892674
11952,23973,false,0.277254
11953,2664,true,0.339897
11953,9106,true,0.949753
11953,9623,true,0.977508
11953,19553,false,0.054933
11953,35470,false,0.039875
11953,45570,false,0.78753
11953,56290,false,0.907718
11954,6129,true,0.844904
11954,6421,true,0.326949
11954,6660,true,0.771273
11954,6958,true,0.50705
11954,9563,true,0.518114
11954,40081,false,0.974902
11954,46047,false,0.952068
11955,2180,true,0.501102
11955,2991,true,0.414166
11955,6206,true,0.351319
11955,9472,true,0.343681
11955,9588,true,0.597271
11956,6274,true,0.224587
11956,9512,true,0.643996
11956,16946,false,0.692173
11956,27459,false,0.452326
11956,35299,false,0.023106
11956,44202,false,0.912187
11956,49918,false,0.533347
11957,6546,true,0.3827
11957,6891,true,0.549712
11957,9545,true,0.150838
11957,35773,false,0.678099
11957,53683,false,0.049254
11958,2588,true,0.575644
11958,6301,true,0.509137
11958,6312,true,0.839748
11958,9231,true,0.142264
11958,9567,true,0.769939
11958,19539,false,0.968212
11958,39842,false,0.951924
11958,53615,false,0.792301
11958,56487,false,0.363914
11959,11277,false,0.576645
11959,27958,false,0.020163
11960,53293,false,0.445082
11960,57967,false,0.892398
11961,26956,false,0.524117
11962,20208,false,0.051723
11962,55969,false,0.545452
11963,17516,false,0.903149
11964,11529,false,0.934179
11964,19709,false,0.555982
11964,46860,false,0.246593
11964,57357,false,0.521434
11965,10978,false,0.130726
11965,32932,false,0.067385
11965,36687,false,0.902787
11965,37730,false,0.64353
11965,45265,false,0.200985
11967,15672,false,0.718158
11967,28351,false,0.372457
11967,28410,false,0.575078
11967,41624,false,1.013019
11967,56813,false,0.990536
11968,41957,false,0.086322
11969,16660,false,0.752582
11969,17481,false,0.090538
11969,54108,false,0.009838
11970,33332,false,0.243057
11970,52661,false,0.072593
11971,23573,false,0.271511
11971,55844,false,0.579418
11972,43399,false,0.634106
11972,50089,false,0.227756
11973,15067,false,0.15524
11974,1102,true,0.699369
11974,12644,false,0.357849
11974,16653,false,0.393158
11974,37249,false,0.067448
11974,44133,false,0.18177
11974,48735,false,0.338061
11975,1283,true,0.011527
11975,28895,false,0.191149
11975,59589,false,0.711516
11976,1552,true,0.537512
11976,19186,false,0.802402
11976,35263,false,0.539514
11977,14332,false,0.978537
11977,37599,false,0.86381
11977,46538,false,0.794785
11978,19593,false,1.010688
11978,39183,false,0.516765
11979,21515,false,0.230264
11979,42607,false,0.956358
11980,1167,true,0.709259
11980,38083,false,0.483242
11981,13127,false,0.811331
11981,19803,false,0.481171
11981,19809,false,0.297725
11982,1503,true,0.124763
11982,23450,false,0.550888
11982,45375,false,0.008921
11983,1201,true,0.664716
11983,1609,true,0.738143
11983,20966,false,0.201625
11983,35119,false,0.677523
11983,40450,false,0.182257
11983,46323,false,0.045587
11984,17444,false,0.576251
11984,17496,false,0.620935
11984,32960,false,0.116539
11984,35754,false,0.867753
11985,12700,false,0.115147
11985,41738,false,0.500273
11986,31812,false,0.543851
11986,33123,false,0.962294
11986,41783,false,0.256562
11986,52803,false,0.542889
11986,55631,false,0.697394
11988,38901,false,0.563761
11989,1173,true,0.923427
11989,36440,false,0.108919
11989,38379,false,0.164682
11989,40242,false,0.931644
11989,40975,false,0.135381
11989,42280,false,0.847482
11989,42550,false,0.784505
11989,46727,false,0.280033
11990,1759,true,0.097416
11990,26062,false,0.457427
11990,52540,false,0.529535
11991,16700,false,0.350507
11991,27960,false,0.591544
11992,1145,true,0.847261
11992,24632,false,0.632647
11992,30607,false,0.076109
11992,37251,false,0.909647
11993,1665,true,0.953722
11994,21504,false,0.702357
11994,22960,false,0.180236
11994,49489,false,0.529303
11994,55752,false,0.295722
11995,14373,false,0.208426
11995,28805,false,0.16795
11995,31967,false,0.794649
11996,10010,false,0.238708
11996,14814,false,0.210398
11996,38778,false,0.011722
11996,59202,false,0.400312
11997,1381,true,0.186775
11997,20027,false,0.751527
11997,55519,false,0.451319
11998,22054,false,0.783174
11998,30187,false,0.512702
11998,30720,false,0.651892
11998,40805,false,0.892323
11999,1368,true,0.633579
11999,32441,false,0.236819
11999,39730,false,0.692315
12000,1821,true,0.348275
12000,59464,false,0.641357
12001,22821,false,0.747302
12002,51691,false,0.259039
12003,1819,true,0.888262
12003,10368,false,0.007444
12003,24487,false,0.588648
12003,38245,false,0.750014
12004,22834,false,0.766225
12005,25557,false,0.937796
12005,43787,false,0.683623
12005,44112,false,0.348393
12006,16121,false,0.78044
12006,24946,false,0.599529
12006,38208,false,0.881975
12006,51032,false,0.362883
12008,28449,false,0.174454
12008,46023,false,0.942773
12008,51621,false,0.913695
12009,16813,false,0.238038
12009,17889,false,0.982133
12009,25415,false,0.039101
12010,2001,true,0.495839
12010,10879,false,0.018064
12010,20820,false,0.493785
12010,30576,false,0.112246
12011,10968,false,0.669713
12011,12828,false,0.271649
12011,13331,false,0.934703
12011,22626,false,0.707911
12012,27530,false,0.666142
12012,29343,false,0.010201
12012,38580,false,0.125544
12012,46515,false,0.129747
12013,1826,true,0.799793
12013,13566,false,0.637115
12013,22634,false,0.216868
12014,11933,false,0.434784
12014,40596,false,0.111981
12015,20317,false,0.879872
12015,42052,false,0.209361
12016,57350,false,0.471346
12017,2234,true,0.534898
12017,3019,true,0.294396
12017,3858,true,0.952504
12017,13080,false,0.064153
12018,28426,false,0.158536
12018,33367,false,0.488448
12019,2024,true,0.270672
12019,2621,true,0.790619
12019,13396,false,0.711956
12019,25034,false,1.002645
12019,38522,false,0.68305
12020,27715,false,0.517975
12020,32570,false,0.879941
12020,43138,false,0.571876
12020,56847,false,0.081376
12021,2710,true,0.220503
12021,2725,true,0.235551
12021,8506,true,0.28738
12021,21440,false,0.524169
12021,39009,false,0.339146
12021,41573,false,0.074369
12022,3981,true,0.820576
12022,8653,true,0.655399
12023,16164,false,0.114265
12023,16409,false,0.641349
12023,55798,false,0.208103
12024,2433,true,0.733267
12024,2774,true,0.52811
12024,2809,true,0.521365
12024,3700,true,0.282119
12024,8236,true,0.347236
12024,22814,false,0.612191
12024,43330,false,0.12018
12024,58080,false,0.933534
12025,2030,true,0.183783
12025,3264,true,0.744359
12025,3883,true,0.527519
12025,20321,false,0.15205
12026,2576,true,0.05162
12026,57881,false,0.875723
12027,2310,true,0.572816
12027,3381,true,0.283204
12027,3903,true,0.247904
12027,27093,false,0.121452
12027,43057,false,0.225591
12027,52887,false,0.214635
12028,8644,true,0.848988
12028,40645,false,0.136831
12029,3,true,0.844604
12029,3970,true,0.528041
12029,40239,false,0.449419
12029,52233,false,0.054672
12029,54235,false,0.708501
12030,39496,false,0.424531
12030,41343,false,0.775572
12031,2810,true,0.623669
12031,2982,true,0.375944
12031,3256,true,0.205121
12031,3358,true,0.04112
12031,8191,true,0.739866
12031,8695,true,0.637439
12031,23190,false,0.619969
12031,50462,false,0.941403
12032,8248,true,0.449923
12032,8972,true,0.25038
12032,10623,false,0.313216
12032,12718,false,0.47929
12032,29644,false,0.008715
12032,37074,false,0.021427
12033,2898,true,0.566496
12033,3755,true,0.629727
12033,8376,true,0.318331
12033,13082,false,0.254651
12033,51173,false,0.951179
12034,2442,true,0.594611
12034,2829,true,0.768305
12034,3207,true,0.73358
12034,3224,true,0.608961
12034,3581,true,0.650374
12034,8219,true,0.710829
12034,11463,false,0.545841
12034,39290,false,0.338158
12035,2196,true,1.001918
12035,2517,true,0.139397
12035,3094,true,0.036572
12035,3484,true,0.035797
12035,15304,false,0.858733
12035,38150,false,0.986018
12036,2098,true,0.069191
12036,2881,true,0.125096
12036,3051,true,0.408319
12036,3762,true,0.00958
12036,26678,false,0.315614
12037,2770,true,0.416167
12037,3146,true,0.796153
12037,3441,true,0.896721
12037,3893,true,0.696341
12037,6576,true,0.019682
12037,6598,true,0.427399
12037,10155,false,0.684101
12037,35171,false,0.722718
12037,44628,false,0.094719
12037,51753,false,0.034319
12038,2913,true,0.115683
12038,3746,true,0.932337
12038,8437,true,0.397446
12038,21420,false,0.290371
12038,29245,false,0.979368
12039,2303,true,0.093719
12039,2382,true,0.517902
12039,3141,true,0.104253
12039,3392,true,0.046063
12039,6667,true,0.363015
12039,6945,true,0.996718
12040,2016,true,0.38385
12040,2754,true,0.549292
12040,3483,true,0.519494
12040,6477,true,0.107378
12041,2022,true,0.921075
12041,3414,true,0.179167
12041,14389,false,0.545113
12041,20929,false,0.847953
12041,44666,false,0.280138
12041,45185,false,0.973737
12041,46831,false,0.571914
12041,55600,false,0.294765
12042,2188,true,0.911262
12042,8827,true,0.036986
12043,2709,true,0.77705
12043,3396,true,0.42251
12043,3997,true,0.72874
12043,6076,true,0.411055
12043,6389,true,0.037661
12043,6690,true,0.429879
12043,6789,true,0.674992
12043,8475,true,0.232038
12043,8568,true,0.369352
12043,19713,false,0.538924
12043,31126,false,0.298852
12043,47338,false,0.711092
12044,2885,true,0.26792
12044,3503,true,0.325572
12044,3979,true,0.517818
12044,6561,true,0.704872
12045,2715,true,0.99077
12045,2843,true,0.149305
12045,3469,true,0.762211
12045,6159,true,0.025865
12045,6658,true,0.699343
12045,8247,true,0.582763
12045,8693,true,0.668
12045,15141,false,0.614109
12045,24621,false,0.928419
12045,35668,false,0.019906
12045,58775,false,0.324588
12046,3840,true,0.567667
12046,8804,true,0.097224
12046,21558,false,0.06421
12046,26922,false,0.907058
12046,46657,false,0.778171
12047,2297,true,0.583285
12047,3617,true,0.428229
12047,23668,false,0.237541
12049,8818,true,0.158174
12049,33568,false,0.168016
12049,41510,false,0.900259
12050,3137,true,0.450772
12050,3795,true,0.055599
12050,3983,true,0.963812
12050,31795,false,0.720122
12051,2858,true,0.859393
12051,3954,true,0.428826
12051,27494,false,0.660123
12051,31579,false,0.713178
12051,58197,false,0.514428
12051,59290,false,0.288404
12052,6587,true,0.537752
12052,9730,true,0.422209
12052,9921,true,0.780938
12052,17191,false,0.124402
12052,38502,false,0.079886
12052,48094,false,0.999795
12052,51966,false,0.531204
12053,6580,true,0.16287
12053,6704,true,0.27895
12053,9013,true,0.894751
12053,9254,true,1.039624
12053,9940,true,0.838018
12053,50220,false,0.226935
12054,9462,true,0.067849
12054,9777,true,1.008636
12054,9906,true,0.971443
12055,6873,true,0.163394
12055,9426,true,0.090548
12055,9754,true,0.452577
12055,9996,true,0.0344
12055,16003,false,1.020321
12055,48272,false,0.195726
12055,51596,false,0.266821
12056,9245,true,0.421897
12056,15131,false,0.126054
12057,6721,true,0.38962
12057,9098,true,0.298438
12057,9139,true,0.988572
12057,9766,true,0.924959
12057,29592,false,0.029502
12058,2283,true,0.554237
12058,6092,true,0.168574
12058,6152,true,0.990659
12058,9836,true,0.088961
12058,10593,false,0.46736
12059,9590,true,0.280726
12059,15173,false,0.0374
12059,48534,false,0.480828
12060,25292,false,0.763688
12060,25323,false,0.21316
12061,2294,true,1.006025
12061,2839,true,0.840761
12061,6962,true,0.638447
12062,6707,true,0.160936
12062,9005,true,0.054003
12062,58222,false,0.395008
12063,2116,true,0.693855
12063,2473,true,0.233048
12063,2748,true,0.542465
12063,9095,true,0.652285
12063,9479,true,0.813635
12063,52502,false,0.083263
12064,9380,true,0.866046
12064,9859,true,0.382804
12064,9973,true,0.870603
12064,11091,false,0.008507
12064,38831,false,0.448019
12064,42394,false,0.358806
12065,2825,true,0.222342
12065,2922,true,0.152132
12065,6887,true,0.709722
12065,9115,true,0.608238
12065,9541,true,1.012889
12065,26320,false,0.74074
12066,9165,true,0.533083
12066,9317,true,0.535668
12066,9757,true,0.873926
12067,58018,false,0.579959
12068,2993,true,0.202479
12068,9110,true,0.516712
12068,9762,true,0.081288
12068,17947,false,0.922628
12068,42423,false,0.93509
12068,48059,false,0.405949
12069,2606,true,0.099404
12069,9682,true,0.984925
12069,25684,false,0.410417
12069,39798,false,0.238784
12069,50742,false,0.639268
12070,6272,true,0.713618
12070,6992,true,0.771112
12070,9021,true,0.069276
12070,9926,true,0.946064
12070,13328,false,0.26999
12071,6766,true,0.726092
12071,9915,true,0.345319
12071,27482,false,0.94079
12071,52744,false,0.306735
12072,13550,false,0.262541
12072,54646,false,0.279784
12072,57849,false,0.140414
12073,6232,true,0.942311
12073,9956,true,0.242492
12073,22061,false,0.881358
12074,2128,true,0.027812
12074,2489,true,0.065782
12074,2551,true,0.862081
12074,2896,true,0.240664
12075,2205,true,0.540411
12075,2359,true,0.86473
12075,2574,true,0.137807
12075,9495,true,0.043943
12075,9737,true,0.230285
12075,45567,false,0.804908
12076,2375,true,0.22949
12076,2569,true,0.22603
12076,9166,true,0.9635
12076,15946,false,0.304664
12076,34111,false,0.054883
12077,267,true,0.174043
12077,2244,true,0.128301
12077,2609,true,0.298205
12077,3136,true,0.616292
12077,3548,true,0.553523
12077,3849,true,0.859263
12077,35425,false,0.616105
12077,44929,false,0.789354
12077,47719,false,0.088597
12078,655,true,0.191239
12078,2137,true,0.898053
12078,8630,true,0.189437
12078,20970,false,0.601329
12079,269,true,0.933303
12079,2699,true,0.938967
12079,3533,true,0.377995
12079,8209,true,0.072023
12079,10159,false,0.79439
12079,32963,false,0.736688
12080,8137,true,0.188339
12080,36044,false,0.795074
12080,43122,false,0.709855
12080,45373,false,0.037533
12080,45664,false,0.304542
12080,51559,false,0.399725
12081,8770,true,0.237109
12081,56048,false,0.675064
12082,90,true,0.041707
12082,3309,true,0.356165
12082,3499,true,0.899715
12082,3652,true,0.463581
12082,3793,true,0.380799
12082,17018,false,0.18627
12082,18463,false,0.62586
12083,645,true,0.154282
12083,2237,true,0.146852
12083,8959,true,0.32418
12083,11960,false,0.514931
12083,48089,false,0.112839
12084,627,true,0.541765
12084,2958,true,0.660647
12085,3158,true,0.590859
12085,3615,true,0.638525
12085,20594,false,0.567461
12085,23927,false,0.027527
12085,34917,false,0.212421
12086,2808,true,0.746904
12086,3115,true,0.021353
12086,30541,false,0.910175
12087,283,true,0.407798
12087,2215,true,0.723886
12087,3482,true,0.829306
12087,3628,true,0.420395
12087,23805,false,0.583808
12087,28047,false,0.657355
12087,42489,false,0.200999
12088,3060,true,0.891755
12088,3403,true,0.702768
12088,15011,false,0.99003
12088,20391,false,0.311939
12088,31851,false,0.059554
12088,59431,false,0.252593
12089,8171,true,0.207061
12089,8241,true,0.501314
12089,8511,true,0.440553
12089,23361,false,0.163931
12089,25336,false,0.523108
12089,28005,false,0.516755
12089,32486,false,0.052235
12089,55304,false,0.350176
12090,3199,true,0.435635
12090,3240,true,0.666343
12090,20419,false,0.324567
12091,3502,true,0.019563
12091,8396,true,0.115594
12091,12753,false,0.15627
12091,27190,false,0.724582
12091,38109,false,0.327917
12092,3494,true,0.539897
12092,8132,true,0.203522
12092,22544,false,0.932417
12093,14720,false,0.801799
12093,14882,false,0.845935
12093,15293,false,0.954106
12093,32941,false,0.964902
12093,48826,false,0.738309
12093,54925,false,0.162361
12094,2332,true,0.482152
12094,8462,true,0.014388
12094,33985,false,0.562356
12094,35831,false,0.231912
12094,47458,false,0.992369
12094,57011,false,0.071983
12095,45526,false,0.849094
12095,59086,false,0.18236
12096,3296,true,0.646362
12096,3461,true,0.476562
12096,3923,true,0.038804
12096,16195,false,0.307378
12096,42525,false,0.729128
12096,47585,false,0.039894
12096,48353,false,0.836681
12097,3431,true,0.261898
12097,3644,true,0.740714
12097,28311,false,0.290491
12097,42883,false,0.271646
12098,16265,false,0.910441
12098,25765,false,0.548288
12098,32590,false,1.01843
12098,38450,false,0.970021
12099,564,true,0.575827
12099,1919,true,0.402459
12099,3186,true,0.883157
12099,3470,true,0.127618
12099,25149,false,0.005475
12100,1250,true,0.003006
12100,2373,true,0.96737
12100,24466,false,0.072149
12101,2232,true,0.817658
12101,2534,true,0.825251
12101,2873,true,0.680722
12101,2988,true,0.374453
12101,3011,true,0.376247
12101,3479,true,0.7485
12101,26916,false,0.167329
12101,51815,false,0.337012
12102,151,true,0.402792
12102,586,true,0.251012
12102,1842,true,0.581719
12102,1997,true,0.203544
12102,2239,true,0.758677
12102,8099,true,0.017364
12102,16552,false,0.659005
12102,41100,false,0.168191
12103,240,true,0.75329
12103,17312,false,0.369407
12103,27552,false,0.226471
12103,30834,false,0.286036
12104,476,true,0.441108
12104,2464,true,0.917428
12104,2737,true,0.009463
12104,3036,true,0.613468
12104,3675,true,0.710759
12104,30173,false,0.076084
12104,42120,false,0.811042
12104,58425,false,0.003817
12104,58930,false,0.039494
12105,480,true,0.879131
12105,858,true,0.373888
12105,3340,true,0.93865
12105,27201,false,0.015138
12105,49719,false,0.522635
12106,3004,true,0.612057
12106,8100,true,0.0463
12106,12387,false,0.43423
12106,29312,false,0.791544
12106,44943,false,0.161562
12106,57516,false,0.225598
12107,2138,true,0.603149
12107,3388,true,0.825672
12107,3576,true,0.592816
12107,8074,true,0.698275
12107,38054,false,0.785139
12107,43253,false,0.562558
12108,254,true,0.038708
12108,2963,true,0.238412
12108,47035,false,0.738698
12108,58649,false,0.42937
12109,1335,true,0.510374
12109,1755,true,0.357285
12109,2501,true,0.212346
12109,3491,true,0.748272
12109,14012,false,0.598699
12109,47974,false,0.571559
12110,985,true,0.733786
12110,1204,true,0.515671
12110,17837,false,0.304059
12110,29676,false,0.107384
12110,44156,false,0.104782
12110,57056,false,1.072952
12111,100,true,0.091173
12111,1184,true,0.13721
12111,2038,true,0.972935
12111,8641,true,0.915492
12111,47347,false,0.298154
12111,56378,false,0.970774
12112,1308,true,0.221145
12112,1675,true,0.749274
12112,3994,true,0.505678
12112,8903,true,0.47322
12113,454,true,0.319746
12113,1350,true,0.844726
12113,1702,true,0.864579
12113,2389,true,0.754092
12113,2803,true,0.345195
12113,3620,true,0.643861
12113,8579,true,0.862825
12113,17574,false,0.161538
12114,687,true,0.425594
12114,754,true,0.673769
12114,1219,true,0.609161
12114,1415,true,0.237888
12114,1861,true,0.10009
12114,2035,true,0.9214
12114,57197,false,0.11625
12115,202,true,0.162923
12115,990,true,0.017615
12115,1406,true,0.406396
12115,3507,true,0.221302
12115,28356,false,0.393544
12115,58265,false,0.47079
12116,2702,true,1.01204
12117,811,true,0.016764
12117,1918,true,0.760557
12117,2026,true,0.941231
12117,2735,true,0.067018
12117,3058,true,0.691968
12117,8470,true,0.914916
12117,8762,true,0.23091
12117,16732,false,0.567853
12117,40202,false,1.020256
12118,2186,true,0.767372
12118,38046,false,0.302571
12118,48245,false,0.839913
12118,55124,false,0.085931
12119,2325,true,0.604794
12119,2566,true,0.666397
12119,3646,true,0.657313
12119,8345,true,0.611416
12119,8980,true,0.041748
12119,19260,false,0.937451
12120,1728,true,0.519506
12120,3481,true,0.918436
12120,3520,true,0.370466
12120,8040,true,0.442864
12120,8944,true,0.426258
12120,53830,false,0.932633
12121,330,true,0.103561
12121,2510,true,0.247206
12121,46016,false,0.321546
12121,52555,false,0.688553
12122,20311,false,0.330005
12122,38750,false,0.093615
12123,1228,true,0.412346
12123,2242,true,0.006578
12123,8273,true,0.613762
12124,295,true,0.655315
12124,1255,true,0.512177
12124,19601,false,0.193892
12124,54282,false,0.85765
12125,2384,true,0.134057
12125,2441,true,0.747662
12125,2764,true,0.505112
12125,8284,true,0.523506
12125,8481,true,0.313185
12125,18368,false,0.709018
12125,19625,false,0.509181
12125,34819,false,0.216183
12125,51512,false,0.784702
12126,2398,true,0.529095
12126,3026,true,0.29948
12126,8134,true,0.161794
12126,37888,false,0.935059
12126,49881,false,0.411329
12126,58694,false,0.842714
12127,410,true,0.866943
12127,8455,true,0.418904
12127,8780,true,0.542622
12127,11051,false,0.870168
12127,12311,false,0.630861
12128,568,true,0.161928
12128,8865,true,0.730114
12128,16898,false,0.452323
12128,38436,false,0.934143
12129,103,true,0.801374
12129,2158,true,0.660086
12129,3329,true,0.5225
12129,8704,true,0.206243
12129,11075,false,0.164165
12130,182,true,0.169549
12130,15761,false,0.744493
12130,27325,false,0.89132
12131,8317,true,0.438005
12131,11205,false,0.793034
12131,40490,false,0.400748
12132,2114,true,0.285983
12132,3379,true,0.926329
12132,52809,false,0.27005
12132,54581,false,0.997279
12132,54610,false,0.299576
12133,8109,true,0.694147
12133,9000,true,0.126612
12133,10014,false,0.502412
12133,18530,false,0.610735
12133,21767,false,0.222899
12133,27578,false,0.203015
12133,38497,false,0.598347
12134,2390,true,0.564364
12134,2951,true,0.323219
12134,3191,true,0.279491
12134,3733,true,0.988278
12134,15099,false,0.845899
12135,44896,false,0.006471
12135,45018,false,0.825189
12135,57664,false,0.466463
12136,3231,true,0.33879
12136,3565,true,0.346139
12136,3607,true,0.890736
12136,19517,false,0.016152
12136,41048,false,0.619144
12137,566,true,0.136364
12137,3124,true,0.5704
12137,8925,true,0.189448
12137,38056,false,0.60509
12138,948,true,0.788436
12138,3685,true,0.30285
12138,3696,true,0.043875
12138,8833,true,0.179035
12138,25418,false,0.220417
12138,34360,false,0.551475
12138,47466,false,0.553024
12139,554,true,0.544301
12139,10163,false,0.879773
12139,45711,false,0.889511
12140,3129,true,0.355376
12140,8070,true,0.776578
12140,8963,true,0.722604
12140,30223,false,0.738632
12140,37471,false,0.453847
12141,3196,true,0.083142
12141,3208,true,0.616162
12141,3319,true,0.667496
12141,3974,true,0.974217
12141,8790,true,0.68342
12141,23834,false,0.868427
12141,24914,false,0.642039
12141,32546,false,0.795146
12141,38716,false,0.322072
12141,54501,false,0.66277
12141,58228,false,0.307823
12142,2497,true,0.868772
12142,40541,false,0.801831
12142,47390,false,0.176912
12143,2834,true,0.250063
12143,2964,true,0.995752
12143,2984,true,0.397095
12143,8893,true,0.052706
12143,30169,false,0.307948
12143,30473,false,0.833409
12143,42469,false,0.96343
12143,54346,false,0.052528
12144,555,true,0.528998
12144,2659,true,0.08263
12144,41435,false,0.785528
12145,827,true,0.669347
12145,2313,true,0.216849
12145,3438,true,0.002348
12145,17105,false,0.71692
12145,17453,false,0.80587
12146,2474,true,0.669093
12146,3443,true,0.924032
12146,3786,true,0.997598
12146,8148,true,0.472036
12146,21599,false,0.177654
12146,26022,false,0.867012
12146,43288,false,0.588895
12147,1487,true,0.82687
12147,2721,true,0.709376
12147,28570,false,0.830442
12147,40556,false,0.285634
12147,43613,false,0.202558
12147,48191,false,0.915806
12147,56091,false,0.902467
12147,56558,false,0.335033
12147,58139,false,0.929444
12148,1331,true,0.808378
12148,1334,true,0.872957
12148,2466,true,0.425424
12148,3729,true,0.176829
12148,3805,true,0.663254
12148,8404,true,0.409322
12148,16910,false,0.714516
12148,17262,false,0.183079
12148,30398,false,1.001396
12148,34101,false,0.203476
12148,35663,false,0.191159
12149,26082,false,0.362903
12149,34870,false,0.706545
12150,2357,true,0.494757
12150,8285,true,0.373712
12150,11416,false,0.374054
12150,11553,false,0.719917
12150,15249,false,0.836445
12150,27399,false,0.215349
12150,28605,false,0.593398
12150,28771,false,0.453045
12150,29284,false,0.441524
12150,29700,false,0.367991
12150,33886,false,0.769733
12150,46991,false,0.593652
12151,198,true,0.706665
12151,563,true,0.356525
12151,2102,true,1.032361
12151,2439,true,0.524225
12151,3941,true,0.873929
12151,35479,false,0.361887
12151,58462,false,0.189066
12152,14922,false,0.316102
12153,2029,true,0.496415
12153,8744,true,0.270749
12154,2864,true,0.296012
12154,8221,true,0.225748
12154,8580,true,0.391231
12154,8621,true,0.30575
12154,33133,false,0.319
12155,28801,false,0.254323
12155,29792,false,0.515506
12155,45630,false,0.163323
12155,48244,false,0.148181
12156,24857,false,0.216234
12156,33671,false,0.819202
12157,32002,false,0.654395
12157,34555,false,0.982314
12159,10925,false,0.575513
12159,13954,false,0.293539
12159,23514,false,0.96633
12159,28586,false,0.595203
12159,52554,false,0.594314
12160,1179,true,0.977313
12160,51537,false,0.977134
12161,216,true,0.054619
12161,579,true,1.026415
12161,10840,false,0.661396
12161,58324,false,0.914518
12162,425,true,0.481067
12162,3449,true,0.089739
12162,19983,false,0.915245
12162,24868,false,0.95053
12163,774,true,0.823989
12163,828,true,0.10105
12163,1403,true,0.253592
12163,1910,true,0.483584
12163,2879,true,0.923534
12163,3117,true,0.941844
12163,42828,false,0.075167
12164,1725,true,0.092731
12164,2406,true,0.640236
12164,3402,true,0.570234
12164,47795,false,0.112629
12165,2453,true,0.920685
12165,6231,true,0.730954
12165,6322,true,0.260819
12165,6799,true,0.245863
12165,9728,true,0.586244
12165,27333,false,0.964908
12165,54429,false,1.023475
12166,9377,true,0.861147
12166,9841,true,0.978725
12166,9997,true,0.698743
12166,30352,false,0.416327
12166,35163,false,0.504044
12167,9014,true,0.638978
12167,9194,true,0.652263
12167,28866,false,0.828089
12167,58992,false,0.583494
12168,2533,true,0.891066
12168,32133,false,0.269002
12169,2023,true,0.046694
12169,2041,true,0.601238
12169,6686,true,0.93077
12169,9218,true,0.310809
12169,9249,true,0.888769
12169,9372,true,0.626429
12169,9481,true,0.393208
12169,9549,true,0.660815
12169,41125,false,0.929093
12170,27304,false,0.012704
12171,9293,true,0.922151
12171,17992,false,0.642642
12171,20825,false,0.170353
12171,21216,false,0.258556
12171,41493,false,1.010578
12171,51840,false,0.727633
12171,59670,false,0.270504
12172,2290,true,0.102437
12172,2480,true,0.842937
12172,2696,true,0.268
12172,9953,true,0.810834
12172,9957,true,0.557111
12173,2370,true,0.64627
12173,2983,true,0.103379
12173,10823,false,0.508431
12173,34268,false,0.984875
12174,6592,true,0.699891
12174,9304,true,0.822173
12174,9657,true,0.783482
12174,32554,false,0.662711
12174,45405,false,0.520097
12174,48048,false,0.677892
12175,577,true,0.498892
12175,1305,true,0.736628
12175,2496,true,0.91682
12175,17287,false,0.376075
12175,20417,false,0.365501
12176,1905,true,0.672365
12176,3496,true,0.590902
12176,48923,false,0.993904
12177,1142,true,0.735987
12177,2978,true,0.417347
12177,3235,true,0.516795
12177,3604,true,0.708573
12177,21761,false,0.027101
12177,25628,false,1.019152
12177,46793,false,0.997553
12178,9281,true,0.88755
12178,52380,false,0.428721
12179,28528,false,0.306294
12179,51262,false,0.876721
12180,9832,true,1.014682
12180,25813,false,0.278635
12180,35603,false,0.187977
12180,35977,false,0.813612
12181,33005,false,0.814551
12182,9743,true,0.976178
12182,9815,true,0.202019
12182,27597,false,0.517629
12182,46014,false,0.049535
12182,58076,false,0.235366
12183,25232,false,0.298599
12183,56750,false,0.355609
12184,9521,true,2.81E-4
12184,30788,false,0.574926
12184,30972,false,0.163111
12184,52984,false,0.601954
12184,57554,false,0.066556
12185,9127,true,0.868378
12185,9562,true,0.030254
12185,9778,true,1.004681
12185,11011,false,0.928723
12186,9499,true,0.048752
12186,47876,false,0.831682
12187,9624,true,0.875273
12187,15625,false,0.600163
12187,16570,false,0.142913
12187,21247,false,0.011505
12187,29769,false,0.118557
12187,34323,false,0.665545
12187,45577,false,0.029413
12188,9031,true,0.933444
12188,9183,true,0.985279
12188,21040,false,0.86468
12189,9918,true,0.576887
12189,16123,false,0.98981
12189,20531,false,0.887126
12189,25228,false,0.984105
12189,33390,false,0.077794
12189,45108,false,0.45049
12190,9723,true,0.837756
12190,21857,false,0.299273
12191,9658,true,0.348583
12191,9861,true,0.641022
12192,9084,true,0.218997
12192,9783,true,0.713862
12192,26571,false,0.576672
12192,55225,false,0.153597
12193,11564,false,0.232209
12193,55119,false,0.9959
12193,59277,false,0.405938
12194,27650,false,0.348235
12195,9290,true,0.223757
12195,9678,true,0.892141
12195,36380,false,0.194037
12195,39263,false,0.198761
12195,49519,false,0.832783
12195,57638,false,0.014482
12196,9182,true,0.439642
12196,17523,false,0.410944
12196,22531,false,0.782054
12196,55459,false,0.197595
12196,59152,false,0.848563
12197,9117,true,0.434243
12197,9679,true,0.623505
12199,6750,true,0.769216
12199,6787,true,0.794259
12199,9208,true,0.456679
12199,9773,true,0.341673
12199,20379,false,1.001446
12200,9259,true,0.794331
12200,9580,true,0.421381
12200,9871,true,0.506856
12200,12292,false,0.957131
12200,18349,false,0.836461
12200,46290,false,0.287194
12200,56779,false,0.989514
12201,20186,false,0.936912
12201,22769,false,0.042201
12201,35475,false,0.261306
12201,45441,false,0.678567
12202,6366,true,0.41935
12202,6387,true,0.035132
12202,9108,true,0.931995
12202,21533,false,0.006507
12202,23174,false,0.382144
12202,32398,false,0.004253
12203,20073,false,0.391727
12203,24180,false,0.159469
12203,33668,false,0.603162
12204,150,true,0.339523
12204,825,true,0.663322
12204,1342,true,0.42361
12204,14615,false,0.403435
12204,18616,false,0.824711
12205,1136,true,0.809775
12205,2312,true,0.158117
12205,8397,true,0.423409
12205,23230,false,0.698287
12205,23434,false,0.423228
12206,158,true,0.296722
12206,1313,true,0.579466
12206,23719,false,0.893417
12206,32573,false,0.215892
12208,838,true,0.517066
12208,1020,true,0.521916
12208,8302,true,0.768351
12208,8958,true,0.467733
12208,22939,false,0.808594
12209,795,true,0.428571
12209,1871,true,0.837301
12209,10266,false,0.947782
12209,39700,false,0.51187
12209,53049,false,0.342568
12210,8735,true,0.457669
12210,8950,true,0.920757
12210,43392,false,0.11345
12210,53403,false,0.478258
12211,846,true,0.719421
12211,8336,true,0.463544
12211,8712,true,0.735119
12211,8731,true,0.427247
12211,44205,false,0.567219
12212,2216,true,0.200056
12212,2273,true,0.83335
12212,6786,true,0.041146
12212,9507,true,1.023332
12212,9990,true,0.076587
12213,6258,true,0.358004
12213,6822,true,0.902448
12213,9520,true,0.271089
12214,6050,true,0.557904
12214,9608,true,0.996495
12214,9758,true,0.70744
12214,59769,false,0.24769
12215,2277,true,0.362078
12215,10956,false,0.933228
12215,15853,false,0.662856
12215,22239,false,0.866181
12215,38904,false,0.804038
12215,39656,false,0.824997
12215,52876,false,0.699569
12215,57419,false,0.33883
12216,9529,true,0.007803
12216,17490,false,0.152018
12216,32615,false,0.548799
12216,44775,false,0.262474
12217,2571,true,0.17544
12217,2960,true,0.087796
12217,6060,true,0.446428
12217,6922,true,0.243347
12217,9510,true,0.626967
12217,9736,true,0.448569
12217,9872,true,0.127619
12217,16890,false,0.224841
12217,32305,false,0.069759
12217,36453,false,0.110584
12217,42453,false,0.506561
12218,6844,true,0.361442
12218,9193,true,0.854756
12218,36310,false,0.748141
12218,37342,false,0.13911
12219,9514,true,0.623466
12219,9920,true,0.804516
12219,49028,false,0.597679
12219,55787,false,0.237061
12220,6026,true,0.495292
12220,6158,true,1.004663
12220,6648,true,0.501476
12220,9672,true,0.025164
12220,19998,false,0.111873
12220,24844,false,0.533164
12221,6802,true,0.196642
12221,9565,true,0.055739
12221,55926,false,0.321084
12221,58399,false,0.79999
12222,9995,true,0.645391
12222,13753,false,0.460006
12223,9118,true,0.017638
12223,38793,false,8.4E-5
12223,57944,false,0.848159
12224,2213,true,0.093859
12224,2859,true,0.029972
12224,6250,true,0.312736
12224,6475,true,0.300073
12224,6923,true,0.023831
12224,9893,true,0.843998
12224,29706,false,0.918349
12224,35678,false,0.482547
12224,43261,false,0.812217
12225,6537,true,0.863574
12225,6924,true,0.942082
12225,9987,true,0.68609
12225,28722,false,0.080026
12225,40635,false,0.337406
12226,6370,true,0.211048
12226,21210,false,0.351258
12226,41620,false,0.178094
12227,6812,true,0.837983
12227,17509,false,0.794732
12227,41708,false,0.724769
12227,55887,false,0.192945
12228,2177,true,0.171352
12228,13176,false,0.128486
12228,19206,false,0.0219
12228,35958,false,0.783612
12228,44223,false,0.509522
12229,6032,true,0.869884
12229,6112,true,0.887056
12229,6720,true,0.695517
12229,10357,false,0.096304
12229,20815,false,0.978781
12229,37493,false,0.701876
12230,44557,false,0.127986
12231,9573,true,0.392173
12231,39302,false,0.87334
12231,45723,false,0.559147
12231,57397,false,0.423663
12232,9116,true,0.723523
12232,9410,true,0.562212
12232,24178,false,0.242047
12232,49301,false,0.386671
12232,56625,false,0.708081
12233,679,true,0.678943
12233,1227,true,0.502906
12233,1885,true,0.063071
12233,26257,false,0.45788
12233,27424,false,0.40926
12234,321,true,0.481765
12235,13411,false,0.544214
12235,14736,false,0.986929
12235,27464,false,0.646751
12235,57462,false,0.513029
12236,35052,false,0.474563
12236,56239,false,0.541424
12236,56865,false,0.898023
12237,19449,false,0.625465
12237,21184,false,0.515294
12237,36210,false,0.898472
12237,41632,false,0.033841
12238,12998,false,0.786111
12238,23197,false,0.022293
12239,1747,true,0.637009
12239,8718,true,0.821025
12240,26179,false,0.779313
12240,36052,false,1.021365
12241,8815,true,0.384614
12241,34008,false,1.019202
12241,59101,false,0.624681
12242,1456,true,0.980571
12242,28476,false,0.403116
12242,43458,false,0.897614
12242,49467,false,0.032267
12243,1191,true,0.841508
12243,1889,true,0.85222
12243,29626,false,0.229509
12243,34453,false,0.65177
12243,47680,false,0.418815
12243,55963,false,0.395766
12244,8149,true,0.549294
12244,51051,false,0.518697
12245,27078,false,0.788529
12245,32802,false,0.029085
12245,43667,false,0.274567
12246,8220,true,0.186684
12246,12499,false,0.716953
12246,19886,false,0.341373
12247,1196,true,0.869095
12247,24189,false,0.16005
12247,34652,false,0.011327
12247,37749,false,0.546717
12247,40453,false,0.277159
12247,41832,false,0.862301
12248,21445,false,0.494846
12248,31289,false,0.691389
12248,49863,false,0.931876
12249,8239,true,0.963296
12249,8837,true,0.921244
12249,38493,false,0.458868
12249,48251,false,0.15175
12249,48843,false,0.776721
12250,1124,true,0.774091
12250,1180,true,0.537241
12250,8355,true,0.529835
12250,30452,false,0.727936
12250,50374,false,0.508829
12250,56792,false,0.737779
12251,10673,false,0.770624
12251,46647,false,0.466186
12252,8605,true,0.166987
12252,24272,false,0.370148
12252,37859,false,0.122778
12252,45082,false,0.579457
12252,51515,false,0.857521
12253,15051,false,0.769245
12253,32749,false,0.137304
12254,43832,false,1.006716
12255,41447,false,0.608004
12256,15700,false,0.671697
12256,34599,false,0.630983
12256,47971,false,0.07543
12256,49872,false,0.88696
12257,17637,false,0.619369
12257,34735,false,0.016466
12257,48681,false,0.222814
12257,58238,false,0.962196
12259,25080,false,0.02554
12259,33041,false,0.738252
12259,50538,false,0.322644
12260,20059,false,0.563558
12260,27117,false,0.262295
12260,27336,false,0.763066
12260,39662,false,0.526601
12260,44754,false,0.650374
12261,22286,false,0.46884
12261,43493,false,0.758277
12262,22654,false,0.163229
12263,15708,false,0.607819
12263,17043,false,0.66685
12263,26751,false,0.372762
12263,50365,false,0.384191
12263,57222,false,0.134063
12264,22104,false,0.054129
12264,22622,false,0.012641
12264,24969,false,0.259233
12264,58806,false,0.834788
12265,31631,false,0.889561
12266,11250,false,0.893891
12266,12287,false,0.824289
12266,51853,false,0.964337
12267,19050,false,0.041236
12267,29007,false,0.723003
12267,33655,false,0.553663
12267,35806,false,0.20931
12270,25520,false,0.331501
12270,42513,false,0.680259
12271,20198,false,0.83356
12271,38143,false,0.572984
12272,46259,false,0.334644
12273,24412,false,0.672904
12273,40430,false,0.599091
12273,43062,false,0.767563
12274,36729,false,0.894252
12274,57514,false,0.756849
12275,15311,false,0.345269
12275,26171,false,0.798511
12275,32536,false,0.151456
12277,24336,false,0.310111
12277,26765,false,0.030524
12277,42701,false,0.087832
12278,20296,false,0.164961
12278,44938,false,0.732823
12278,47898,false,0.872928
12279,32203,false,0.298594
12279,47227,false,0.014297
12279,48734,false,0.829796
12279,51324,false,0.92353
12280,27487,false,0.353863
12280,40405,false,0.733787
12280,56881,false,0.460945
12281,13509,false,0.822875
12281,15626,false,0.248358
12282,13747,false,0.276559
12282,17924,false,0.652296
12282,49064,false,0.748401
12283,15518,false,0.022655
12284,15802,false,0.023756
12284,29175,false,0.369681
12284,32928,false,1.000206
12284,48962,false,0.321089
12284,49763,false,0.180965
12284,51026,false,0.367168
12284,57038,false,0.055254
12284,58071,false,0.207169
12285,23516,false,0.731474
12285,28141,false,0.864302
12287,23004,false,0.489148
12287,50051,false,0.480979
12288,11878,false,0.530891
12288,24290,false,1.000275
12288,29970,false,0.483898
12288,55553,false,0.974564
12288,57041,false,0.882048
12289,11769,false,0.241042
12289,27037,false,0.127897
12289,30113,false,0.590116
12289,39507,false,0.647225
12290,21241,false,0.666568
12290,37724,false,0.442559
12291,30819,false,0.286146
12291,57179,false,0.958137
12293,28983,false,0.051302
12293,32014,false,0.699361
12293,35997,false,0.492337
12294,25076,false,0.308412
12294,35849,false,0.614374
12294,44617,false,0.536361
12294,50863,false,0.455505
12294,52084,false,0.924242
12294,52335,false,0.676907
12294,57043,false,0.298017
12295,31396,false,0.811572
12296,876,true,0.861149
12296,52522,false,0.085065
12296,54637,false,0.11065
12297,474,true,0.115913
12297,942,true,0.318167
12297,1253,true,0.754128
12297,1835,true,0.950861
12297,22563,false,0.341329
12297,49987,false,0.467311
12297,56288,false,0.182637
12297,58816,false,0.1999
12298,781,true,0.164168
12298,1795,true,0.90341
12298,2326,true,0.918189
12298,2734,true,0.30612
12298,8231,true,0.762076
12298,39682,false,0.548818
12298,54181,false,0.69654
12299,440,true,0.520883
12299,460,true,0.356251
12299,2154,true,0.520488
12299,2391,true,0.654107
12299,8094,true,0.231171
12299,8467,true,0.658799
12299,8520,true,0.737687
12299,29743,false,0.586451
12299,54597,false,0.885843
12300,164,true,0.0449
12300,996,true,0.917431
12300,2428,true,0.146216
12300,3016,true,0.288151
12300,32493,false,0.697672
12301,1176,true,0.81648
12301,11123,false,0.105843
12302,1839,true,0.818022
12302,22442,false,0.364972
12302,23955,false,0.956763
12302,31113,false,0.514084
12302,34605,false,0.831094
12303,44409,false,0.796773
12303,44432,false,0.2972
12303,53449,false,0.097578
12304,16648,false,0.444978
12304,16923,false,0.348349
12304,34199,false,0.24586
12305,1256,true,0.934068
12305,16666,false,0.371505
12305,33607,false,0.476304
12305,44065,false,0.907247
12306,1593,true,0.577458
12306,17266,false,1.017932
12307,43322,false,0.612705
12308,1010,true,0.644695
12308,1970,true,0.680742
12308,19579,false,0.910719
12308,24882,false,0.490481
12308,30870,false,0.969293
12308,59053,false,0.564247
12309,12317,false,0.49488
12309,37626,false,0.330298
12310,1446,true,0.974298
12310,32198,false,0.799444
12311,18442,false,0.530496
12311,42644,false,0.292707
12312,10665,false,1.000397
12312,33547,false,0.663642
12312,53070,false,0.53784
12313,1519,true,0.50493
12313,30022,false,0.376968
12314,14011,false,0.210612
12314,48554,false,0.764065
12314,57762,false,0.498313
12315,35020,false,0.707705
12315,41146,false,0.884902
12316,1765,true,0.028588
12316,40902,false,0.683561
12317,40528,false,0.815912
12317,59926,false,0.64387
12318,1307,true,0.949873
12318,1780,true,0.034345
12318,13933,false,0.70035
12318,15614,false,0.426674
12318,21446,false,0.27137
12318,37766,false,0.502746
12318,40264,false,0.079722
12318,51927,false,0.163336
12319,15095,false,0.094096
12319,17561,false,0.826993
12319,33447,false,0.747795
12319,53966,false,4.12E-4
12320,1992,true,0.689657
12320,12422,false,0.60664
12320,35417,false,0.624269
12320,42470,false,0.714886
12321,1509,true,0.428784
12321,13615,false,0.994168
12321,24939,false,0.779869
12321,45554,false,0.49532
12321,46489,false,0.609774
12322,1587,true,0.453584
12323,29560,false,0.722165
12323,45420,false,0.213099
12323,46005,false,0.998303
12323,54564,false,0.596277
12324,17309,false,0.048123
12325,1075,true,0.830713
12325,29580,false,0.108505
12325,46917,false,0.376092
12325,47313,false,0.911249
12325,58964,false,0.408955
12326,1469,true,0.373697
12326,44805,false,0.620262
12326,56444,false,0.562514
12326,59440,false,0.006169
12327,1016,true,0.068167
12327,1407,true,0.084507
12327,14565,false,0.111823
12327,38821,false,0.061325
12327,47194,false,0.630245
12328,1115,true,0.648846
12329,1843,true,0.097294
12329,10094,false,0.858651
12329,18766,false,0.071084
12329,30203,false,0.063338
12329,38596,false,0.943905
12329,53939,false,0.364968
12330,36541,false,0.147961
12330,50664,false,0.002532
12330,51061,false,0.308686
12330,51999,false,0.107911
12330,55063,false,0.262092
12332,1869,true,0.838006
12332,27615,false,0.163181
12333,1525,true,0.844286
12333,36424,false,0.904354
12333,48031,false,0.134377
12334,447,true,0.721654
12334,2500,true,0.905036
12334,2775,true,0.49096
12334,3906,true,0.770969
12334,10087,false,0.926343
12334,15992,false,0.311965
12334,36681,false,0.385854
12334,51260,false,0.255065
12335,842,true,0.64298
12335,3913,true,0.758794
12335,3951,true,0.544378
12335,8863,true,0.850669
12335,11287,false,0.74531
12335,15203,false,0.503196
12335,35993,false,0.97963
12335,39391,false,0.729555
12336,3419,true,0.200054
12336,3772,true,0.648683
12336,8333,true,0.87396
12336,8719,true,0.507389
12336,29252,false,0.882472
12336,57680,false,0.936554
12337,3623,true,0.086786
12337,10295,false,0.384981
12337,20570,false,0.1041
12337,45304,false,0.193923
12337,47520,false,0.45306
12338,8055,true,0.335403
12338,8617,true,0.386007
12338,26731,false,0.254862
12339,1670,true,0.809913
12339,2060,true,0.083521
12339,2587,true,0.275467
12339,2593,true,0.744518
12339,2776,true,0.359552
12339,3799,true,0.479498
12339,33432,false,0.07541
12340,8453,true,0.335718
12340,34931,false,0.112329
12340,34949,false,1.050307
12340,43413,false,0.127568
12340,59892,false,0.993497
12341,527,true,0.474922
12341,3163,true,0.697334
12341,3173,true,0.183123
12341,31789,false,0.824346
12341,45358,false,0.344546
12342,29,true,0.408736
12342,2920,true,1.004829
12342,10012,false,0.731352
12342,22824,false,0.306003
12342,49487,false,0.934485
12342,50368,false,0.404107
12343,2132,true,0.332058
12343,3334,true,0.028139
12343,3976,true,0.552082
12343,18630,false,0.278763
12343,32234,false,0.69031
12343,39805,false,0.523158
12343,45918,false,0.826664
12344,406,true,0.11553
12344,589,true,0.827843
12344,2221,true,0.174008
12344,2900,true,0.802945
12344,22947,false,0.300404
12344,29349,false,0.800362
12345,11215,false,0.30871
12345,23243,false,0.331016
12345,28186,false,0.303685
12345,33899,false,0.961963
12346,820,true,0.334876
12346,1994,true,0.701478
12346,2625,true,0.883341
12346,8294,true,0.537965
12346,22266,false,0.830156
12346,27433,false,0.716511
12346,31949,false,0.251206
12347,605,true,0.927859
12347,3829,true,0.941192
12347,3948,true,0.455341
12347,8175,true,0.263202
12347,32424,false,0.746792
12347,42258,false,0.375623
12347,48927,false,0.059467
12348,8033,true,0.661742
12348,32107,false,0.737304
12349,2410,true,0.25204
12349,3991,true,0.151241
12349,22298,false,0.287539
12349,36871,false,0.737938
12349,47579,false,0.318068
12349,51046,false,0.916017
12350,2651,true,0.472804
12350,2946,true,0.161089
12350,3088,true,0.426091
12350,3594,true,0.69448
12350,30885,false,0.606165
12350,49080,false,0.090632
12351,206,true,0.742071
12351,2129,true,0.496218
12351,2346,true,0.214823
12351,8113,true,0.492111
12351,8934,true,0.711067
12351,20184,false,0.123532
12351,43165,false,0.50481
12352,3363,true,0.590236
12352,42633,false,0.95476
12353,1435,true,0.591228
12353,46272,false,0.5371
12354,8084,true,0.303678
12354,8393,true,0.157927
12354,20909,false,0.334601
12354,22975,false,0.364738
12354,25405,false,0.384608
12354,31934,false,0.699424
12354,56476,false,0.213969
12355,245,true,0.704531
12355,2267,true,0.798972
12355,8512,true,0.578842
12355,8971,true,0.239508
12355,24622,false,0.359447
12355,26368,false,0.62936
12355,38839,false,0.121689
12355,48796,false,0.442755
12356,29264,false,0.481006
12356,51776,false,0.545369
12357,344,true,0.742381
12357,2652,true,0.765859
12357,3346,true,0.738052
12357,31339,false,0.234042
12357,44487,false,0.480161
12357,55323,false,0.090684
12358,2851,true,0.312742
12359,2422,true,0.95361
12359,22905,false,0.832857
12359,28776,false,0.74358
12359,56158,false,0.999001
12360,3966,true,0.865664
12360,40206,false,0.380877
12361,34490,false,0.717693
12361,35022,false,0.043025
12361,45162,false,0.973636
12361,56171,false,0.845187
12362,1426,true,0.098952
12362,26212,false,0.338203
12362,27217,false,0.493347
12362,53781,false,0.850808
12363,8502,true,0.012417
12363,15714,false,0.373845
12363,35203,false,0.542381
12363,36590,false,0.596307
12364,1067,true,0.458473
12364,1817,true,0.371086
12364,8375,true,0.796549
12364,8412,true,0.953694
12365,877,true,0.059995
12365,17379,false,0.854957
12365,25549,false,0.300317
12365,50821,false,0.404475
12366,1198,true,0.838776
12366,14568,false,0.917182
12366,41393,false,0.006434
12367,1119,true,0.247273
12367,16112,false,0.960153
12367,53719,false,0.361211
12368,27259,false,0.250089
12368,30104,false,0.48303
12368,55385,false,0.60247
12369,10442,false,0.661616
12369,15493,false,0.521029
12369,26537,false,0.418397
12369,31262,false,0.339288
12369,48027,false,0.93493
12369,53170,false,0.499774
12370,11101,false,0.692889
12370,49750,false,0.193834
12370,58776,false,0.627672
12371,1870,true,0.941689
12371,18101,false,0.801843
12371,49994,false,0.818198
12372,1585,true,0.077423
12372,1948,true,0.068405
12372,51558,false,0.537006
12372,52899,false,0.89943
12373,1073,true,0.778051
12373,27111,false,0.821488
12373,31570,false,0.455256
12374,57111,false,0.516546
12375,2317,true,0.758656
12375,3516,true,0.938133
12375,3907,true,0.933836
12375,8340,true,0.262048
12375,8675,true,0.129664
12375,49893,false,0.092112
12375,57603,false,0.001798
12376,22149,false,0.858023
12377,1572,true,0.448804
12377,29403,false,0.595255
12377,56336,false,0.249346
12379,1974,true,0.593761
12379,3547,true,0.446976
12379,16635,false,0.827461
12379,19584,false,0.733924
12379,50632,false,0.461623
12380,10275,false,0.844621
12381,6640,true,0.821102
12382,6291,true,0.172559
12382,6775,true,0.50049
12382,9694,true,0.428735
12382,24377,false,0.625944
12382,25478,false,0.492843
12382,59941,false,0.635598
12383,9407,true,0.435943
12383,30913,false,0.614325
12383,58274,false,0.849262
12384,6481,true,0.507659
12384,6714,true,0.989642
12384,9416,true,0.317641
12384,9998,true,0.559212
12384,17820,false,0.861511
12384,58761,false,0.062474
12385,6824,true,0.888362
12385,9058,true,0.312209
12385,9885,true,0.98363
12385,9974,true,0.568012
12385,10117,false,0.290247
12385,36137,false,0.726321
12385,51131,false,0.794633
12386,9727,true,0.952017
12386,9970,true,0.584585
12386,34183,false,0.869827
12386,48539,false,0.433776
12386,53427,false,0.245935
12387,6037,true,0.478883
12387,6342,true,0.186518
12387,9004,true,0.729777
12387,9036,true,0.912191
12387,9878,true,0.173297
12387,13911,false,0.156564
12387,20588,false,0.381975
12387,21285,false,0.990945
12387,45542,false,0.428889
12388,9587,true,0.535526
12388,9912,true,0.126069
12388,46465,false,0.375513
12388,49462,false,0.568236
12389,6500,true,0.587852
12389,9368,true,0.692892
12390,9724,true,0.081071
12391,6644,true,0.497305
12391,6758,true,0.40941
12391,6760,true,0.412756
12391,9237,true,0.891525
12391,9641,true,0.159578
12391,9819,true,0.479806
12391,26192,false,0.809425
12392,6188,true,0.579467
12392,9027,true,0.899601
12392,9164,true,0.061398
12392,9860,true,0.41377
12392,10907,false,0.723667
12392,25790,false,0.670586
12392,53959,false,0.259033
12393,6918,true,0.675931
12393,9383,true,0.349183
12393,55807,false,0.074751
12394,6405,true,0.283122
12394,6579,true,0.123749
12394,6884,true,0.06569
12394,31183,false,0.199663
12394,44600,false,0.008858
12394,55108,false,0.967713
12395,6063,true,0.186665
12395,6224,true,0.605818
12395,6794,true,0.584687
12395,9955,true,0.090011
12395,24050,false,0.657458
12395,40346,false,0.094261
12395,41764,false,0.987484
12395,46444,false,0.62743
12396,6255,true,0.381209
12396,6817,true,0.928478
12396,9654,true,0.148628
12396,25326,false,0.230793
12396,58374,false,0.416814
12397,6441,true,0.379274
12397,6542,true,0.188594
12397,9119,true,0.209157
12397,9404,true,0.301191
12397,45390,false,0.308739
12397,59780,false,0.088878
12398,6036,true,0.539333
12398,9952,true,0.084542
12398,25041,false,0.510642
12398,43773,false,0.842013
12398,47849,false,0.478289
12398,54407,false,0.430025
12398,57100,false,0.032929
12399,6381,true,0.333082
12399,6652,true,0.37535
12399,15180,false,0.110064
12399,15559,false,0.933635
12399,52820,false,0.994954
12399,58619,false,0.419031
12400,9396,true,0.560933
12400,9445,true,0.646261
12400,9605,true,0.797888
12401,6907,true,0.226461
12401,9190,true,0.144508
12401,9393,true,0.169278
12401,19963,false,0.497047
12401,28864,false,0.087117
12402,19146,false,0.513104
12403,9353,true,0.730746
12403,9465,true,0.407979
12403,9662,true,0.808662
12403,29103,false,0.971657
12403,29726,false,0.965662
12404,6116,true,0.293329
12404,6299,true,0.11013
12404,9738,true,0.835151
12404,46570,false,0.010462
12405,9960,true,0.310481
12405,9976,true,0.251372
12405,11552,false,0.199457
12405,20224,false,1.002623
12405,52719,false,0.925238
12406,6111,true,0.117615
12406,9506,true,0.727547
12406,9660,true,0.923126
12406,9734,true,0.604248
12406,35829,false,0.211699
12406,36501,false,0.299439
12407,9284,true,0.988089
12407,9391,true,0.412425
12407,12588,false,0.661166
12407,43873,false,0.906457
12407,45603,false,0.391115
12408,6348,true,0.960435
12408,9457,true,0.318839
12409,6168,true,0.273226
12409,9093,true,0.403171
12409,9570,true,0.478831
12409,43731,false,0.443683
12410,9015,true,0.37364
12410,9172,true,0.799587
12410,30813,false,0.197025
12410,36410,false,0.909513
12411,6233,true,0.407189
12411,6528,true,0.314631
12411,6767,true,0.030196
12411,9061,true,0.087127
12411,30481,false,0.571706
12411,44858,false,0.96187
12411,45776,false,0.131822
12411,47369,false,0.69222
12411,56022,false,0.531857
12412,6867,true,0.532236
12412,9630,true,0.191458
12412,9634,true,0.892424
12412,9751,true,0.932196
12412,9899,true,0.085017
12412,41520,false,0.740258
12412,42452,false,0.591105
12413,6162,true,0.331177
12413,9158,true,0.909501
12413,14197,false,0.861542
12414,6191,true,0.389002
12414,9550,true,0.334169
12415,13482,false,0.856374
12415,15569,false,0.724537
12415,56982,false,0.110324
12416,53809,false,0.982384
12417,9628,true,0.65941
12417,23946,false,0.378445
12417,26130,false,0.443583
12417,39970,false,0.083165
12418,6511,true,0.190596
12418,9214,true,0.170421
12418,9384,true,0.110159
12418,28955,false,0.248064
12418,31159,false,0.577067
12418,49365,false,0.793852
12418,56569,false,0.010022
12418,57949,false,0.534418
12419,6012,true,0.698455
12419,6839,true,0.953122
12419,6957,true,1.051467
12419,9492,true,0.97576
12419,15153,false,0.760045
12420,6527,true,0.365953
12420,9842,true,0.600467
12420,14037,false,0.658713
12420,36917,false,0.455466
12420,37925,false,0.40598
12420,54013,false,0.092164
12420,54315,false,0.113599
12420,59255,false,0.638484
12421,9392,true,0.835313
12422,685,true,0.728742
12422,30059,false,0.441851
12422,32222,false,0.246216
12423,31,true,0.965737
12423,2643,true,0.291956
12423,3126,true,0.537133
12423,32574,false,0.648574
12424,688,true,0.695118
12424,3049,true,0.165104
12424,3444,true,0.275487
12424,22793,false,0.696509
12424,29152,false,1.011409
12424,59361,false,1.020373
12425,3109,true,0.284241
12425,3214,true,0.401169
12425,11208,false,0.381986
12425,34726,false,0.057531
12425,42239,false,0.154733
12426,3189,true,0.39834
12426,3428,true,0.438339
12426,8167,true,0.346434
12426,8854,true,0.012927
12426,13696,false,0.923167
12426,14938,false,0.759136
12426,21444,false,0.749313
12426,30725,false,0.940201
12426,37224,false,0.183976
12426,43148,false,0.378075
12427,8190,true,0.927373
12427,17389,false,0.330272
12427,26076,false,0.956557
12427,44046,false,0.834696
12428,34943,false,0.021101
12429,28322,false,0.512783
12429,40285,false,0.184825
12430,32508,false,0.821164
12430,58464,false,0.966258
12431,1100,true,0.030401
12431,13642,false,0.324551
12431,17298,false,0.254732
12432,47357,false,0.083532
12432,49505,false,0.096238
12434,14361,false,0.031298
12434,18192,false,0.518432
12434,26156,false,0.489602
12434,32094,false,0.672457
12435,26281,false,0.822654
12436,1752,true,0.215341
12436,17568,false,0.65086
12436,47293,false,0.125815
12436,58105,false,0.586027
12437,25313,false,0.434952
12437,43877,false,0.378548
12438,37605,false,0.932845
12438,50161,false,0.915727
12439,1483,true,0.477923
12440,30253,false,0.082004
12440,31559,false,0.570765
12440,55428,false,0.768239
12440,56285,false,0.683224
12441,11340,false,0.459646
12441,23331,false,0.377019
12441,47105,false,0.450994
12442,32961,false,0.791841
12442,48577,false,0.216878
12443,1430,true,0.237709
12443,1588,true,0.31609
12443,22530,false,0.247595
12443,50651,false,0.257217
12445,1517,true,0.93663
12445,30544,false,0.960661
12445,35945,false,0.962681
12446,1999,true,0.235624
12446,31620,false,0.854948
12446,33683,false,0.33634
12446,38893,false,0.813432
12447,1801,true,0.780437
12447,19025,false,0.292356
12447,30514,false,0.412306
12448,1527,true,0.270661
12448,1531,true,0.397922
12448,31259,false,0.797952
12448,43914,false,0.429496
12449,33180,false,0.711445
12449,54437,false,0.180241
12449,55801,false,0.848266
12449,57102,false,0.679618
12450,1130,true,0.778331
12450,22050,false,0.472981
12450,24027,false,0.657095
12451,1333,true,0.781772
12451,47405,false,0.712654
12452,14533,false,0.984161
12452,17907,false,0.873113
12452,33281,false,0.585503
12452,43514,false,0.658836
12452,52315,false,0.87582
12453,41082,false,0.988887
12454,12274,false,0.20455
12454,32903,false,0.891605
12454,45270,false,0.792928
12454,58113,false,0.570609
12456,15858,false,0.109043
12456,15877,false,0.204407
12457,57053,false,0.443422
12458,1025,true,0.745956
12458,36087,false,0.362162
12458,47074,false,0.62257
12459,51894,false,0.245923
12460,25009,false,0.519379
12460,41582,false,0.495656
12461,22786,false,0.218656
12461,32440,false,0.762878
12461,45079,false,0.852243
12462,1091,true,0.073931
12462,1325,true,0.814365
12462,1611,true,1.007133
12462,13970,false,0.184704
12462,36100,false,0.458056
12462,53363,false,0.101168
12463,1787,true,0.008984
12463,20310,false,0.923681
12463,31461,false,0.614809
12463,33063,false,0.64104
12463,56509,false,0.663762
12464,68,true,0.32314
12464,208,true,0.603194
12464,2584,true,0.021187
12464,3759,true,0.688549
12464,8110,true,0.670886
12464,35686,false,0.501751
12464,36159,false,0.237279
12464,36518,false,0.674862
12464,41787,false,0.245205
12464,49325,false,1.002916
12465,2115,true,0.207593
12465,2160,true,0.603794
12465,3372,true,0.21432
12465,3382,true,0.74179
12465,8523,true,0.842833
12465,30967,false,0.608145
12466,3314,true,0.036913
12466,3719,true,0.920841
12466,8638,true,0.293354
12466,48281,false,0.890589
12466,48405,false,0.974794
12466,58250,false,0.465235
12467,8202,true,1.010935
12467,8428,true,0.684987
12467,8884,true,0.23962
12467,41039,false,0.968957
12467,47337,false,0.372133
12467,47721,false,0.300776
12468,703,true,0.267264
12468,2281,true,0.376473
12468,2418,true,0.600383
12468,3305,true,0.811808
12468,18696,false,0.984952
12469,2223,true,0.301768
12469,3835,true,0.404878
12469,26640,false,0.382056
12469,43874,false,0.571717
12469,57533,false,0.614219
12470,494,true,0.522917
12470,3083,true,0.483682
12470,8350,true,0.12077
12470,8569,true,0.443087
12470,41772,false,0.565889
12470,44379,false,0.164748
12470,56647,false,0.075107
12471,441,true,0.192947
12471,2921,true,0.99886
12471,3142,true,0.619658
12471,3245,true,0.868226
12471,8430,true,0.404331
12471,10444,false,0.429462
12471,20118,false,0.430108
12471,22006,false,0.766073
12471,49876,false,0.052842
12472,8716,true,0.45785
12472,8859,true,0.971263
12472,8907,true,0.292474
12472,52851,false,0.585198
12473,538,true,0.058222
12473,26407,false,0.175835
12473,41689,false,0.277741
12473,50799,false,0.776447
12474,814,true,0.376591
12474,18302,false,0.703672
12474,28423,false,0.106842
12474,32614,false,0.538017
12474,40952,false,0.647668
12474,41789,false,0.88313
12474,42855,false,0.499801
12474,49794,false,0.100469
12475,3887,true,0.854338
12475,56019,false,0.249846
12476,159,true,0.317094
12476,8257,true,0.580637
12477,2471,true,0.333762
12477,3437,true,0.971658
12477,8356,true,0.395061
12477,8729,true,0.987842
12477,25303,false,0.555207
12477,26668,false,0.665582
12477,57271,false,0.120736
12478,2143,true,0.64506
12478,2909,true,0.693305
12478,57164,false,0.505053
12479,804,true,0.117366
12479,2268,true,0.652824
12479,2877,true,0.72091
12479,2936,true,0.085468
12479,2962,true,0.895703
12479,3493,true,0.472257
12479,3599,true,0.411093
12479,3784,true,0.44692
12479,35432,false,0.199457
12480,2451,true,0.953047
12480,2495,true,0.679372
12480,3365,true,1.013093
12480,3812,true,0.719506
12480,16231,false,0.551722
12480,17380,false,0.495257
12480,22129,false,1.04203
12481,433,true,0.673827
12481,892,true,0.082048
12481,2459,true,0.063869
12481,24040,false,0.217585
12481,36999,false,0.9265
12482,2282,true,0.352851
12482,3202,true,0.822111
12482,8139,true,0.395864
12482,8183,true,0.122683
12482,8574,true,0.521791
12482,14127,false,0.391958
12482,14927,false,0.437508
12482,15615,false,0.139049
12482,26200,false,0.043202
12482,38273,false,0.075376
12482,44039,false,0.848124
12482,47146,false,0.775618
12482,50864,false,0.567711
12483,2867,true,0.413851
12483,3542,true,0.38806
12483,13762,false,0.728691
12483,54011,false,0.288824
12484,3559,true,0.906605
12484,27513,false,0.843451
12484,42182,false,0.471491
12485,1297,true,0.277386
12485,8229,true,0.540305
12486,1181,true,0.402324
12487,1222,true,0.404685
12487,18080,false,0.459941
12487,19128,false,0.648589
12487,20485,false,0.912286
12487,59191,false,0.310117
12488,429,true,0.191574
12488,1008,true,0.764716
12488,1494,true,0.239793
12488,25823,false,0.988199
12488,46537,false,0.140907
12488,47496,false,0.05856
12488,50885,false,0.240825
12489,1292,true,0.969654
12489,22510,false,0.189176
12489,26648,false,0.539683
12489,46029,false,0.999455
12489,49181,false,0.011228
12489,55393,false,0.530605
12490,10080,false,0.801487
12490,19488,false,0.769769
12490,48200,false,0.310257
12491,1528,true,0.035495
12491,32754,false,0.109279
12491,46009,false,0.609149
12491,47872,false,0.085706
12491,53381,false,0.502694
12492,8339,true,0.091104
12492,8626,true,1.047159
12492,11819,false,0.243111
12492,12078,false,0.668839
12492,27124,false,0.174289
12493,22086,false,0.327464
12493,54940,false,0.110984
12493,57175,false,0.151382
12494,408,true,0.684874
12495,1959,true,0.752919
12495,13454,false,0.427494
12495,16763,false,0.15574
12495,28747,false,0.443155
12495,29389,false,0.910828
12495,34692,false,0.475419
12495,36992,false,0.059219
12495,47954,false,0.516491
12495,52066,false,0.858528
12496,36102,false,0.51413
12496,54462,false,0.521613
12497,21679,false,1.007414
12498,8849,true,0.245473
12499,19439,false,0.92264
12499,27858,false,0.652755
12499,49672,false,0.739547
12501,1916,true,0.342129
12501,15423,false,0.497906
12501,24888,false,0.475307
12501,31422,false,0.495444
12501,47771,false,0.390269
12501,56914,false,0.664635
12502,1144,true,0.436882
12502,36956,false,0.738066
12503,8672,true,0.642893
12503,15250,false,0.772775
12503,15970,false,0.453737
12503,59051,false,0.585096
12505,8749,true,0.091165
12505,8802,true,0.092096
12505,36120,false,1.007981
12505,48994,false,0.307091
12505,51742,false,0.605827
12506,8102,true,0.518169
12506,27006,false,0.729707
12506,38126,false,0.515649
12507,8721,true,0.49413
12507,8897,true,0.491854
12509,8581,true,0.258716
12509,17406,false,0.268182
12509,26828,false,0.263267
12510,3988,true,0.586316
12510,8965,true,0.839209
12510,26970,false,0.413878
12510,28826,false,0.921417
12510,49021,false,0.304142
12510,58615,false,0.783221
12511,2423,true,0.428204
12511,2806,true,0.132555
12511,8378,true,0.575945
12511,18984,false,0.551931
12511,19202,false,0.194938
12512,118,true,0.736311
12512,20475,false,0.312116
12512,23285,false,0.537682
12512,40912,false,0.709897
12512,44115,false,0.106616
12512,47571,false,0.509145
12512,59013,false,0.816094
12513,378,true,0.942947
12513,3774,true,0.26872
12513,8759,true,0.52381
12513,11606,false,0.109747
12513,22369,false,0.004402
12513,30956,false,0.376111
12513,45285,false,0.652038
12513,51579,false,0.326235
12514,8564,true,0.719934
12514,17088,false,0.65746
12514,42827,false,0.499047
12514,47125,false,0.538594
12514,50475,false,0.458103
12516,1276,true,0.39631
12516,16722,false,0.146129
12516,34287,false,0.354212
12516,49333,false,0.871631
12516,53259,false,0.434596
12517,1108,true,0.994831
12517,8479,true,0.343323
12517,33644,false,0.020602
12517,58573,false,0.891462
12517,59163,false,0.780793
12518,1246,true,0.10899
12518,1818,true,0.612253
12518,10745,false,0.936803
12518,44316,false,0.528901
12519,8856,true,0.921338
12520,161,true,0.293747
12520,8185,true,0.130963
12520,34769,false,0.908556
12520,37046,false,0.201459
12520,55132,false,0.440622
12521,1774,true,0.61899
12521,8741,true,0.419245
12521,13798,false,0.250962
12521,50914,false,0.871099
12522,59,true,0.113822
12522,962,true,0.800072
12522,1480,true,3.57E-4
12522,1741,true,0.063547
12522,10002,false,0.253494
12522,38935,false,0.031068
12522,43455,false,0.739892
12522,55411,false,0.879626
12523,1287,true,0.668925
12524,42329,false,0.812198
12525,21643,false,0.631499
12525,42860,false,0.045371
12526,2577,true,0.275568
12526,2796,true,0.608807
12526,8844,true,0.201945
12527,3566,true,0.862544
12527,8287,true,0.154209
12527,8668,true,0.384195
12527,51310,false,0.141499
12528,478,true,0.762615
12528,2343,true,0.462024
12528,2582,true,0.497933
12528,44456,false,0.977489
12528,59187,false,0.914777
12529,1156,true,0.222422
12529,24397,false,0.865924
12529,30568,false,0.990643
12529,34935,false,0.481533
12529,47935,false,0.819158
12529,57490,false,0.91745
12529,58362,false,0.611864
12530,33161,false,0.451368
12530,33715,false,0.030105
12530,45215,false,0.571621
12530,52795,false,0.381685
12530,55020,false,0.886035
12531,10708,false,0.29518
12531,44125,false,0.981625
12531,47484,false,0.718984
12532,1095,true,0.603156
12532,1112,true,0.058678
12532,10527,false,0.674633
12532,44383,false,0.790202
12533,1114,true,0.746957
12533,1782,true,0.398476
12533,11746,false,0.171454
12533,13268,false,0.506974
12533,30910,false,0.570675
12533,33413,false,0.480888
12534,1139,true,0.917555
12534,1524,true,0.098307
12534,34234,false,0.236527
12534,46818,false,0.1849
12534,48002,false,0.222462
12535,29394,false,0.725744
12536,1806,true,0.32023
12536,28206,false,0.241719
12536,43533,false,0.062972
12536,53523,false,0.147154
12537,1701,true,0.710591
12537,11496,false,0.82761
12537,54427,false,0.063571
12538,1296,true,0.431843
12538,1355,true,0.897102
12538,46561,false,0.440176
12539,25,true,0.790474
12540,324,true,0.567037
12540,1077,true,0.046673
12540,1507,true,0.130095
12540,48490,false,0.812868
12540,54930,false,0.1991
12540,58395,false,0.763875
12540,59078,false,0.565131
12541,13726,false,0.665161
12541,16712,false,0.916413
12541,53657,false,0.108516
12542,20990,false,0.268699
12542,23886,false,0.123174
12542,24922,false,0.745481
12543,10913,false,0.842575
12543,19950,false,0.750304
12543,38865,false,0.866972
12543,39597,false,0.271949
12543,41011,false,0.766752
12544,24431,false,0.614339
12544,26865,false,0.646781
12544,35715,false,0.502493
12545,1295,true,0.146718
12545,35932,false,0.630956
12545,56857,false,0.932496
12546,1637,true,0.208187
12546,18915,false,0.798011
12547,1705,true,0.875863
12547,18983,false,0.104525
12547,35498,false,0.109524
12547,53854,false,0.17832
12548,1655,true,0.224747
12548,18698,false,0.752064
12548,48513,false,0.61668
12548,48801,false,0.487488
12548,59109,false,1.018543
12549,1288,true,0.60322
12549,15703,false,0.239187
12549,37738,false,0.628948
12549,42134,false,0.738132
12549,43045,false,0.614656
12549,56432,false,0.245295
12550,1707,true,0.646175
12550,1792,true,0.310491
12550,22810,false,0.037795
12550,47134,false,0.033833
12551,1148,true,0.893056
12551,1981,true,0.952369
12552,26931,false,0.394271
12552,39956,false,0.282334
12552,51703,false,0.703089
12553,18745,false,0.727978
12553,30311,false,0.881938
12553,42330,false,0.386876
12553,44868,false,0.719405
12553,52289,false,0.474241
12553,53366,false,0.415221
12554,35495,false,0.028914
12554,41059,false,0.653167
12555,44722,false,0.938428
12556,1074,true,0.002707
12556,46147,false,0.849937
12557,1934,true,0.293884
12557,38624,false,0.120924
12558,14067,false,0.315753
12558,29261,false,0.389832
12558,49213,false,0.985729
12559,27423,false,0.272473
12560,1462,true,0.875716
12560,24860,false,0.788027
12560,42158,false,0.401692
12561,11569,false,0.117966
12561,22018,false,0.997401
12561,40934,false,0.283926
12561,49170,false,0.005263
12562,31379,false,0.785745
12562,56248,false,0.014362
12563,1485,true,0.733406
12563,19978,false,0.260299
12563,29137,false,0.513307
12564,13555,false,0.214724
12564,45495,false,0.342706
12565,33335,false,0.0681
12565,47655,false,0.38521
12566,38427,false,0.591316
12567,40807,false,0.699204
12567,53891,false,0.008443
12568,14711,false,0.321111
12568,15933,false,0.889165
12568,28924,false,0.951719
12569,59639,false,0.385128
12570,1514,true,0.688415
12570,1639,true,0.937383
12572,24232,false,0.130274
12572,24321,false,0.485312
12572,30062,false,0.954075
12573,1991,true,0.995465
12573,25315,false,0.249591
12575,2871,true,0.561778
12576,8985,true,0.684771
12576,19233,false,0.27169
12576,26836,false,0.58653
12576,31511,false,0.74569
12576,49010,false,0.073628
12577,8973,true,0.465849
12577,19652,false,0.100562
12577,47159,false,0.547432
12578,1365,true,0.526721
12578,42710,false,0.564235
12579,8968,true,0.769093
12579,16525,false,0.11214
12579,47584,false,0.247138
12580,27432,false,1.000345
12580,30376,false,0.601026
12580,42279,false,0.23885
12581,52471,false,0.93682
12582,3310,true,0.91604
12582,3868,true,0.546097
12582,8319,true,0.79067
12582,11290,false,0.408516
12582,44859,false,0.459027
12583,41,true,0.186592
12583,62,true,0.305714
12583,2931,true,0.957392
12583,31521,false,0.790828
12583,33866,false,0.871105
12583,37137,false,0.624995
12583,41959,false,0.432832
12583,59506,false,0.397747
12584,69,true,0.597266
12584,31388,false,0.703058
12584,37963,false,0.662057
12584,39360,false,0.539626
12584,58206,false,0.369936
12585,928,true,0.677703
12585,2752,true,0.966433
12585,3842,true,0.115772
12585,4005,true,0.03615
12585,8774,true,0.092242
12585,18610,false,0.138211
12585,20679,false,0.655836
12585,31417,false,0.6531
12585,59230,false,0.087502
12586,2575,true,0.515323
12586,8463,true,0.277502
12586,46958,false,0.614004
12587,720,true,0.046663
12587,2148,true,0.215393
12587,3956,true,0.60255
12587,8123,true,0.454839
12588,852,true,0.917236
12588,3808,true,0.463589
12588,8042,true,0.125126
12588,8119,true,0.755311
12588,8120,true,0.203776
12588,33819,false,0.475618
12588,50415,false,0.553382
12588,54375,false,0.211853
12589,237,true,0.834742
12589,352,true,0.50431
12589,545,true,0.98907
12589,3364,true,0.137302
12589,8244,true,0.064142
12589,13837,false,0.482181
12590,926,true,0.18964
12590,2168,true,0.419211
12590,3969,true,0.169083
12590,50656,false,0.099469
12590,55514,false,0.934496
12590,58164,false,0.687843
12591,3763,true,0.634354
12591,15371,false,0.574788
12591,17076,false,0.93897
12591,32511,false,0.929208
12592,39803,false,0.852914
12592,45869,false,0.442711
12592,50116,false,0.757586
12593,449,true,0.310513
12593,6014,true,0.968168
12593,6810,true,0.915471
12593,24823,false,0.06381
12594,2304,true,0.959667
12594,6179,true,0.635031
12594,12459,false,0.073172
12594,57317,false,0.035777
12595,6463,true,0.157457
12596,16321,false,0.195484
12596,48159,false,0.562491
12597,2149,true,0.118477
12597,41090,false,0.581693
12597,49319,false,0.411442
12597,49506,false,0.995172
12597,58654,false,0.4886
12597,58894,false,0.170601
12598,6899,true,0.636481
12598,9534,true,0.510555
12598,9937,true,0.865858
12598,10889,false,0.445426
12598,48431,false,0.725942
12599,2762,true,0.03245
12599,6869,true,0.997856
12599,9229,true,0.846715
12599,37595,false,0.471817
12599,56069,false,0.7007
12600,2670,true,0.639497
12600,6925,true,0.907688
12600,9496,true,0.603999
12600,51433,false,0.033288
12601,6480,true,0.812071
12601,6800,true,0.772969
12601,14847,false,0.648053
12602,884,true,0.843233
12603,749,true,0.22777
12603,3135,true,0.503041
12603,24485,false,0.075148
12604,286,true,0.00924
12604,2622,true,0.215919
12604,3169,true,0.704314
12604,21397,false,0.426904
12604,30681,false,0.985646
12604,52542,false,0.538987
12604,53920,false,0.552763
12605,2653,true,0.815276
12605,2816,true,0.823543
12605,8398,true,0.908934
12605,14329,false,0.053784
12605,22202,false,0.083637
12605,32582,false,0.829448
12606,2934,true,0.053855
12606,8515,true,0.925836
12606,16067,false,0.819819
12606,53178,false,0.559214
12607,2025,true,0.695465
12607,3113,true,0.16193
12607,3998,true,0.441157
12607,28446,false,0.062319
12607,50400,false,0.007665
12607,55945,false,0.664216
12607,56811,false,0.09585
12608,2434,true,0.511093
12608,3841,true,0.62949
12608,23422,false,0.33964
12609,3781,true,0.738333
12609,8784,true,0.989634
12609,8883,true,0.137306
12610,746,true,0.962807
12610,895,true,0.564475
12610,3780,true,0.283641
12610,8173,true,0.277325
12610,56845,false,0.633568
12611,3356,true,0.528697
12611,34645,false,1.084734
12611,39184,false,0.807557
12612,160,true,0.922593
12612,3742,true,0.615084
12612,39479,false,0.524211
12613,3152,true,0.038499
12613,10556,false,0.970308
12613,18873,false,0.78748
12614,3771,true,0.705921
12614,37290,false,0.550467
12615,126,true,0.658792
12615,3822,true,0.939203
12615,8472,true,0.34181
12615,37625,false,0.020451
12616,3078,true,0.429556
12616,3257,true,0.586904
12616,33830,false,0.590168
12617,1396,true,0.194406
12617,1888,true,0.024561
12617,8845,true,0.742621
12617,8851,true,0.849178
12618,3184,true,0.876858
12618,3568,true,0.124118
12618,3673,true,0.738356
12618,42331,false,0.795488
12618,56950,false,0.57524
12618,57048,false,0.101077
12619,438,true,0.21885
12619,8703,true,1.011848
12619,24473,false,0.425647
12619,38207,false,0.04892
12620,1876,true,0.075756
12620,18992,false,0.522663
12620,21377,false,0.878115
12620,21389,false,0.545655
12620,27428,false,0.787095
12620,52557,false,0.5075
12621,860,true,0.433721
12621,3416,true,0.924473
12621,17171,false,0.31053
12622,2074,true,0.236797
12622,15856,false,0.042321
12622,16344,false,0.34658
12622,34422,false,0.220962
12622,46450,false,0.670889
12623,3506,true,0.985739
12623,8085,true,0.427173
12623,39419,false,0.691285
12623,47129,false,0.792247
12624,2229,true,1.010712
12624,2521,true,0.09934
12624,8034,true,0.886376
12624,8771,true,0.45242
12624,14276,false,0.201064
12625,3266,true,1.006911
12625,8322,true,0.543776
12625,8781,true,0.480004
12625,49072,false,0.371118
12627,2801,true,0.71355
12627,42590,false,0.295845
12627,54601,false,0.560658
12628,756,true,0.167778
12628,894,true,0.165708
12628,2090,true,1.020887
12628,2193,true,0.993855
12628,2404,true,0.565271
12628,19158,false,0.662593
12628,24003,false,0.288734
12628,54890,false,0.295153
12629,2063,true,0.829526
12629,12064,false,0.758396
12629,35291,false,0.857706
12629,53597,false,0.714799
12630,613,true,0.573275
12630,708,true,1.003208
12630,927,true,0.095219
12630,2987,true,0.08316
12630,3761,true,0.812401
12630,8514,true,1.042556
12630,58537,false,0.497581
12631,346,true,0.059155
12631,3326,true,0.183718
12631,3522,true,0.98743
12631,3931,true,0.819622
12631,49009,false,0.393749
12632,287,true,0.442794
12632,1207,true,0.158053
12632,2047,true,0.212709
12632,15760,false,0.607674
12632,32083,false,0.82186
12632,34102,false,0.848693
12633,752,true,0.310201
12633,2862,true,0.940542
12633,3262,true,0.946158
12633,3669,true,0.737827
12633,3832,true,0.646686
12633,8028,true,0.001678
12634,2697,true,0.433793
12634,3159,true,0.102607
12634,14434,false,0.665656
12634,37759,false,0.052655
12634,58857,false,0.838913
12635,1174,true,0.599397
12635,2530,true,0.77962
12635,8539,true,0.093171
12635,8678,true,0.569369
12635,10228,false,0.045714
12635,23688,false,0.170915
12636,1498,true,0.239756
12636,2258,true,0.705594
12636,2308,true,0.154538
12636,3880,true,0.891524
12636,8083,true,0.366006
12636,45726,false,0.416048
12637,1159,true,0.873282
12637,1346,true,0.6196
12637,1900,true,0.201468
12637,2402,true,0.206692
12637,3867,true,0.847864
12637,8484,true,0.577226
12637,13585,false,0.537641
12637,39069,false,0.095368
12637,53782,false,0.731925
12638,2536,true,0.943715
12638,8020,true,0.250011
12638,8460,true,0.637917
12639,2214,true,0.724675
12639,2712,true,0.233688
12639,2835,true,0.777078
12639,3171,true,0.982698
12639,3942,true,0.924208
12639,31582,false,0.364085
12639,51820,false,0.930618
12640,758,true,0.997075
12640,2291,true,0.516107
12640,3637,true,0.697275
12640,10359,false,0.054946
12641,3299,true,0.046957
12641,8092,true,0.248495
12641,8341,true,0.638744
12641,23579,false,0.150091
12641,27511,false,0.731262
12642,1778,true,0.20072
12642,3272,true,0.643206
12643,57,true,0.637452
12643,8405,true,0.043323
12643,21873,false,0.319826
12643,37968,false,0.071277
12643,40874,false,0.074813
12643,55965,false,0.217846
12644,2426,true,0.397173
12644,11871,false,0.768686
12645,9056,true,0.932158
12645,31728,false,0.66548
12645,52925,false,0.923527
12646,9423,true,0.645417
12646,9439,true,0.68507
12647,6462,true,0.27174
12647,9477,true,0.202072
12647,9621,true,0.398128
12647,9969,true,0.686341
12648,9052,true,0.33079
12648,9718,true,0.81112
12648,11273,false,0.924953
12648,26166,false,0.788101
12648,32330,false,0.535132
12648,44374,false,0.555114
12649,6551,true,0.709266
12649,9850,true,0.75143
12649,31363,false,0.295095
12649,33248,false,0.311891
12649,42257,false,0.278669
12649,58933,false,0.726425
12650,6160,true,0.12306
12650,6930,true,0.118068
12650,9333,true,0.42053
12650,9816,true,0.427664
12650,46766,false,0.980001
12651,9463,true,0.213669
12651,58088,false,0.588264
12652,6834,true,0.628732
12652,9131,true,0.179022
12652,11852,false,0.622259
12652,20522,false,0.38305
12652,27669,false,0.128032
12653,668,true,0.722279
12653,826,true,0.222531
12653,861,true,0.742643
12653,52782,false,0.31658
12654,12325,false,0.435716
12654,14100,false,0.808654
12654,22282,false,0.660048
12654,30177,false,0.070018
12654,34275,false,0.395608
12654,34700,false,0.596757
12655,1149,true,0.7208
12655,8608,true,0.50684
12655,8684,true,0.552505
12655,26576,false,0.205316
12655,33552,false,0.821208
12656,25381,false,0.776206
12656,27456,false,0.341697
12656,53888,false,0.719326
12656,55501,false,0.091352
12657,1175,true,0.57011
12657,55596,false,0.599626
12659,36406,false,0.31412
12659,41191,false,0.015764
12659,42432,false,0.853392
12660,12015,false,0.818418
12660,35434,false,0.360782
12660,37166,false,0.410442
12661,37215,false,0.151984
12661,59396,false,0.91177
12662,21157,false,0.629766
12662,21385,false,0.687522
12662,55349,false,0.515705
12663,28460,false,0.889131
12663,45028,false,0.356651
12663,49134,false,0.671438
12663,56253,false,0.150248
12664,11922,false,0.56252
12664,24085,false,0.257363
12664,39485,false,0.382396
12664,42857,false,0.915136
12665,23043,false,0.021407
12666,48392,false,0.764857
12668,25176,false,0.902642
12668,39787,false,0.353486
12668,43128,false,0.766841
12668,49757,false,0.675048
12669,28992,false,0.173619
12669,31575,false,0.244662
12669,53286,false,0.510464
12670,26187,false,0.69037
12670,52134,false,0.936159
12670,58397,false,0.934691
12671,12226,false,0.988962
12671,26570,false,0.090635
12672,31426,false,0.436788
12672,57086,false,0.522108
12673,1120,true,0.92125
12673,1944,true,0.266651
12673,59752,false,0.300286
12674,54951,false,0.383531
12675,21548,false,0.360592
12675,32606,false,0.456787
12675,41480,false,0.245102
12676,1319,true,0.67149
12676,1791,true,0.69656
12676,13686,false,0.965737
12676,15685,false,0.428455
12676,42921,false,0.096833
12676,44594,false,0.823082
12677,44190,false,0.102806
12677,44397,false,0.05174
12677,58262,false,0.572846
12678,40364,false,0.777814
12680,15654,false,0.604248
12680,20911,false,0.553901
12680,22584,false,0.696563
12680,26744,false,0.372384
12680,33090,false,0.841352
12680,33765,false,0.182606
12680,45074,false,0.241663
12680,45674,false,0.879334
12681,54694,false,0.510247
12682,11649,false,0.693672
12682,22154,false,0.886573
12682,54232,false,0.26884
12683,16206,false,0.794465
12684,10749,false,0.098621
12684,35602,false,0.927846
12685,16831,false,0.14901
12685,59845,false,0.033955
12686,29366,false,0.952011
12686,56515,false,0.54764
12687,14878,false,0.453375
12687,34629,false,0.642273
12687,46079,false,0.653408
12688,10904,false,0.760572
12689,18476,false,0.710812
12689,25086,false,0.770957
12689,55328,false,0.692132
12690,34710,false,0.889898
12690,59004,false,0.243776
12691,47895,false,0.351688
12691,59265,false,0.794978
12692,14540,false,0.82599
12692,53079,false,0.172141
12693,15811,false,0.864605
12693,18472,false,0.744342
12693,31944,false,0.158926
12694,14007,false,0.185679
12694,20160,false,0.811686
12694,32332,false,0.610451
12695,26229,false,0.486129
12695,27339,false,0.706262
12697,13044,false,0.658604
12697,14848,false,0.397089
12697,25487,false,0.945835
12697,27762,false,0.341167
12697,27769,false,1.016388
12697,43590,false,0.569564
12698,22495,false,0.327396
12698,25698,false,0.494862
12698,30441,false,0.891199
12699,22713,false,0.790401
12699,59405,false,0.971968
12700,15092,false,0.037682
12700,16135,false,0.173072
12700,41561,false,0.031156
12700,58232,false,0.047986
12701,17489,false,0.804708
12701,29361,false,0.346706
12701,38391,false,0.145461
12701,43931,false,0.563766
12701,48030,false,0.962506
12702,49914,false,0.686174
12702,51734,false,0.430259
12703,13319,false,0.270194
12703,33823,false,0.374856
12703,48099,false,0.318177
12703,52424,false,0.639385
12705,10533,false,0.737362
12705,30475,false,0.21375
12706,18509,false,0.806983
12707,24385,false,0.960642
12707,41696,false,0.160267
12707,46207,false,0.25464
12708,23956,false,0.654358
12708,24037,false,0.084582
12708,30036,false,0.118493
12709,1540,true,0.200985
12709,43686,false,0.606922
12709,59435,false,0.612582
12709,59555,false,0.639181
12710,797,true,0.086216
12710,14174,false,0.405896
12710,44545,false,0.266342
12710,57549,false,0.913816
12711,995,true,0.76244
12711,1512,true,0.71539
12711,46096,false,0.658104
12712,8043,true,0.702346
12712,11253,false,0.718156
12712,16576,false,0.581096
12712,23922,false,0.533259
12713,258,true,0.374828
12713,318,true,0.072462
12713,582,true,0.423555
12713,1681,true,0.39888
12713,8275,true,0.283565
12713,16314,false,0.745496
12713,16736,false,0.009712
12714,169,true,0.619277
12714,1011,true,0.974603
12714,48853,false,0.151845
12715,356,true,0.171406
12715,810,true,0.130735
12715,8459,true,0.65361
12715,8551,true,0.826001
12715,11107,false,0.681874
12715,29368,false,0.708022
12717,14485,false,0.060648
12717,25026,false,0.322695
12717,49118,false,0.501075
12718,19305,false,0.929249
12718,25382,false,0.042784
12719,8208,true,0.136407
12719,45690,false,0.303491
12719,55326,false,0.58942
12720,1454,true,0.585061
12720,1844,true,0.857702
12720,8114,true,0.64625
12720,8938,true,0.973559
12720,13238,false,0.073732
12720,34823,false,0.416016
12721,8363,true,0.455657
12721,17941,false,0.045011
12721,31761,false,0.696885
12721,48918,false,0.647995
12722,1845,true,0.793174
12722,15477,false,0.508092
12722,44199,false,0.386193
12723,8640,true,0.600101
12723,8694,true,0.676788
12723,49998,false,0.036954
12724,8186,true,0.844997
12724,48877,false,0.026457
12725,1019,true,0.24366
12725,1773,true,0.418119
12725,1837,true,0.751984
12725,50168,false,0.795489
12726,43012,false,0.542354
12726,45132,false,0.584202
12726,50804,false,0.604439
12726,55078,false,0.540016
12727,9968,true,0.665992
12727,19448,false,0.898281
12727,19771,false,0.731375
12727,20039,false,0.567025
12728,9357,true,1.003504
12728,9500,true,0.249034
12729,9469,true,0.379238
12729,9638,true,0.602657
12729,24461,false,1.003891
12730,9433,true,0.374864
12730,25771,false,0.401268
12730,28090,false,0.781206
12730,45713,false,0.896513
12731,9739,true,0.477226
12731,16118,false,0.941951
12732,9515,true,0.496881
12732,9671,true,0.12487
12732,18353,false,0.346165
12732,30570,false,0.956605
12733,9187,true,0.21863
12733,32830,false,0.20211
12734,9690,true,0.144611
12734,9709,true,0.952284
12734,23083,false,0.277475
12735,38096,false,0.87136
12736,9033,true,1.003699
12736,9099,true,0.351836
12736,12761,false,0.282712
12736,25517,false,0.155667
12736,31506,false,0.927565
12737,9226,true,0.63433
12737,9367,true,1.2E-4
12738,9029,true,0.292894
12738,9579,true,0.61071
12738,38655,false,0.220031
12738,43314,false,0.857909
12739,9143,true,0.186048
12739,9480,true,0.453889
12739,34597,false,0.632943
12740,13444,false,0.237311
12740,36785,false,0.744988
12740,56573,false,0.910162
12741,9994,true,0.575473
12741,12892,false,0.071001
12741,25445,false,0.447501
12741,30704,false,0.46471
12741,55267,false,0.512668
12742,9102,true,0.931937
12742,9755,true,0.961166
12743,9144,true,0.797497
12743,9448,true,0.848114
12743,9875,true,0.528461
12743,38578,false,0.411818
12744,13967,false,0.785178
12744,26987,false,0.611665
12744,43564,false,0.905727
12744,53103,false,0.010584
12745,21719,false,0.576387
12745,41449,false,0.264528
12745,42917,false,0.026717
12745,48450,false,0.614779
12746,44035,false,0.010965
12747,24219,false,0.355722
12747,32998,false,0.787731
12747,39138,false,0.763673
12747,43265,false,0.215029
12748,13665,false,0.77271
12748,28958,false,0.138385
12748,33189,false,0.669259
12748,47319,false,0.981661
12749,31389,false,0.292771
12750,12962,false,0.180353
12750,35152,false,1.000937
12750,49827,false,0.95817
12751,19433,false,0.399116
12751,20893,false,0.217633
12751,36104,false,0.393219
12751,41576,false,0.459862
12752,10510,false,0.992807
12753,25489,false,0.60703
12753,47412,false,0.902393
12754,35803,false,0.781305
12754,43963,false,0.676396
12754,44375,false,0.860997
12754,47967,false,0.250121
12755,38590,false,0.27309
12756,23286,false,0.40996
12757,27502,false,0.29211
12757,39172,false,0.207264
12757,48760,false,0.758329
12757,52329,false,0.019103
12758,10325,false,0.593675
12758,16115,false,0.509491
12758,33776,false,0.337565
12758,36851,false,0.65642
12759,10983,false,0.598138
12759,16269,false,0.490337
12760,24421,false,0.070058
12760,36670,false,0.557818
12761,53249,false,0.386367
12763,22483,false,0.425347
12764,30675,false,0.011936
12764,51976,false,0.824571
12764,57431,false,0.138861
12765,42584,false,0.40409
12766,58033,false,0.933319
12767,40240,false,0.290614
12768,52592,false,0.810383
12770,42524,false,0.435804
12770,59146,false,0.343765
12771,16990,false,0.322578
12771,24479,false,0.783898
12772,49119,false,0.054436
12773,14130,false,0.208908
12773,33563,false,0.05707
12773,50291,false,0.805028
12774,34880,false,0.334735
12776,26811,false,0.666055
12776,30290,false,0.23899
12776,36204,false,0.822259
12777,24444,false,0.774098
12778,51666,false,0.548371
12779,37160,false,0.511856
12779,50533,false,0.186113
12779,57807,false,0.321105
12779,57902,false,0.307366
12780,11201,false,0.018325
12780,28256,false,0.591307
12780,29450,false,0.596052
12780,29833,false,0.885696
12780,58150,false,0.119414
12782,12602,false,0.964474
12782,36473,false,0.90403
12782,59611,false,0.918724
12783,16316,false,0.783837
12783,52167,false,0.603016
12783,59767,false,0.089313
12784,11072,false,0.033405
12784,15776,false,0.080797
12787,54881,false,0.700413
12788,17931,false,0.330231
12788,32233,false,0.846712
12789,11744,false,1.000398
12789,20734,false,0.700387
12789,48568,false,0.017684
12790,10919,false,0.608152
12792,24875,false,0.907111
12793,10984,false,0.279844
12793,18687,false,0.447399
12793,27606,false,0.470707
12794,24933,false,0.475837
12796,51456,false,0.807011
12796,57557,false,0.016458
12798,56727,false,0.546764
12799,16687,false,0.131666
12799,59607,false,0.961279
12800,26017,false,0.915347
12800,55074,false,0.285332
12800,56132,false,0.243036
12801,11186,false,0.799684
12801,35207,false,0.151416
12802,51775,false,0.315536
12805,44149,false,0.948055
12805,49212,false,0.187436
12806,3864,true,0.354786
12806,8311,true,0.952246
12806,33650,false,0.96414
12806,37378,false,0.532537
12806,39751,false,0.790985
12807,3480,true,0.711203
12807,8081,true,0.5851
12807,8582,true,0.678056
12807,17565,false,0.053891
12807,44317,false,0.626785
12807,56575,false,0.578792
12808,23582,false,0.709487
12808,35660,false,0.965625
12808,55983,false,0.779279
12809,395,true,0.718788
12810,284,true,0.497177
12810,25719,false,0.28324
12812,8162,true,0.749823
12812,8457,true,0.484318
12812,11383,false,0.831088
12812,12068,false,0.836449
12812,44405,false,0.402439
12812,44512,false,0.493272
12812,56052,false,0.384043
12813,8147,true,0.791319
12813,12465,false,0.142639
12813,24976,false,0.51234
12814,712,true,0.630311
12814,719,true,0.025679
12814,938,true,0.462141
12814,1405,true,0.325915
12814,15421,false,0.550162
12814,25587,false,0.732721
12814,28928,false,0.508985
12815,30489,false,0.845453
12816,2535,true,0.484331
12816,2614,true,0.920346
12816,3961,true,0.7915
12817,3085,true,0.382097
12817,3243,true,0.938663
12818,2031,true,0.539473
12818,2055,true,0.441133
12818,2880,true,0.910221
12818,3445,true,0.399915
12818,3679,true,0.213413
12818,29952,false,0.056167
12818,42904,false,0.242412
12818,49988,false,0.926582
12819,2595,true,0.550975
12819,2822,true,0.131122
12819,3611,true,0.464242
12819,3695,true,0.398923
12819,3753,true,0.205794
12819,14599,false,0.15686
12820,3543,true,0.521114
12820,37895,false,0.007213
12821,56031,false,0.501438
12822,2230,true,0.33435
12822,3268,true,0.627791
12822,3300,true,0.132223
12822,3462,true,0.574504
12822,3749,true,0.595592
12822,16113,false,1.005246
12823,2531,true,0.292556
12823,13894,false,0.203173
12823,28474,false,0.891957
12823,36331,false,0.508816
12824,3635,true,0.227
12824,11199,false,0.671677
12825,535,true,0.936351
12825,2117,true,0.159606
12825,2287,true,0.593458
12825,2846,true,0.309954
12825,3155,true,0.913923
12825,32104,false,0.066976
12826,901,true,0.367672
12826,2298,true,0.180701
12826,2544,true,0.752748
12826,2648,true,0.781918
12826,26664,false,0.864643
12826,34540,false,0.391407
12826,34848,false,0.147922
12827,2092,true,0.757331
12827,2974,true,0.458252
12827,3182,true,0.595521
12827,25642,false,0.96932
12827,56067,false,0.88417
12828,870,true,0.926399
12828,22787,false,0.663639
12828,27896,false,0.018596
12828,30256,false,0.82945
12828,37221,false,0.215529
12828,40006,false,0.368743
12828,49841,false,0.980056
12829,2147,true,0.758056
12829,3285,true,0.26368
12829,3908,true,0.759922
12829,23255,false,0.573927
12829,58858,false,0.057181
12830,10813,false,0.25016
12830,28935,false,0.202035
12830,55176,false,0.726561
12831,115,true,0.877648
12832,2083,true,0.277185
12832,3457,true,0.997167
12832,54710,false,0.785548
12832,59871,false,0.627084
12833,33307,false,0.668937
12833,33530,false,0.297971
12834,402,true,0.198343
12834,24364,false,0.478698
12834,43198,false,0.140388
12835,15001,false,0.253207
12835,15638,false,0.928231
12835,58860,false,0.207025
12836,2163,true,0.078827
12836,3645,true,0.946272
12836,3788,true,0.260304
12837,2560,true,0.376521
12837,3537,true,1.010791
12837,32184,false,0.560357
12837,58170,false,0.088468
12838,13595,false,0.891727
12838,48643,false,0.67458
12838,51193,false,0.409114
12839,2650,true,0.668682
12839,3344,true,0.668946
12839,23414,false,0.252307
12839,42126,false,0.426586
12840,3345,true,0.800614
12840,58141,false,0.356792
12841,40618,false,0.746935
12841,57460,false,0.314517
12842,2876,true,0.679633
12842,3021,true,0.965665
12842,10210,false,0.436207
12842,12254,false,0.704284
12842,30134,false,0.451447
12843,40047,false,0.046603
12844,294,true,0.494967
12844,2610,true,0.293418
12844,16750,false,0.023211
12845,644,true,0.822395
12845,3108,true,0.83377
12845,3456,true,0.505239
12845,3486,true,0.262226
12845,19137,false,0.450395
12845,25122,false,0.926949
12845,30095,false,0.035525
12845,45130,false,0.617179
12845,58291,false,0.535015
12846,3871,true,0.690374
12846,3894,true,0.909624
12846,27068,false,0.247732
12846,44812,false,0.257349
12847,3306,true,0.7375
12847,43765,false,0.878992
12848,3661,true,0.623765
12848,10315,false,0.057314
12848,20552,false,0.812505
12848,20736,false,0.354465
12848,38040,false,0.424539
12848,48279,false,0.859705
12849,2528,true,0.124803
12849,3087,true,0.17872
12849,3614,true,0.950861
12849,3901,true,0.693362
12850,3418,true,0.250303
12850,44114,false,0.695542
12851,620,true,0.560616
12851,12605,false,0.052047
12851,22458,false,0.367019
12851,47467,false,0.751094
12852,53,true,0.933168
12852,2452,true,0.90601
12852,3487,true,0.795205
12852,24635,false,0.159627
12852,49579,false,0.433677
12853,2804,true,0.866667
12853,3737,true,0.084322
12853,50292,false,0.219288
12853,56160,false,0.912606
12854,2079,true,0.309466
12854,2364,true,0.831042
12854,2681,true,0.618505
12854,31088,false,0.465533
12854,31951,false,0.146275
12854,33026,false,0.749688
12854,55609,false,0.064885
12854,59716,false,0.856336
12855,2761,true,0.712456
12855,3535,true,0.84186
12855,28136,false,0.546187
12855,28422,false,0.825246
12855,58475,false,0.123938
12856,2888,true,0.342515
12856,3890,true,0.674696
12856,39066,false,0.747657
12856,51835,false,0.037032
12857,2013,true,0.928425
12858,3042,true,0.03573
12858,3888,true,0.468926
12858,10252,false,0.294687
12858,37296,false,0.438915
12858,39072,false,0.396361
12858,45934,false,0.108471
12858,55219,false,0.224316
12859,3140,true,0.323115
12859,3625,true,0.048054
12859,3676,true,0.097661
12859,37640,false,0.89032
12859,43528,false,0.113583
12860,134,true,0.884352
12860,3769,true,0.263375
12860,3800,true,1.004389
12860,12009,false,0.668983
12860,30142,false,0.733136
12860,33035,false,0.697521
12860,38581,false,0.527448
12861,22333,false,0.753607
12861,26843,false,0.754094
12861,52322,false,0.497926
12862,3400,true,0.59664
12862,3643,true,0.06244
12862,3889,true,0.539215
12862,35565,false,0.456529
12863,866,true,0.161856
12863,3471,true,0.538888
12863,20950,false,0.35698
12863,42804,false,0.381402
12863,50823,false,0.508776
12864,3760,true,0.223119
12864,46440,false,0.431623
12865,2034,true,0.126038
12865,3009,true,0.443772
12865,3517,true,0.923314
12865,3593,true,0.177546
12865,36215,false,0.301549
12866,2460,true,0.981024
12866,2557,true,0.412535
12866,24836,false,0.640721
12866,29876,false,0.467913
12866,55456,false,0.249165
12867,2097,true,0.642603
12867,2511,true,0.136057
12867,2850,true,0.02958
12867,13706,false,0.704458
12867,50454,false,0.614249
12868,149,true,0.783583
12868,2124,true,0.651441
12868,23766,false,0.003434
12868,44830,false,0.974044
12869,689,true,0.006698
12869,2437,true,0.312283
12869,3377,true,0.891401
12869,3665,true,0.500893
12869,3724,true,0.183213
12869,14515,false,0.838247
12870,2028,true,0.605746
12870,10585,false,0.23408
12871,2318,true,0.583994
12871,3990,true,0.450609
12871,18884,false,0.490927
12871,53101,false,0.087136
12872,3165,true,0.310989
12872,3311,true,0.474188
12872,23479,false,0.659933
12872,47656,false,0.166156
12873,739,true,0.510747
12873,3885,true,0.254082
12873,26355,false,0.191511
12873,27296,false,0.409423
12873,29080,false,0.120528
12874,224,true,0.957497
12874,2902,true,0.666528
12874,3157,true,0.375233
12874,3343,true,0.758183
12874,20896,false,0.727148
12874,21294,false,0.172918
12874,40589,false,0.55219
12875,2429,true,0.471147
12875,35855,false,0.761844
12875,49699,false,0.422399
12875,56755,false,0.830606
12876,2176,true,0.696964
12876,3567,true,0.298822
12876,3674,true,0.628473
12876,3785,true,0.834503
12876,27617,false,0.343381
12876,40831,false,0.948724
12877,2751,true,0.981582
12877,3180,true,0.604553
12877,32576,false,0.425677
12878,691,true,0.013608
12878,31826,false,0.5654
12879,999,true,0.756743
12879,3681,true,0.011566
12879,3703,true,0.669558
12879,15080,false,0.253122
12879,34653,false,0.40481
12879,52002,false,0.454264
12880,2676,true,0.298914
12880,37808,false,0.816514
12881,2374,true,0.841326
12881,12103,false,0.661896
12881,28385,false,0.026361
12881,47226,false,0.710497
12881,57769,false,0.539009
12882,232,true,0.044989
12882,2172,true,0.542592
12882,2831,true,0.020377
12882,51340,false,0.936871
12883,963,true,0.463593
12883,12453,false,0.776562
12883,54531,false,0.273052
12884,3813,true,0.536613
12884,3963,true,0.123164
12884,33536,false,0.500611
12884,41817,false,0.916494
12884,42863,false,0.054093
12884,46458,false,0.420959
12884,53425,false,0.635318
12885,2502,true,0.033814
12885,39134,false,0.844012
12886,2036,true,0.386972
12886,3251,true,0.898551
12886,24641,false,0.539243
12886,45411,false,0.615152
12887,2140,true,0.916308
12887,3896,true,0.222837
12887,25916,false,0.836491
12888,380,true,0.013311
12888,2487,true,0.643531
12888,16419,false,0.247733
12888,49062,false,0.23597
12889,491,true,0.131058
12889,596,true,0.195671
12889,1007,true,0.195952
12889,18737,false,0.44686
12889,48264,false,0.654051
12890,2482,true,0.355043
12890,2792,true,0.96863
12890,3204,true,0.565497
12890,33469,false,0.221728
12890,53814,false,0.70338
12890,55976,false,0.443699
12891,93,true,0.209906
12891,2056,true,0.615596
12891,13481,false,0.309298
12891,24949,false,0.896934
12891,43409,false,0.012327
12892,372,true,0.957113
12892,3125,true,0.030745
12892,3192,true,0.078851
12892,22384,false,0.730364
12892,31062,false,0.332842
12893,3854,true,0.273871
12893,16399,false,0.417528
12893,50274,false,0.293957
12894,2285,true,0.380387
12894,2385,true,0.485091
12894,3877,true,0.820086
12894,3881,true,0.225567
12894,58349,false,0.400005
12895,3045,true,0.408261
12895,27731,false,0.537977
12896,45,true,0.213407
12896,222,true,0.98199
12896,2076,true,0.547989
12896,2119,true,0.398732
12896,2156,true,0.087225
12896,23350,false,0.532762
12896,29926,false,0.056562
12897,2155,true,0.897383
12897,2679,true,0.617182
12897,3454,true,0.61924
12897,23364,false,0.206287
12897,27515,false,0.459101
12897,49359,false,0.737758
12897,54192,false,0.827242
12898,2195,true,0.738989
12898,16679,false,0.249884
12898,16697,false,0.476793
12898,21913,false,0.079522
12898,50812,false,0.195931
12899,2990,true,0.299688
12899,3044,true,0.781945
12899,17758,false,0.324688
12899,22608,false,0.620282
12899,29977,false,0.367871
12900,994,true,0.44574
12900,2791,true,0.392586
12900,3897,true,0.412568
12900,3940,true,0.668104
12901,2672,true,0.671644
12901,37019,false,0.426429
12901,46781,false,0.758393
12901,48980,false,0.638478
12902,170,true,0.82659
12902,619,true,0.793269
12902,698,true,0.807683
12902,3099,true,0.122887
12902,25191,false,0.474951
12902,30981,false,0.855004
12903,3965,true,0.213949
12903,28267,false,0.653796
12903,32436,false,0.726168
12903,45525,false,0.444467
12903,45619,false,0.033346
12904,3631,true,0.082283
12904,21194,false,0.097221
12904,24084,false,0.695823
12904,24495,false,0.527372
12904,50336,false,0.677593
12904,50498,false,0.031957
12905,3962,true,0.216328
12906,351,true,0.930517
12906,3917,true,0.464718
12906,38551,false,0.974124
12906,42090,false,0.847538
12906,42409,false,0.283883
12906,47591,false,0.802037
12906,50631,false,0.570743
12907,3362,true,0.961458
12907,10473,false,0.994991
12907,31685,false,0.991758
12907,40774,false,0.816269
12907,58383,false,0.004419
12908,56249,false,0.720172
12908,56495,false,0.809377
12909,734,true,0.879703
12909,15809,false,0.063458
12909,36908,false,0.182998
12909,41091,false,0.392459
12910,35616,false,0.286755
12910,48361,false,0.957992
12910,53081,false,0.719962
12911,52675,false,0.397262
12912,18283,false,0.451913
12912,39462,false,0.617453
12913,14222,false,0.518273
12913,19913,false,0.391265
12913,21494,false,0.166911
12913,24136,false,0.470716
12913,35792,false,0.419048
12913,37961,false,0.095064
12914,16803,false,0.58247
12914,24135,false,0.058312
12914,35979,false,0.417565
12915,31562,false,0.85016
12915,38801,false,0.691601
12916,16279,false,0.738902
12916,21977,false,0.738391
12916,31204,false,0.319343
12917,17779,false,0.066615
12917,23216,false,0.585562
12917,28861,false,0.063455
12917,35532,false,0.272962
12917,39097,false,0.464868
12917,46635,false,0.501106
12918,25115,false,0.003474
12918,36875,false,0.085632
12918,44562,false,0.786779
12919,35215,false,0.169462
12919,51100,false,0.607409
12919,53792,false,0.79471
12920,19057,false,0.55051
12920,24302,false,0.837469
12921,30727,false,0.066283
12921,33605,false,0.161853
12922,52299,false,0.145613
12923,10151,false,0.057735
12923,49086,false,0.120102
12923,59648,false,1.01487
12924,11799,false,0.686244
12924,16369,false,0.014792
12924,17945,false,0.537365
12924,29664,false,1.015465
12924,37955,false,0.406612
12924,47870,false,0.32993
12925,16624,false,0.512998
12925,21037,false,0.923136
12925,41267,false,0.24364
12925,56338,false,0.887958
12926,16797,false,0.486453
12926,26596,false,0.117306
12926,51294,false,0.959157
12926,51373,false,0.127365
12927,17357,false,0.374596
12928,19894,false,0.676066
12928,37789,false,0.44445
12928,39622,false,0.484469
12929,49737,false,0.083513
12930,14793,false,0.89109
12930,44070,false,0.721518
12930,53967,false,0.94449
12931,13631,false,0.37237
12931,18402,false,0.17667
12931,44925,false,0.380485
12932,1568,true,0.083137
12932,1597,true,0.755886
12932,15624,false,0.193695
12932,15770,false,0.467911
12932,23220,false,0.66651
12932,43701,false,0.995195
12933,1278,true,0.307171
12933,57279,false,0.093799
12934,12884,false,0.557115
12934,14228,false,0.432725
12934,30934,false,0.199914
12935,46897,false,1.012982
12936,24361,false,0.277819
12936,30733,false,0.412856
12936,34417,false,0.713981
12936,45195,false,0.788473
12936,47695,false,0.64788
12937,14167,false,0.037552
12937,22515,false,0.29421
12937,23118,false,0.037434
12937,40739,false,0.391822
12937,42910,false,0.975605
12938,16547,false,0.2596
12938,25274,false,0.720159
12938,47801,false,0.514861
12939,11268,false,0.828586
12939,15874,false,0.644514
12939,21245,false,0.479979
12939,22075,false,0.357173
12939,28389,false,0.212529
12940,33116,false,0.086495
12940,34499,false,0.584028
12940,50561,false,0.87057
12941,10477,false,0.788588
12941,28668,false,0.255024
12942,10898,false,0.297288
12942,14263,false,0.538357
12942,24439,false,0.06913
12942,59336,false,0.32244
12944,1369,true,1.001241
12944,1596,true,0.794129
12945,1771,true,0.973226
12945,54319,false,0.991447
12946,23367,false,0.201523
12946,37879,false,0.233782
12948,26364,false,0.12652
12948,36160,false,0.080885
12948,50231,false,0.410877
12948,55226,false,0.06539
12949,39645,false,0.245918
12950,20369,false,0.858595
12950,50285,false,0.692298
12951,35424,false,0.423778
12951,47553,false,0.702318
12951,49135,false,0.883399
12951,51668,false,0.333543
12952,13007,false,0.272718
12952,18501,false,0.064108
12952,39560,false,0.541017
12952,47324,false,0.339279
12953,14618,false,0.341289
12953,16646,false,0.221246
12953,52350,false,0.463486
12954,53842,false,0.159532
12954,57127,false,0.345355
12955,12242,false,0.276232
12956,28159,false,0.516675
12956,40691,false,0.631659
12956,42080,false,0.559647
12956,45047,false,0.725731
12957,11724,false,0.867531
12957,12728,false,0.435688
12957,31131,false,0.077501
12957,53886,false,0.332741
12958,21522,false,0.170976
12959,22008,false,0.617868
12960,12477,false,0.127586
12960,18923,false,0.649041
12960,28400,false,0.224444
12961,15450,false,0.575295
12961,22552,false,0.371941
12961,24467,false,0.38142
12961,53162,false,0.290493
12961,56695,false,1.007298
12962,14852,false,0.029497
12962,28907,false,0.868973
12962,34023,false,0.487427
12962,51542,false,0.146209
12963,38191,false,0.210472
12963,42783,false,0.145995
12964,20723,false,0.699807
12964,26986,false,0.320095
12964,58037,false,0.611937
12964,59477,false,0.923747
12965,35261,false,0.842501
12965,51646,false,0.901227
12966,19853,false,0.993388
12966,37313,false,0.656752
12966,48726,false,0.772295
12966,54842,false,0.189391
12967,42676,false,0.951725
12967,44234,false,0.039873
12968,47691,false,0.890946
12969,23843,false,0.894857
12969,47334,false,0.270647
12970,24229,false,0.167298
12970,35537,false,0.340946
12970,53780,false,0.719277
12971,17118,false,0.098385
12971,42936,false,0.20122
12971,46480,false,0.927441
12971,50236,false,0.129432
12972,11660,false,0.246243
12972,39763,false,0.305116
12972,55868,false,0.85347
12973,31010,false,0.602288
12973,33620,false,0.647005
12973,46211,false,0.167919
12974,25099,false,0.770919
12974,34704,false,0.467624
12974,56120,false,0.718448
12975,49618,false,0.976966
12975,59636,false,0.751483
12976,9848,true,0.618235
12976,19819,false,0.605783
12977,9697,true,0.666078
12977,14961,false,0.317857
12977,21917,false,0.741047
12977,31467,false,0.174328
12977,32384,false,0.579003
12978,9458,true,0.659763
12978,9719,true,0.25017
12978,11875,false,0.55009
12978,21924,false,0.101824
12978,40829,false,0.244138
12978,55767,false,0.480063
12979,9040,true,0.440552
12979,9699,true,0.318117
12979,23866,false,0.961597
12979,33845,false,0.813024
12979,41970,false,0.27498
12980,9291,true,0.066552
12980,12985,false,0.616065
12980,23292,false,0.219565
12980,32036,false,0.920589
12980,33630,false,0.714854
12981,9632,true,0.721414
12981,16397,false,0.532992
12981,18454,false,0.156887
12981,18507,false,0.054191
12981,52400,false,0.940233
12982,9213,true,0.053126
12982,51445,false,0.336709
12983,9038,true,0.458491
12983,9611,true,0.098917
12983,16516,false,0.162359
12983,32008,false,0.965021
12984,9049,true,0.137745
12984,9336,true,0.908189
12984,51105,false,0.225793
12985,9322,true,0.034743
12985,9485,true,0.697643
12985,18434,false,0.553725
12985,19524,false,0.330689
12985,20323,false,0.929008
12985,42850,false,0.720477
12986,9923,true,0.056021
12986,33305,false,0.42274
12986,42898,false,0.444098
12986,59204,false,0.27771
12987,9992,true,0.305174
12987,29491,false,0.303655
12987,56849,false,0.123251
12988,9925,true,0.353086
12988,12412,false,0.583919
12988,14683,false,0.6006
12988,17150,false,0.438716
12988,47940,false,0.461149
12988,50499,false,0.778204
12989,9772,true,0.182089
12989,35272,false,0.451731
12990,9192,true,0.327708
12990,9904,true,0.423538
12991,9501,true,0.509551
12991,9637,true,0.866293
12991,9853,true,0.312873
12991,17622,false,0.97115
12991,32565,false,0.556211
12991,35985,false,0.161232
12991,58057,false,0.1561
12992,9261,true,0.931774
12992,9312,true,0.949728
12992,43283,false,0.916731
12993,9491,true,0.154847
12993,17232,false,0.988007
12993,26932,false,0.035863
12993,34120,false,0.183442
12993,41566,false,0.192173
12993,42765,false,0.658316
12994,9263,true,0.554624
12994,9346,true,0.797499
12994,9795,true,0.78441
12994,29049,false,0.607518
12995,9010,true,0.106015
12995,9411,true,0.849515
12995,9788,true,0.715203
12995,13006,false,0.918027
12995,22800,false,0.614946
12995,28280,false,0.864783
12995,56275,false,0.985963
12996,9076,true,0.970666
12996,9186,true,0.101021
12996,9428,true,0.820439
12996,9467,true,0.760716
12996,9844,true,0.509886
12996,16689,false,0.699541
12996,32064,false,0.070824
12996,32540,false,0.07497
12996,37571,false,0.71043
12997,9068,true,0.85381
12997,9222,true,0.986364
12997,21759,false,0.250214
12998,9669,true,0.042932
12998,12056,false,0.57405
12998,14836,false,0.287336
12998,33517,false,0.538984
12998,42844,false,0.071269
12999,9079,true,0.165396
12999,9270,true,0.949759
12999,9735,true,0.161834
12999,9883,true,0.736839
12999,13810,false,0.546244
12999,17972,false,0.207828
12999,19657,false,0.156759
12999,34127,false,0.632466
12999,39799,false,0.440061
13000,9720,true,0.291824
13000,9797,true,0.059286
13000,9835,true,0.541429
13000,17763,false,0.648251
13000,19962,false,0.775897
13000,26661,false,0.347598
13000,47550,false,0.590574
13000,52207,false,0.945622
13000,52311,false,0.979336
13002,9120,true,0.45665
13002,9314,true,0.488137
13002,9347,true,0.074151
13002,9606,true,0.060934
13002,9820,true,0.62094
13002,9985,true,0.42138
13002,26201,false,0.185443
13002,55606,false,0.45049
13003,9066,true,0.818758
13003,9371,true,0.552135
13003,9609,true,0.326004
13003,13652,false,0.233366
13003,42025,false,0.671708
13003,54634,false,0.951054
13004,9035,true,0.882055
13004,20441,false,0.727263
13004,25951,false,0.763935
13004,27797,false,0.870053
13004,29638,false,0.705333
13004,43772,false,0.440414
13005,9113,true,0.510489
13005,9593,true,0.331632
13005,9799,true,0.411106
13005,28949,false,0.19699
13005,47658,false,0.66202
13006,15157,false,0.620166
13006,19224,false,0.408397
13006,20511,false,0.32939
13006,58340,false,0.529904
13007,9323,true,0.365124
13007,9530,true,0.716917
13007,19765,false,0.317028
13007,28268,false,0.602155
13007,41667,false,0.788805
13008,9307,true,0.638269
13008,9902,true,0.433256
13008,14348,false,0.990651
13008,31889,false,0.517842
13008,42831,false,0.843976
13009,9576,true,0.06689
13009,9891,true,0.695709
13009,10419,false,0.720006
13009,31217,false,0.540571
13009,32834,false,0.979984
13009,42413,false,0.002599
13009,43958,false,0.964767
13009,57668,false,0.774024
13010,15032,false,0.929466
13011,9034,true,0.950208
13011,30687,false,0.144187
13011,35051,false,0.554477
13011,35281,false,0.91535
13011,59799,false,0.197272
13012,9136,true,0.989753
13012,10293,false,0.421688
13012,29788,false,1.007472
13012,44982,false,0.235267
13012,47255,false,0.559724
13013,9150,true,0.458687
13013,9511,true,0.233699
13013,23865,false,0.420357
13013,25153,false,0.555162
13013,56818,false,0.718493
13014,16001,false,0.230563
13014,46210,false,0.002361
13014,49192,false,0.680466
13015,9600,true,0.147279
13015,22717,false,0.442433
13015,22734,false,0.046638
13015,30346,false,0.689064
13016,9595,true,0.133526
13016,9640,true,0.718426
13016,9676,true,0.777989
13016,31350,false,0.851587
13016,36198,false,0.047489
13016,48982,false,0.185395
13017,20534,false,0.180336
13017,30243,false,0.617937
13017,43471,false,0.200129
13017,50148,false,0.516729
13018,9151,true,0.512055
13018,9874,true,0.559669
13018,36321,false,0.985863
13018,54109,false,0.641725
13018,57255,false,0.628531
13019,9471,true,0.673763
13019,10392,false,0.65217
13019,54155,false,0.529223
13020,9257,true,0.829454
13020,9618,true,0.013629
13020,9770,true,0.992059
13020,31927,false,0.587038
13020,47819,false,0.582595
13020,47855,false,0.805212
13021,9352,true,0.712847
13021,27935,false,0.856653
13022,9255,true,0.325411
13022,10574,false,0.107668
13022,47907,false,0.624206
13023,9126,true,0.888838
13023,25214,false,0.44316
13023,35491,false,0.858293
13023,42354,false,0.861344
13023,54871,false,0.599019
13024,9041,true,0.39612
13024,13827,false,0.76107
13024,20283,false,0.640425
13024,58051,false,0.935407
13025,16094,false,0.281268
13025,22214,false,0.36884
13026,9446,true,0.603293
13026,9862,true,0.360645
13027,9129,true,0.240135
13028,9002,true,0.882412
13028,9096,true,0.709683
13028,9176,true,0.775842
13028,9717,true,0.696257
13028,19064,false,0.31353
13029,9688,true,0.405183
13029,50854,false,0.571504
13030,9938,true,0.528473
13031,9177,true,0.95442
13031,18331,false,0.113378
13031,22598,false,0.00103
13031,25886,false,0.459367
13032,9105,true,0.95619
13032,9345,true,0.746455
13032,17034,false,0.190187
13032,26332,false,0.680445
13032,29010,false,0.812696
13032,57552,false,0.829275
13033,9636,true,0.806498
13033,45917,false,0.263866
13033,49781,false,0.966666
13034,54675,false,0.140859
13035,10476,false,0.301895
13035,13370,false,0.325
13035,53452,false,0.349932
13035,58536,false,0.757482
13036,9101,true,0.752516
13036,9909,true,0.953904
13036,42294,false,0.056683
13037,9359,true,0.425702
13037,9535,true,0.985444
13038,9269,true,0.805821
13038,9324,true,0.260711
13038,9557,true,0.761525
13038,12532,false,0.443025
13038,15742,false,0.24268
13038,47237,false,0.802764
13039,1761,true,0.965884
13039,13882,false,0.863617
13039,21735,false,0.792557
13040,526,true,0.601331
13040,1877,true,0.695064
13040,38422,false,0.064705
13040,39709,false,0.223651
13041,40486,false,0.731789
13041,45317,false,0.307514
13041,45710,false,0.759612
13041,52413,false,0.215734
13041,54798,false,0.574184
13042,1152,true,0.945185
13042,10453,false,0.543228
13042,19408,false,0.966294
13042,30656,false,0.278585
13042,51959,false,0.467179
13043,3405,true,0.430674
13043,3459,true,0.101024
13043,11680,false,0.250248
13043,35755,false,0.874958
13044,1035,true,0.216587
13044,3168,true,0.594514
13044,15137,false,0.080635
13044,29282,false,1.006227
13044,31313,false,0.152707
13045,519,true,0.782954
13045,3130,true,0.021299
13045,12383,false,0.281829
13045,14740,false,0.969763
13045,53220,false,0.415188
13046,3119,true,0.086471
13046,3360,true,0.272345
13046,42118,false,0.343599
13047,1964,true,0.537102
13047,50095,false,0.987319
13048,167,true,0.804981
13048,727,true,0.330032
13048,42017,false,0.113474
13048,58682,false,0.227829
13049,9406,true,0.562743
13049,28147,false,0.880869
13049,50440,false,0.466832
13050,9037,true,0.679786
13050,9248,true,0.758019
13050,9946,true,0.172986
13051,9631,true,0.833772
13051,13673,false,0.498382
13051,31922,false,0.552261
13051,32684,false,0.78637
13051,45433,false,0.040325
13052,10544,false,0.726791
13052,37628,false,0.718021
13052,52541,false,0.471085
13053,9731,true,0.283437
13053,9882,true,0.838943
13053,36233,false,0.461778
13053,56152,false,0.184113
13054,9667,true,0.747418
13054,25128,false,0.453735
13054,56716,false,0.269403
13055,21952,false,0.860556
13055,55368,false,0.119564
13056,9097,true,0.791916
13056,9677,true,0.349674
13056,9826,true,0.939184
13056,9922,true,0.234779
13056,12703,false,0.97025
13056,24151,false,0.426669
13057,14200,false,0.895266
13057,42837,false,0.979413
13057,45096,false,0.71131
13058,59503,false,0.828098
13059,13286,false,0.893361
13060,31629,false,0.919761
13061,17285,false,0.693018
13061,33936,false,0.599102
13061,34344,false,0.12919
13062,10882,false,0.526117
13063,41003,false,0.893411
13063,58344,false,0.658589
13064,34315,false,0.583288
13064,35888,false,0.246425
13064,54551,false,0.877404
13065,32821,false,0.232574
13065,36042,false,0.098779
13065,36812,false,0.330064
13065,53577,false,0.246737
13065,56530,false,0.911568
13066,17814,false,0.8154
13067,27427,false,0.748209
13067,41521,false,0.735573
13067,52067,false,0.622984
13067,55269,false,0.756032
13068,35728,false,0.689159
13068,39785,false,0.778384
13068,52722,false,0.665693
13069,11452,false,0.891723
13070,27637,false,0.321151
13070,37846,false,0.246782
13070,38637,false,0.217455
13070,43225,false,0.441005
13071,38065,false,0.67293
13071,52262,false,0.393587
13072,27212,false,0.99583
13072,28464,false,0.843345
13072,35467,false,0.905091
13072,51462,false,0.37422
13073,29617,false,0.885419
13073,46384,false,0.047902
13074,9840,true,0.420109
13074,28916,false,0.784033
13074,32082,false,0.411744
13074,35336,false,0.481269
13074,40822,false,0.88299
13074,54717,false,0.049557
13074,55903,false,0.054608
13075,9160,true,0.08626
13075,18233,false,0.904299
13075,29015,false,0.440073
13075,43796,false,0.994015
13076,2095,true,0.243178
13076,3063,true,0.247699
13076,3465,true,0.255983
13076,3973,true,0.722047
13076,31148,false,0.097776
13076,43704,false,0.441022
13077,1262,true,0.736423
13077,1645,true,0.081715
13077,8660,true,0.694353
13077,13683,false,0.516647
13078,2012,true,0.750757
13078,3003,true,0.760197
13078,38009,false,0.890203
13079,3370,true,0.577617
13079,3904,true,0.502649
13079,8095,true,0.036103
13079,8130,true,0.720761
13080,1023,true,0.050012
13080,2943,true,0.997566
13080,3156,true,0.7
13080,17851,false,0.651037
13080,38618,false,0.106521
13081,24182,false,0.668871
13081,25100,false,0.897984
13081,31015,false,0.253505
13082,30559,false,0.235394
13082,38050,false,0.546432
13082,56051,false,0.528046
13083,40335,false,0.673089
13083,58610,false,0.500491
13084,49974,false,0.395761
13085,18423,false,0.760808
13086,36570,false,0.775887
13086,38558,false,0.19078
13086,42511,false,1.008672
13087,1492,true,0.301547
13087,3100,true,0.866314
13087,3827,true,0.053848
13087,8106,true,0.992793
13088,2208,true,0.258435
13088,2368,true,0.397849
13088,3261,true,0.864169
13088,3409,true,0.706332
13088,51266,false,0.769332
13089,2276,true,0.542676
13089,2516,true,0.361249
13089,39558,false,0.52092
13090,530,true,0.788261
13090,1026,true,0.854511
13090,19940,false,0.615308
13090,38687,false,0.970023
13090,42940,false,0.810251
13090,43674,false,0.993743
13091,638,true,0.232116
13091,3460,true,0.42365
13091,10528,false,0.107247
13092,1068,true,0.4936
13092,2619,true,0.854045
13092,2818,true,0.323709
13092,14273,false,0.55915
13092,59682,false,0.885345
13093,2781,true,0.642099
13093,39777,false,0.729957
13093,53422,false,0.787092
13094,236,true,0.305006
13094,288,true,0.661124
13094,2301,true,0.194665
13094,8078,true,0.680946
13094,8411,true,0.018154
13094,19906,false,0.078474
13094,24726,false,0.195167
13094,40465,false,0.353316
13094,41953,false,0.896709
13095,2626,true,0.923527
13095,3820,true,0.406675
13096,3106,true,0.35677
13096,8386,true,1.010526
13096,10257,false,0.915535
13096,25257,false,0.066996
13097,2444,true,0.900565
13097,3725,true,0.65576
13097,13041,false,0.123947
13097,24773,false,0.435022
13097,35418,false,0.998271
13097,58544,false,0.912224
13098,763,true,0.78836
13098,2550,true,0.098709
13098,3118,true,0.202026
13098,59814,false,0.661878
13099,3630,true,0.549338
13099,3937,true,0.58518
13100,916,true,0.62305
13100,2246,true,0.537493
13100,3815,true,0.074823
13100,8157,true,0.229737
13100,14873,false,0.607895
13100,32244,false,0.695001
13100,35915,false,0.38874
13100,51570,false,0.856079
13100,51831,false,0.129027
13100,59199,false,0.941543
13101,2077,true,0.539694
13101,17692,false,0.897727
13101,57534,false,0.40165
13102,2455,true,0.463423
13102,2779,true,0.560509
13102,3603,true,0.575336
13102,8166,true,0.247515
13102,12118,false,0.102156
13102,37179,false,0.559235
13102,52936,false,0.774346
13103,8465,true,0.36488
13103,34092,false,0.892454
13104,8272,true,0.514873
13104,16543,false,0.090138
13104,44549,false,0.571472
13105,131,true,0.356707
13105,1213,true,0.153232
13105,3619,true,0.440417
13105,8269,true,0.136258
13105,12150,false,0.499633
13105,20001,false,0.667649
13105,41352,false,0.397143
13105,47081,false,0.940931
13106,77,true,0.760619
13106,1324,true,0.838682
13106,2227,true,0.710914
13106,3122,true,0.268736
13106,3751,true,0.634029
13106,8215,true,0.592831
13106,8906,true,0.859361
13106,11081,false,0.873448
13106,19379,false,0.313141
13106,30751,false,0.409341
13107,3595,true,0.965053
13107,18872,false,0.274503
13107,20965,false,0.339171
13107,30878,false,0.389152
13108,3246,true,0.997257
13108,41827,false,0.297488
13108,42996,false,0.251541
13109,79,true,0.324428
13109,1070,true,0.837872
13109,1082,true,0.54537
13109,3618,true,0.420215
13109,19405,false,0.260555
13109,44067,false,0.941898
13109,49236,false,1.035294
13110,636,true,0.144936
13110,1604,true,0.123544
13110,3558,true,0.249585
13110,20222,false,0.088767
13110,24391,false,0.354309
13110,35991,false,0.640553
13110,56493,false,0.031171
13111,34,true,0.907301
13111,1798,true,0.214152
13111,3064,true,0.796875
13111,3657,true,0.336823
13111,8107,true,0.965424
13111,8230,true,0.462729
13111,19997,false,0.539303
13111,22854,false,0.508225
13111,52219,false,0.109162
13112,3727,true,0.56767
13112,8394,true,0.021221
13112,20652,false,0.260345
13112,54116,false,0.030521
13113,1505,true,0.482776
13113,1570,true,0.035069
13113,8513,true,0.628403
13113,30438,false,0.222415
13113,31992,false,0.168433
13113,46177,false,0.733324
13114,888,true,0.122092
13114,1085,true,0.331689
13114,1155,true,0.823258
13114,1236,true,0.430934
13114,2372,true,0.808119
13114,2704,true,0.565645
13114,2989,true,0.492093
13114,3351,true,0.614156
13114,3680,true,0.867869
13114,8035,true,0.4
13114,8554,true,0.952517
13114,21649,false,0.054727
13114,24724,false,0.243783
13114,31170,false,0.492989
13114,52739,false,0.223669
13115,17348,false,0.581324
13115,19791,false,0.155781
13115,46287,false,0.846596
13115,50927,false,0.796051
13116,401,true,0.341514
13116,1099,true,0.975471
13116,1521,true,0.684283
13116,1687,true,0.07475
13116,3660,true,0.541179
13117,179,true,0.593569
13117,716,true,0.194673
13117,1815,true,0.728078
13117,2746,true,0.328681
13118,3127,true,0.280279
13118,27242,false,0.131373
13118,28194,false,0.065411
13118,44435,false,0.590694
13118,48213,false,0.402979
13119,1353,true,0.607637
13119,1546,true,0.904131
13119,2249,true,0.133205
13119,2977,true,0.891636
13119,3187,true,0.632301
13119,8301,true,0.168794
13119,8477,true,0.35241
13119,8545,true,1.002956
13119,8830,true,0.579472
13119,14430,false,0.857105
13119,39910,false,0.944621
13119,40330,false,0.639132
13119,47918,false,0.29291
13119,53591,false,0.966042
13120,1436,true,0.887563
13120,1526,true,0.940914
13120,13062,false,0.120134
13120,17087,false,0.238895
13120,27352,false,0.840011
13121,110,true,0.190222
13121,1013,true,0.042688
13121,1915,true,0.120986
13121,3609,true,0.751783
13121,11403,false,0.145628
13121,11600,false,0.772163
13121,21149,false,0.265482
13121,31133,false,0.321769
13121,32822,false,0.012736
13122,297,true,0.910273
13122,20446,false,0.112729
13122,30768,false,0.9127
13122,37744,false,0.05725
13122,40055,false,0.652482
13124,37082,false,0.609634
13124,42661,false,0.351307
13125,1237,true,0.642201
13125,3413,true,0.504601
13125,8211,true,0.510733
13125,33209,false,1.080475
13125,50155,false,0.110744
13125,59036,false,0.484741
13126,8009,true,0.66589
13126,21823,false,0.516949
13126,29860,false,0.238186
13126,35719,false,1.00159
13126,37941,false,0.080214
13126,49945,false,0.100675
13127,8128,true,0.48231
13127,45447,false,0.2724
13128,21627,false,0.829511
13128,38195,false,0.764781
13128,38858,false,0.976167
13128,40711,false,0.269297
13128,43745,false,0.263169
13128,55972,false,0.172708
13129,37367,false,0.864039
13129,39736,false,0.189578
13130,14786,false,0.39094
13130,16755,false,0.041612
13130,27586,false,0.599292
13131,1382,true,0.570172
13131,8037,true,0.357292
13131,15622,false,0.447213
13131,17881,false,0.426053
13131,28829,false,0.248396
13131,40549,false,0.99271
13132,362,true,0.002697
13132,8583,true,0.031811
13132,53324,false,0.415038
13132,57215,false,0.147325
13133,1301,true,0.11065
13133,16806,false,0.93262
13133,24390,false,0.507703
13133,32408,false,0.193157
13133,42248,false,0.550116
13134,1439,true,0.783366
13134,1956,true,0.358909
13134,8806,true,0.695923
13134,16378,false,0.124591
13134,28685,false,0.54805
13135,1651,true,0.750242
13135,43969,false,0.381031
13136,740,true,0.165258
13136,1212,true,0.94964
13136,1230,true,0.233479
13136,1422,true,0.366654
13136,1879,true,0.08004
13136,3909,true,0.851404
13136,8018,true,0.879177
13136,8224,true,0.239274
13136,8820,true,0.178593
13137,1750,true,0.712317
13137,3114,true,0.028602
13137,3222,true,0.312265
13137,3624,true,0.302023
13137,25511,false,0.448879
13137,47941,false,0.233367
13138,3466,true,0.00903
13138,8096,true,0.87862
13138,18703,false,0.734975
13138,30840,false,0.157132
13138,39357,false,0.432028
13139,1304,true,0.93229
13139,3577,true,0.599247
13139,8492,true,0.373794
13139,12683,false,0.245372
13139,35957,false,0.720077
13140,1107,true,0.372485
13140,1802,true,0.675601
13140,8312,true,1.005133
13140,38336,false,0.520475
13140,38471,false,0.678513
13141,3587,true,0.097406
13141,3828,true,0.616204
13141,13305,false,0.321659
13141,53190,false,0.218391
13142,992,true,0.645059
13142,3463,true,0.798088
13142,12002,false,0.697529
13142,40032,false,0.435296
13143,1922,true,0.756786
13143,3721,true,0.611811
13143,11014,false,0.140471
13143,21916,false,0.481899
13143,38543,false,0.862187
13143,40531,false,0.165057
13143,41802,false,0.919565
13143,51066,false,0.360802
13144,2069,true,0.558305
13144,2109,true,0.246659
13144,2750,true,0.965143
13144,3053,true,0.982162
13144,3236,true,0.445819
13144,3478,true,0.641575
13144,8152,true,0.682931
13144,8238,true,0.975849
13145,102,true,0.544088
13145,2674,true,0.164014
13145,3655,true,0.708823
13145,24298,false,0.839759
13146,31017,false,0.253643
13147,2289,true,0.572576
13147,2475,true,1.000179
13147,2783,true,2.94E-4
13147,3863,true,0.200616
13147,42232,false,0.590369
13147,52185,false,0.233122
13148,3671,true,0.538212
13148,11597,false,0.755656
13148,29385,false,0.156729
13148,30500,false,0.132352
13148,54331,false,0.16095
13149,2106,true,0.98219
13149,3043,true,0.368922
13149,3856,true,0.525908
13149,4002,true,0.509364
13149,16434,false,0.85368
13149,24960,false,0.222671
13149,33466,false,0.476727
13149,46169,false,0.385953
13150,21254,false,0.840824
13150,21395,false,0.863743
13150,42236,false,0.992723
13150,59476,false,0.649519
13151,2886,true,0.119413
13151,2894,true,0.819667
13151,3197,true,0.828928
13151,24035,false,0.178542
13152,168,true,0.241307
13152,185,true,0.052667
13152,3508,true,0.293581
13152,19455,false,0.235366
13152,28948,false,0.354325
13152,38265,false,0.707561
13153,560,true,0.205712
13153,652,true,0.105344
13153,3534,true,0.376375
13153,40319,false,0.504607
13153,41530,false,0.0384
13153,48047,false,0.579313
13153,54524,false,0.602264
13153,57539,false,0.227967
13154,2415,true,0.330897
13154,20695,false,0.350985
13155,2447,true,0.48992
13155,12154,false,0.082431
13155,50989,false,0.520721
13155,58665,false,0.662899
13156,3919,true,0.02709
13156,23301,false,0.198557
13156,44284,false,0.475204
13156,47823,false,0.982073
13157,392,true,0.778727
13157,2139,true,0.416681
13157,2362,true,0.045943
13157,3030,true,0.113927
13157,33771,false,0.626197
13158,419,true,0.304422
13158,2430,true,0.172018
13158,15529,false,0.43806
13158,23242,false,0.338434
13158,26433,false,0.3713
13158,52710,false,0.477734
13159,2914,true,0.43145
13159,10255,false,0.624996
13159,16738,false,0.359649
13159,49910,false,0.998216
13159,53935,false,0.956996
13159,58064,false,0.438583
13160,10695,false,0.611797
13160,29379,false,0.895312
13160,47763,false,0.884708
13161,136,true,0.408293
13161,450,true,0.315496
13161,2799,true,0.56026
13161,3355,true,0.624681
13161,50751,false,0.525476
13162,477,true,0.364857
13162,479,true,0.290129
13162,2099,true,0.498306
13162,30462,false,0.01255
13162,37751,false,0.450958
13163,3936,true,0.344108
13163,17634,false,0.205108
13163,20309,false,0.783102
13163,35573,false,0.551728
13164,542,true,0.602294
13164,616,true,0.206547
13164,3608,true,0.531192
13164,8192,true,0.376247
13164,17161,false,0.586069
13165,52317,false,0.944739
13165,52928,false,0.023193
13165,56425,false,0.948012
13166,15928,false,0.709024
13166,17077,false,0.89115
13166,37023,false,1.020868
13167,18213,false,0.789999
13167,30003,false,0.583657
13167,55989,false,0.701434
13167,59578,false,0.001279
13168,23306,false,0.919618
13168,23509,false,0.951566
13168,41492,false,0.050422
13169,1740,true,0.420783
13169,45005,false,0.840414
13169,49258,false,0.803954
13170,1419,true,0.612055
13170,10360,false,0.527985
13170,26484,false,0.325825
13171,21929,false,0.280248
13171,26091,false,0.761052
13171,34523,false,0.676652
13171,42342,false,0.182887
13171,54053,false,0.497541
13172,23047,false,0.113815
13174,1796,true,1.022327
13174,32848,false,0.153199
13174,36652,false,0.551574
13174,40274,false,0.051496
13174,40694,false,0.166494
13175,13610,false,0.769069
13175,17096,false,0.791452
13175,43736,false,0.793918
13176,26558,false,0.224375
13177,40083,false,0.429503
13177,57667,false,0.646916
13178,1362,true,0.00215
13178,11526,false,0.876581
13178,19882,false,0.878727
13178,36299,false,0.955886
13178,47773,false,0.141382
13179,12764,false,0.061781
13179,55250,false,0.305583
13180,17609,false,0.580836
13180,21625,false,0.129116
13180,24689,false,0.964294
13180,48592,false,0.813126
13182,13819,false,1.00036
13182,34542,false,0.025405
13183,41179,false,0.975353
13185,669,true,0.845234
13185,2641,true,0.504489
13185,3373,true,0.434311
13185,3552,true,0.183526
13185,8894,true,0.327878
13185,22601,false,0.599634
13185,54730,false,0.526972
13186,2299,true,0.053486
13186,2973,true,0.483223
13186,37978,false,0.087506
13186,53090,false,0.183744
13187,3790,true,0.964921
13187,15341,false,0.977792
13187,16611,false,0.015786
13187,22733,false,0.982179
13187,42889,false,0.717661
13187,46161,false,1.002462
13188,8606,true,0.958243
13188,8909,true,0.662175
13188,16132,false,0.55141
13188,47183,false,0.479966
13188,52785,false,0.579297
13189,2911,true,0.354279
13189,3226,true,0.52546
13189,8050,true,0.040766
13189,26475,false,0.943313
13190,2800,true,0.117004
13190,10113,false,0.350231
13191,2526,true,0.488212
13191,2785,true,0.867256
13191,8755,true,0.177337
13192,456,true,0.096768
13192,2505,true,0.844655
13192,3148,true,0.856503
13192,3915,true,0.729532
13192,16035,false,0.867836
13192,32700,false,0.923625
13192,44508,false,0.224525
13193,219,true,0.491018
13193,2967,true,0.279309
13193,3622,true,0.959643
13193,39884,false,0.47309
13193,52232,false,0.370306
13193,57196,false,0.859489
13194,8438,true,0.747626
13194,48062,false,0.801762
13194,53512,false,0.865058
13195,791,true,0.404727
13195,3274,true,0.85152
13195,8088,true,0.946762
13195,13112,false,0.941755
13196,2217,true,0.226455
13196,3151,true,0.422779
13196,32312,false,0.265301
13196,39764,false,0.712274
13196,46182,false,0.447693
13196,46331,false,0.215941
13196,57089,false,0.003893
13197,2537,true,0.152684
13197,8839,true,0.025746
13197,23469,false,0.256198
13197,32649,false,0.35742
13198,847,true,0.446126
13198,2731,true,0.051992
13198,3701,true,0.042733
13198,8017,true,0.258293
13198,35713,false,0.682033
13199,2412,true,0.220985
13199,8387,true,0.546639
13199,8871,true,0.458785
13199,43815,false,0.831537
13199,59963,false,0.166912
13200,859,true,0.82649
13200,2819,true,0.569518
13201,296,true,0.658041
13201,2352,true,0.971283
13201,3722,true,0.963048
13201,3750,true,0.032256
13201,8898,true,0.21799
13202,45171,false,0.760368
13203,8696,true,0.692508
13203,20696,false,0.589506
13203,21931,false,1.003363
13203,27720,false,0.357574
13204,444,true,0.383701
13204,3500,true,0.592646
13204,27099,false,0.504836
13205,925,true,0.481364
13205,3338,true,0.140962
13205,8422,true,0.115894
13205,18556,false,0.579926
13205,22548,false,0.990863
13205,23506,false,0.473414
13205,27801,false,0.240411
13205,31523,false,0.476943
13205,43670,false,0.728844
13205,56369,false,0.614833
13206,3523,true,0.538423
13206,8556,true,0.197059
13206,36298,false,0.368216
13207,830,true,0.92692
13207,3112,true,0.051207
13207,3639,true,0.8957
13207,11063,false,0.763447
13207,22041,false,0.553922
13208,3174,true,0.923841
13208,15631,false,0.168429
13208,24339,false,0.889548
13208,25861,false,0.588687
13208,59002,false,0.317767
13209,29932,false,0.815177
13210,30186,false,0.108378
13210,41660,false,0.314477
13211,24955,false,0.409559
13211,38167,false,0.112302
13211,55691,false,1.051613
13212,27510,false,0.730608
13212,30652,false,0.316074
13212,33006,false,0.405013
13213,1012,true,0.210441
13214,13797,false,0.281135
13215,1076,true,0.35422
13215,16707,false,0.164288
13215,48706,false,0.052798
13215,50852,false,0.900239
13216,1949,true,0.021478
13216,45253,false,0.755978
13217,24166,false,0.106091
13217,41056,false,0.901152
13217,47253,false,0.175746
13217,47568,false,0.929786
13217,53326,false,0.124259
13218,28552,false,0.291064
13218,28927,false,0.213919
13218,33807,false,0.015501
13219,19437,false,0.897345
13219,49065,false,0.019301
13220,1486,true,0.218038
13220,1931,true,0.733663
13220,20559,false,0.619577
13221,38811,false,0.905441
13222,1470,true,0.188584
13222,1594,true,0.383004
13222,1638,true,0.891214
13222,33979,false,1.008645
13222,39503,false,0.353189
13222,41753,false,0.639413
13222,59602,false,0.247027
13223,1066,true,0.343108
13223,57907,false,0.107612
13225,51,true,0.004394
13225,715,true,0.681082
13225,936,true,0.345913
13225,2930,true,0.104823
13225,3390,true,0.342332
13225,3490,true,0.235565
13225,8027,true,0.394957
13225,18051,false,0.627374
13225,21858,false,0.108634
13226,35,true,0.524029
13226,699,true,0.585141
13226,726,true,0.488681
13226,1065,true,0.423649
13226,1316,true,0.588889
13226,8997,true,0.476682
13226,35885,false,0.782696
13227,2935,true,0.145208
13227,33115,false,0.373498
13227,37784,false,0.910617
13227,44856,false,0.645831
13227,57191,false,0.466954
13227,57813,false,0.198779
13228,322,true,0.572092
13228,2890,true,0.349026
13228,17194,false,0.879113
13229,2759,true,0.875932
13229,6796,true,0.859835
13229,23597,false,0.262266
13229,53494,false,0.414193
13229,55793,false,0.001067
13230,2724,true,0.425957
13230,6764,true,0.520946
13230,6990,true,0.283815
13230,20429,false,0.36113
13230,21404,false,0.34642
13230,24437,false,0.736464
13231,6013,true,0.665735
13231,6696,true,0.772857
13232,2815,true,0.549404
13232,6404,true,0.56639
13232,16367,false,0.522812
13232,17620,false,0.471056
13232,18814,false,0.652504
13232,20637,false,0.231891
13232,31625,false,0.525839
13232,49904,false,1.023989
13233,26361,false,0.655238
13233,27771,false,0.806615
13233,41171,false,0.893985
13234,539,true,0.984139
13234,2627,true,0.395807
13234,6059,true,0.601089
13234,6235,true,0.260606
13234,36677,false,0.309498
13234,46636,false,0.281294
13234,57608,false,0.246204
13235,10562,false,0.803814
13235,15111,false,0.459091
13235,20771,false,0.787874
13235,27884,false,0.03864
13236,15562,false,0.906675
13236,33470,false,0.915891
13236,33479,false,0.37091
13236,40918,false,1.021598
13237,833,true,1.009217
13237,19280,false,0.478447
13237,36372,false,0.996746
13238,472,true,0.258887
13238,6171,true,0.928695
13238,6552,true,0.208711
13238,18932,false,0.849957
13238,55923,false,0.747324
13239,56145,false,0.273384
13240,10333,false,0.788343
13241,6283,true,0.124912
13241,25163,false,0.061811
13241,34197,false,0.949771
13241,40483,false,0.217373
13241,44370,false,0.884876
13243,553,true,0.047646
13243,10475,false,0.283348
13244,105,true,0.350303
13244,6212,true,0.181934
13244,35044,false,0.583482
13244,53975,false,0.386491
13245,6318,true,0.105611
13245,26714,false,0.075821
13245,35162,false,0.939623
13245,35197,false,0.34599
13245,41413,false,0.149317
13246,26898,false,0.093337
13246,29179,false,0.683209
13246,55473,false,0.32993
13246,55521,false,0.828253
13247,578,true,0.486287
13247,8497,true,0.676636
13247,8535,true,0.691516
13247,12481,false,0.754858
13247,15693,false,0.055596
13247,44957,false,7.86E-4
13248,1547,true,0.796076
13248,8720,true,0.508848
13248,21220,false,0.424329
13248,36467,false,0.638315
13248,50114,false,0.327761
13248,54311,false,0.148537
13248,59319,false,0.014452
13249,398,true,0.850621
13249,29065,false,0.088822
13249,30700,false,0.261443
13249,34657,false,0.493431
13250,3210,true,0.279772
13250,3544,true,0.369976
13250,33136,false,0.198332
13250,38325,false,0.522317
13251,3986,true,0.416997
13251,10854,false,0.831327
13251,15897,false,0.884014
13251,46134,false,0.481101
13251,48086,false,0.670814
13251,53401,false,0.206922
13251,57412,false,0.447198
13252,14236,false,0.264045
13252,28098,false,0.200195
13252,35536,false,0.061558
13252,45645,false,0.28486
13252,56178,false,0.841436
13253,767,true,0.158874
13253,8366,true,0.942404
13253,8403,true,0.851348
13253,19910,false,0.065863
13253,21631,false,0.391734
13253,22941,false,0.749722
13253,33340,false,0.412683
13254,8541,true,0.217098
13254,8936,true,0.464686
13254,35999,false,0.776669
13255,30107,false,0.838596
13255,35617,false,0.380502
13255,40883,false,0.143791
13255,58314,false,0.533214
13256,113,true,0.98953
13256,359,true,0.816999
13256,3253,true,0.472425
13256,3740,true,0.692466
13256,19665,false,0.830878
13256,29877,false,0.774001
13256,57479,false,0.737364
13257,592,true,0.227436
13257,3249,true,0.994302
13257,25744,false,0.309658
13257,30503,false,0.387329
13257,38735,false,0.190394
13258,8726,true,0.367727
13258,24698,false,0.162462
13259,632,true,0.270591
13259,880,true,0.816278
13259,3286,true,0.150789
13259,3448,true,0.26781
13259,37944,false,0.630941
13259,48692,false,0.763784
13259,53875,false,0.541416
13260,3811,true,0.058969
13260,8338,true,0.459949
13260,8725,true,0.230952
13260,28294,false,0.036114
13260,57961,false,0.870549
13261,958,true,0.113662
13261,1694,true,0.783259
13261,8402,true,0.407274
13261,8558,true,0.593629
13261,12889,false,0.40799
13262,17495,false,0.371854
13262,19347,false,0.978333
13262,24455,false,0.468776
13262,34133,false,0.633026
13262,39199,false,0.778431
13262,49695,false,0.789054
13263,20122,false,0.178128
13263,20840,false,0.02432
13263,25635,false,0.937531
13264,22358,false,0.686611
13265,27213,false,0.747653
13265,55333,false,0.454912
13266,11838,false,0.327297
13266,19489,false,0.749995
13267,1311,true,1.010062
13267,1763,true,0.955805
13267,27673,false,0.357556
13268,32660,false,0.989875
13269,1504,true,0.059756
13269,11204,false,0.969561
13269,50085,false,0.140941
13270,1088,true,0.331352
13270,13546,false,0.082101
13272,1499,true,0.617619
13272,1565,true,0.003839
13272,31438,false,0.153334
13272,57339,false,1.00355
13273,1240,true,0.652363
13273,1650,true,0.904002
13273,1854,true,0.834342
13273,13496,false,0.642259
13273,13956,false,0.520015
13273,59977,false,0.966307
13274,22042,false,0.562315
13274,58335,false,0.135062
13275,2004,true,0.202463
13275,10618,false,0.918172
13275,31580,false,0.83654
13275,35150,false,0.126996
13276,1832,true,0.077519
13276,15301,false,0.235246
13276,34774,false,0.385509
13276,35097,false,0.054483
13277,39343,false,0.340181
13277,46320,false,0.374624
13277,54128,false,0.181007
13279,835,true,0.975779
13279,1049,true,0.733394
13279,3586,true,0.863178
13279,3686,true,0.367549
13279,38035,false,0.804763
13279,44575,false,0.647033
13279,56527,false,0.441014
13279,57139,false,0.03367
13280,12575,false,0.588934
13280,34208,false,0.66041
13280,56831,false,0.659181
13281,205,true,0.451175
13281,662,true,0.679975
13281,840,true,0.47679
13281,6650,true,0.631951
13282,681,true,0.703786
13282,3047,true,0.824238
13282,3627,true,0.110438
13282,6367,true,0.288878
13282,6518,true,0.289312
13282,6988,true,0.116731
13282,11244,false,0.447384
13282,57880,false,0.849964
13283,289,true,0.916497
13283,3232,true,0.08529
13283,3429,true,0.848685
13283,6448,true,0.205154
13283,23029,false,0.41654
13283,29572,false,0.652901
13283,45273,false,0.698773
13283,46308,false,0.441302
13284,26760,false,0.519793
13284,42484,false,0.486654
13284,42997,false,0.511947
13284,49403,false,0.974567
13284,51142,false,0.503449
13285,614,true,0.53001
13286,6864,true,0.595105
13286,44687,false,0.768812
13286,53200,false,0.469336
13286,58072,false,0.87786
13287,15,true,0.818623
13287,690,true,0.736676
13287,1513,true,0.361264
13287,8295,true,0.377127
13287,8797,true,0.056248
13288,249,true,0.141112
13288,14428,false,0.594923
13288,28485,false,0.129577
13288,44664,false,0.332654
13289,186,true,0.099163
13289,200,true,0.44237
13289,28238,false,0.577464
13290,8450,true,0.672546
13290,8610,true,0.562157
13290,13242,false,0.575145
13290,15788,false,0.595899
13290,24866,false,0.671907
13290,33110,false,0.734643
13290,52316,false,0.064636
13290,58616,false,0.18351
13291,67,true,0.929099
13291,543,true,0.537566
13291,28179,false,0.720094
13292,3967,true,0.91407
13292,20464,false,0.142583
13292,40127,false,0.717778
13292,44987,false,0.102639
13293,8817,true,0.63983
13293,14787,false,0.721632
13293,34158,false,0.577094
13293,35452,false,0.524074
13293,42401,false,0.010194
13293,43180,false,0.863625
13294,279,true,0.544784
13294,805,true,0.687497
13294,1202,true,0.869448
13294,8021,true,0.841822
13294,27788,false,0.941112
13294,28269,false,0.362904
13294,33934,false,0.645039
13295,1092,true,0.444313
13295,1598,true,0.268066
13295,3176,true,0.512674
13295,8368,true,0.770994
13295,18701,false,0.516879
13295,28953,false,0.073701
13295,32387,false,0.837681
13296,3131,true,0.228859
13297,550,true,0.482046
13297,2108,true,0.287669
13297,3227,true,0.290257
13297,8651,true,0.08832
13297,13758,false,0.772828
13297,58348,false,0.969895
13298,1907,true,0.106293
13299,815,true,0.990247
13299,16180,false,0.192754
13299,45743,false,0.009496
13300,492,true,0.364878
13300,1673,true,0.95861
13300,2937,true,0.747717
13300,3298,true,0.732147
13300,8228,true,0.394594
13300,44097,false,0.427002
13300,50847,false,0.896101
13300,58885,false,0.536884
13301,3649,true,0.192423
13301,8146,true,0.970109
13301,16384,false,0.483005
13301,27993,false,0.448491
13302,64,true,0.419489
13302,569,true,0.399037
13302,25437,false,0.268068
13302,54957,false,0.717273
13303,243,true,0.257173
13303,1711,true,0.086747
13303,8673,true,0.561149
13303,31123,false,0.534992
13303,48297,false,0.125437
13304,1400,true,0.226685
13304,3933,true,0.235082
13304,8468,true,0.293043
13304,8708,true,0.223455
13304,15473,false,0.168724
13304,16986,false,0.242132
13304,30855,false,0.731299
13304,44511,false,0.335678
13305,945,true,0.8135
13305,1247,true,0.895569
13305,1866,true,0.537821
13305,40970,false,0.909939
13305,48025,false,0.377861
13305,59494,false,0.047199
13306,629,true,0.160518
13306,1724,true,0.332923
13306,3366,true,1.040115
13306,8073,true,0.677375
13306,47628,false,0.909333
13307,1461,true,1.001613
13307,8847,true,0.618782
13307,14274,false,0.338101
13307,46217,false,0.461901
13308,919,true,0.802203
13308,1783,true,0.760963
13308,3694,true,0.547432
13308,38683,false,0.234795
13308,39873,false,7.8E-4
13308,42205,false,0.157626
13309,1811,true,1.038744
13309,3303,true,0.219865
13309,27062,false,0.408791
13309,35870,false,0.352401
13310,3782,true,0.588652
13310,8873,true,0.512784
13310,32235,false,0.62705
13310,44222,false,0.464581
13310,50706,false,0.518279
13311,1708,true,0.314972
13311,3301,true,0.059517
13311,3605,true,0.946355
13311,8212,true,0.396289
13311,8261,true,0.72225
13311,14794,false,0.802381
13311,20194,false,0.165522
13311,24337,false,0.428065
13311,26670,false,0.225898
13311,38495,false,0.97476
13311,38768,false,0.714027
13311,53603,false,0.411672
13311,57457,false,0.624086
13311,58369,false,0.632144
13312,302,true,0.778376
13312,382,true,0.249105
13312,49692,false,0.813545
13313,260,true,0.835549
13313,20297,false,0.732027
13313,30596,false,0.965038
13313,41293,false,0.996741
13313,54852,false,0.605386
13314,282,true,0.250568
13314,980,true,0.041286
13314,3248,true,0.607082
13314,39345,false,0.86683
13314,50249,false,0.634593
13315,506,true,0.399675
13315,3530,true,0.702275
13315,3968,true,0.807783
13315,17647,false,0.582029
13315,32891,false,0.698898
13315,34761,false,1.021223
13315,42718,false,0.709903
13316,8717,true,0.472347
13316,41517,false,0.138184
13317,183,true,0.40128
13317,1187,true,0.04438
13317,3144,true,0.504171
13317,8105,true,0.223419
13317,8632,true,0.127866
13317,33057,false,0.858295
13317,46979,false,0.830646
13317,50430,false,0.466977
13318,389,true,0.301648
13318,3713,true,0.075383
13318,26942,false,0.034457
13318,45399,false,0.867745
13318,58117,false,0.046958
13319,3290,true,0.877418
13319,3447,true,0.12273
13319,8542,true,0.291211
13319,8879,true,0.542544
13319,46730,false,0.767285
13320,33325,false,0.276197
13321,3794,true,0.452272
13321,39049,false,0.867355
13322,1938,true,0.886178
13322,3814,true,0.205202
13322,8451,true,0.80053
13322,8900,true,0.378486
13323,1089,true,0.148599
13323,3328,true,0.4937
13323,3421,true,0.524526
13323,36515,false,0.583373
13323,58313,false,0.81336
13324,3613,true,0.26154
13324,21166,false,0.856334
13324,40044,false,0.847981
13324,44264,false,0.063206
13324,47580,false,0.550458
13325,195,true,0.4928
13325,3040,true,0.053307
13326,3439,true,0.147446
13326,31282,false,0.41916
13326,34925,false,0.755338
13326,44728,false,0.024618
13326,57208,false,0.136605
13327,19363,false,0.105073
13327,21116,false,0.79894
13327,30098,false,0.161437
13327,49332,false,0.780295
13327,57770,false,0.891243
13328,1195,true,0.764157
13328,3281,true,0.236689
13328,3592,true,1.04973
13328,3752,true,0.784312
13328,37284,false,0.569423
13328,45327,false,1.073305
13329,3521,true,0.244977
13329,55395,false,0.291621
13330,34716,false,0.107224
13331,15794,false,0.491938
13331,16860,false,0.929568
13331,30178,false,0.953555
13332,3600,true,0.185377
13332,3621,true,0.137328
13332,16190,false,0.102432
13332,24425,false,0.988241
13332,39232,false,0.084028
13332,45387,false,1.037629
13333,1632,true,0.712613
13333,3104,true,0.921268
13333,3313,true,0.316334
13333,8813,true,0.249227
13333,43610,false,0.889692
13334,552,true,0.798406
13334,651,true,0.555427
13334,878,true,0.545486
13334,2647,true,0.884843
13334,3408,true,0.395361
13335,6569,true,0.816724
13335,28607,false,0.284442
13335,37363,false,0.392863
13336,998,true,0.090579
13336,6792,true,0.917419
13336,48313,false,0.048057
13337,2844,true,0.967536
13337,19977,false,0.094533
13337,25548,false,0.461437
13338,771,true,0.308571
13338,2101,true,0.341421
13338,2695,true,0.102271
13338,6071,true,0.503404
13338,6541,true,0.84265
13338,6559,true,0.879983
13338,6928,true,0.285822
13338,46934,false,0.884029
13338,52982,false,0.899144
13339,2071,true,0.128996
13339,2547,true,0.718407
13339,6393,true,0.293989
13339,6417,true,0.027888
13339,34777,false,0.94863
13339,52826,false,0.998512
13340,693,true,0.413999
13340,3884,true,0.919913
13340,13152,false,0.588403
13340,26226,false,0.958373
13340,28108,false,0.935045
13340,43313,false,0.647481
13341,918,true,0.812769
13341,2262,true,0.944618
13341,2639,true,0.603831
13341,43113,false,0.063148
13341,56987,false,0.277079
13342,3509,true,0.031234
13342,6466,true,0.772876
13342,6488,true,0.527137
13342,6643,true,0.529127
13342,6921,true,0.052176
13342,30320,false,0.578304
13342,36841,false,0.389298
13342,41027,false,0.694486
13342,54332,false,0.849536
13343,2302,true,0.834636
13343,23957,false,0.02808
13343,48712,false,0.386483
13343,49657,false,0.613637
13343,55863,false,0.047258
13344,3000,true,0.566251
13344,3473,true,0.36557
13344,6434,true,0.433834
13344,16296,false,0.429126
13344,23862,false,0.205367
13344,33434,false,0.165286
13344,50244,false,0.02899
13345,3069,true,0.954151
13345,3582,true,0.650754
13345,51692,false,0.162175
13346,2692,true,0.494858
13346,16848,false,0.264351
13346,19500,false,0.420657
13346,24742,false,0.690362
13346,35300,false,0.192402
13346,39938,false,0.667753
13346,52076,false,0.191218
13347,597,true,0.108836
13347,857,true,0.024059
13347,2599,true,0.947307
13347,14293,false,0.596864
13347,30856,false,0.953851
13347,48945,false,0.765141
13348,921,true,0.249502
13348,2927,true,0.205233
13348,3819,true,0.359365
13348,13564,false,0.759182
13348,34725,false,0.68024
13349,2732,true,0.634576
13349,3107,true,0.165021
13349,42253,false,0.124188
13349,43936,false,0.332973
13350,2272,true,0.78665
13350,10637,false,0.542882
13350,16402,false,0.404288
13350,17218,false,0.631904
13350,29306,false,0.495288
13351,2093,true,0.642545
13351,3964,true,0.274514
13351,13304,false,0.866544
13352,285,true,0.310361
13352,2100,true,0.869507
13352,3758,true,0.411267
13352,15994,false,0.757696
13352,20095,false,0.634164
13352,35732,false,0.101738
13352,51522,false,0.361292
13353,390,true,0.207885
13353,2241,true,0.203492
13353,2807,true,0.869612
13353,3838,true,0.795515
13353,25905,false,0.199726
13353,27841,false,0.425345
13353,34983,false,0.887578
13353,39718,false,0.392892
13354,2923,true,0.500279
13355,20474,false,0.651132
13355,35861,false,0.543063
13356,2039,true,0.711817
13356,3879,true,0.143863
13356,32166,false,0.819644
13356,32363,false,0.16531
13357,3708,true,0.375294
13357,3739,true,0.012993
13357,39475,false,0.126571
13358,191,true,0.738577
13358,2085,true,0.962587
13358,2152,true,0.67828
13358,21017,false,0.366709
13358,34086,false,0.810645
13359,2777,true,0.984759
13359,2998,true,0.303276
13359,3025,true,0.887898
13359,3267,true,0.552248
13359,3833,true,0.742393
13359,10439,false,0.322881
13359,39115,false,0.621558
13359,55835,false,0.590823
13360,3924,true,0.419059
13360,12517,false,0.907871
13360,41482,false,0.254985
13360,41682,false,0.63814
13360,44608,false,0.260993
13361,22527,false,0.694026
13361,33003,false,0.439224
13362,17666,false,0.593903
13362,40338,false,0.830513
13363,1039,true,0.263498
13363,27573,false,0.171601
13364,1958,true,0.930019
13364,18974,false,0.65337
13364,22190,false,0.237936
13364,39403,false,0.684659
13365,17185,false,0.77092
13365,21065,false,0.380104
13365,28000,false,0.184059
13365,36400,false,0.773052
13365,42773,false,0.447247
13365,44120,false,0.956411
13365,58311,false,0.267894
13365,59646,false,0.502418
13366,1756,true,0.076164
13366,14792,false,0.38893
13366,17147,false,0.174674
13367,32944,false,0.06472
13367,36778,false,0.095208
13368,1109,true,0.352348
13368,32461,false,0.933977
13368,39361,false,0.542631
13368,43652,false,0.078564
13368,54782,false,1.39E-4
13369,26801,false,0.171613
13370,10524,false,0.897195
13370,43627,false,0.553669
13371,1188,true,0.833745
13371,1383,true,0.57126
13371,13724,false,0.186969
13371,27712,false,0.861652
13371,50269,false,0.049409
13371,57742,false,0.435669
13372,8303,true,0.00659
13372,16098,false,0.504778
13372,41866,false,0.16978
13373,1829,true,0.850921
13373,8059,true,0.323017
13373,8891,true,0.831699
13373,13657,false,0.791998
13373,13786,false,0.615681
13373,19190,false,0.778797
13373,34694,false,0.650287
13373,36911,false,0.940833
13374,20997,false,0.195235
13374,22985,false,0.034398
13374,38297,false,0.573395
13375,8912,true,0.298901
13375,30076,false,0.778299
13375,42302,false,0.934038
13376,41698,false,0.852118
13377,1933,true,1.008563
13377,17607,false,0.843606
13378,25846,false,0.59814
13378,32016,false,0.423655
13378,54377,false,0.973682
13379,32391,false,0.304715
13379,34163,false,0.635947
13379,38653,false,0.092791
13380,1554,true,0.886239
13380,1623,true,0.473401
13380,16533,false,0.522166
13380,35777,false,0.284349
13380,40289,false,0.986962
13381,17374,false,0.113534
13381,30052,false,0.726308
13381,49448,false,0.261351
13381,53121,false,0.674305
13382,10866,false,0.782203
13382,31991,false,0.392578
13382,35146,false,0.485427
13383,1682,true,0.035825
13383,58821,false,0.803482
13384,10480,false,0.927007
13385,1672,true,0.072783
13385,1943,true,0.130557
13385,58728,false,0.328623
13386,1053,true,0.63664
13386,16027,false,0.747245
13386,46228,false,0.075051
13386,48127,false,0.180854
13387,30599,false,0.636383
13388,47768,false,0.393581
13389,1719,true,0.219568
13390,1583,true,0.686639
13390,1661,true,0.986087
13390,59962,false,0.017332
13391,1052,true,0.51114
13391,43318,false,0.037954
13391,47090,false,0.043137
13391,50879,false,0.901351
13391,55894,false,0.424615
13392,22783,false,0.475002
13392,29593,false,0.171835
13392,41240,false,0.22462
13394,37725,false,0.687323
13395,12495,false,0.993545
13395,47598,false,0.689657
13395,49032,false,0.944849
13396,1211,true,0.107462
13396,1990,true,0.998219
13396,10741,false,0.054153
13396,19546,false,0.277423
13396,30444,false,0.342144
13396,36758,false,0.267795
13396,46892,false,0.5433
13396,57840,false,0.699557
13397,1950,true,0.088713
13397,33297,false,0.193954
13397,52183,false,0.925727
13398,11972,false,0.839423
13398,23735,false,0.724064
13399,33295,false,0.187535
13399,40119,false,0.353466
13399,59283,false,0.060167
13400,52649,false,0.689531
13401,37952,false,0.503131
13401,39561,false,0.37151
13401,49429,false,0.028738
13401,50575,false,0.683385
13401,51525,false,0.778778
13402,20516,false,0.839756
13402,22599,false,0.816597
13402,23288,false,0.51915
13403,45267,false,0.117125
13404,16882,false,0.577095
13404,27849,false,1.004783
13406,23188,false,0.435315
13406,30880,false,0.7072
13406,33964,false,0.612525
13406,36753,false,0.305633
13406,40444,false,0.803658
13406,48169,false,0.657554
13407,1467,true,0.408719
13407,43042,false,0.600347
13407,55239,false,0.214879
13407,57345,false,1.012451
13407,59150,false,0.125964
13408,12955,false,0.76648
13408,28633,false,0.156614
13409,1041,true,0.22855
13409,1452,true,0.189709
13409,58167,false,0.390227
13409,58466,false,0.977889
13409,59418,false,0.299721
13410,508,true,0.124331
13410,624,true,0.635849
13410,42381,false,0.013529
13411,1208,true,0.186928
13411,21300,false,0.298619
13411,25989,false,0.21351
13411,26651,false,0.387317
13411,45524,false,0.967204
13411,47701,false,0.123826
13411,53783,false,0.114015
13412,886,true,0.407021
13412,12113,false,0.458429
13412,15041,false,0.055938
13412,37572,false,0.917038
13412,40613,false,0.506326
13413,464,true,0.219126
13413,1224,true,0.763897
13413,1902,true,0.443062
13414,1478,true,0.455167
13414,10310,false,0.684824
13414,11527,false,0.120422
13414,25135,false,0.063765
13414,57963,false,0.462238
13415,15070,false,0.478627
13416,411,true,1.051692
13416,15100,false,0.20635
13416,25754,false,0.589998
13416,28981,false,0.371239
13416,32804,false,0.017524
13416,56976,false,0.772334
13417,1688,true,0.581207
13418,30484,false,0.55677
13418,50071,false,0.579781
13419,409,true,0.240424
13419,931,true,0.021716
13419,12199,false,0.065239
13419,13553,false,0.599534
13419,22334,false,0.698792
13420,1807,true,0.553923
13420,45114,false,0.250385
13420,45892,false,0.986953
13420,51605,false,0.77638
13421,1017,true,0.522521
13421,18132,false,0.994803
13421,32685,false,0.145964
13421,43698,false,0.59901
13422,977,true,0.176315
13422,1387,true,0.51812
13422,24940,false,0.551626
13422,35091,false,0.815574
13423,1849,true,0.808719
13423,10615,false,0.253043
13423,23814,false,0.410141
13423,31811,false,0.052303
13424,29715,false,0.523037
13426,1146,true,0.275349
13427,497,true,0.928085
13427,38348,false,0.754337
13428,36130,false,0.094271
13428,40800,false,0.902283
13428,50289,false,0.472355
13429,400,true,0.337186
13429,24741,false,0.299231
13430,19555,false,0.304971
13430,42548,false,0.92603
13431,29854,false,0.047932
13431,43548,false,0.127019
13431,49508,false,0.140416
13432,42645,false,0.860747
13432,46084,false,0.283725
13432,54167,false,0.784466
13432,54977,false,0.130626
13433,682,true,0.440599
13433,10119,false,0.063487
13433,18957,false,0.304725
13433,33977,false,0.512939
13433,55549,false,0.116045
13434,171,true,0.061552
13434,28224,false,0.280591
13434,28891,false,0.664061
13434,36890,false,0.895215
13434,39942,false,0.209785
13434,52939,false,0.131642
13435,1660,true,0.410208
13435,10491,false,0.582049
13435,23899,false,0.485685
13436,443,true,0.821968
13436,12439,false,0.062425
13436,22245,false,0.011425
13436,30245,false,0.709875
13436,39187,false,0.939037
13436,48966,false,0.661809
13437,422,true,0.785024
13437,22909,false,0.808486
13437,27664,false,0.375236
13437,50764,false,0.839887
13438,736,true,0.055985
13438,34491,false,0.361264
13438,38081,false,0.364794
13438,55353,false,0.888033
13439,1027,true,0.422956
13439,18002,false,0.955687
13439,18327,false,0.538297
13439,37163,false,0.414616
13439,41474,false,0.482574
13439,53969,false,0.284812
13439,58588,false,0.998231
13440,17181,false,0.756283
13440,28101,false,0.287946
13440,33401,false,0.966239
13440,41399,false,0.588837
13440,51521,false,0.295577
13440,57099,false,0.464482
13441,36568,false,0.136811
13441,48835,false,0.962058
13442,2986,true,0.172798
13442,3957,true,0.423282
13442,19707,false,0.24823
13443,435,true,0.053184
13443,941,true,0.753308
13443,22116,false,0.07963
13444,21749,false,0.314811
13444,26962,false,0.15338
13444,39449,false,0.133787
13445,856,true,0.864863
13445,2331,true,0.474582
13445,16028,false,0.716528
13445,17616,false,0.793259
13445,42667,false,0.985037
13446,13881,false,0.384603
13446,32653,false,0.054078
13447,713,true,0.326191
13447,2615,true,0.422477
13447,2832,true,0.402513
13448,917,true,0.997876
13448,2073,true,0.047625
13448,3065,true,0.35222
13448,14804,false,0.332378
13448,20535,false,0.49489
13449,4,true,0.45325
13449,306,true,0.482495
13449,3337,true,0.457115
13449,43362,false,0.1339
13449,46600,false,0.143011
13450,3663,true,0.504179
13450,36988,false,0.309407
13450,57713,false,0.661306
13451,2184,true,0.444865
13451,2231,true,0.510342
13451,2438,true,0.039008
13451,10066,false,0.640954
13451,22141,false,0.273125
13451,54650,false,0.904093
13452,358,true,0.528326
13452,47460,false,0.195666
13452,48039,false,0.445246
13453,211,true,0.58563
13453,2555,true,0.757955
13453,19481,false,0.840551
13453,39577,false,0.776154
13453,53744,false,0.515679
13454,2944,true,0.115252
13454,11990,false,0.302601
13455,2078,true,0.748471
13455,3677,true,0.809655
13455,3764,true,0.487882
13455,21855,false,0.844395
13455,23401,false,0.471451
13455,28765,false,0.029036
13455,29810,false,0.214838
13455,42668,false,0.202105
13456,361,true,0.270783
13456,2082,true,0.457885
13456,2380,true,0.370342
13456,3802,true,0.165014
13457,2378,true,0.27509
13457,17412,false,0.681943
13457,36267,false,0.530638
13457,36744,false,0.858176
13458,794,true,0.441254
13458,3647,true,0.020372
13458,42240,false,0.027685
13458,57750,false,0.514521
13459,2686,true,0.595223
13459,2713,true,0.876613
13459,16140,false,0.089581
13459,26921,false,0.301667
13459,35931,false,1.012437
13459,38822,false,0.724378
13459,55570,false,0.073838
13459,58966,false,0.124293
13460,2995,true,0.383671
13460,19804,false,0.605121
13460,53495,false,0.481706
13461,384,true,0.561818
13461,3549,true,0.548066
13461,16120,false,0.087911
13461,23320,false,0.355966
13461,31118,false,0.427382
13461,51890,false,0.516198
13462,747,true,0.672454
13462,2199,true,0.120269
13462,3284,true,0.694444
13462,53460,false,0.004719
13462,58814,false,0.790103
13463,3736,true,0.388053
13463,45292,false,0.484445
13463,52907,false,0.034918
13464,42,true,0.379182
13464,2657,true,0.93828
13464,3339,true,0.733115
13464,3918,true,0.232902
13464,54019,false,0.00684
13465,957,true,0.50534
13465,4004,true,0.449216
13465,30778,false,0.202202
13465,34410,false,0.256068
13465,43693,false,0.891669
13466,416,true,0.790432
13466,3308,true,0.176814
13466,22396,false,0.275245
13466,28985,false,0.500354
13466,30097,false,0.174615
13466,38554,false,0.161149
13466,38699,false,0.240963
13466,55528,false,0.512158
13467,467,true,0.752705
13467,2171,true,0.314353
13467,24356,false,0.446131
13468,2220,true,0.055016
13468,3239,true,0.777109
13468,49993,false,0.036166
13469,2760,true,0.221395
13469,3391,true,0.972015
13469,16824,false,0.111214
13469,30921,false,0.86951
13469,41912,false,0.071816
13470,1021,true,0.484212
13470,1972,true,0.145932
13470,23881,false,0.989359
13470,54735,false,0.043716
13471,26219,false,0.267886
13471,37368,false,0.556169
13471,41993,false,0.483216
13471,51055,false,0.2058
13471,53609,false,0.950541
13474,1141,true,0.666645
13474,1863,true,0.778055
13474,3498,true,0.960301
13474,8711,true,0.180864
13474,8852,true,0.205231
13474,21315,false,0.468169
13475,3289,true,0.01156
13475,3294,true,0.836229
13475,24708,false,0.068641
13475,29330,false,0.402726
13475,34168,false,0.370377
13475,39870,false,0.145673
13475,55988,false,0.054933
13476,1823,true,0.698119
13476,8643,true,0.752182
13476,8836,true,0.985982
13476,14810,false,0.289371
13476,34151,false,0.671726
13477,683,true,0.6796
13477,12568,false,0.006374
13477,35127,false,0.341269
13477,58759,false,0.240363
13478,3084,true,0.893618
13478,3773,true,0.249145
13478,34249,false,0.671349
13478,39460,false,0.027185
13478,51595,false,0.999336
13479,798,true,0.069205
13479,3474,true,0.772796
13479,3992,true,0.254344
13479,8509,true,0.119306
13479,41588,false,0.350075
13479,46788,false,0.357044
13479,48623,false,0.510615
13479,58760,false,0.026306
13480,292,true,0.577909
13480,1364,true,0.600465
13480,42011,false,0.56053
13480,43906,false,0.22457
13480,56384,false,0.705772
13480,57663,false,0.396809
13481,1,true,0.46594
13481,10573,false,0.421442
13481,19986,false,0.797677
13481,56413,false,0.530757
13482,3546,true,0.18646
13482,3757,true,0.199528
13482,24125,false,0.843338
13482,25077,false,0.522274
13482,28839,false,0.356274
13482,44066,false,0.141356
13483,658,true,0.71122
13483,57269,false,0.177315
13484,223,true,0.478927
13484,393,true,0.696597
13484,14489,false,0.544053
13484,25558,false,0.544443
13484,28190,false,0.444035
13484,52247,false,0.03207
13485,483,true,0.081457
13485,3293,true,0.0859
13485,3953,true,0.442991
13486,27910,false,0.322348
13486,40390,false,0.782177
13487,15261,false,0.887824
13487,32109,false,0.781949
13488,3150,true,0.450159
13488,51022,false,0.459365
13489,20264,false,0.761973
13489,27396,false,0.994891
13490,259,true,0.755919
13490,809,true,0.791002
13490,988,true,0.563009
13490,3037,true,1.015468
13490,12576,false,0.115074
13490,54658,false,0.696333
13491,21560,false,0.073425
13491,22839,false,0.90797
13491,35874,false,0.349497
13491,43812,false,0.279531
13491,48865,false,0.64846
13491,55614,false,0.394339
13492,482,true,0.986087
13492,17874,false,0.594377
13492,19004,false,0.023157
13492,25269,false,0.398518
13492,36892,false,0.255651
13492,50015,false,0.871485
13493,228,true,0.59075
13493,3280,true,0.432994
13493,3556,true,0.463719
13493,24627,false,0.494778
13493,24789,false,0.064133
13493,41606,false,0.699656
13493,43820,false,0.017637
13493,51475,false,0.561371
13494,85,true,0.829035
13494,174,true,0.649655
13494,946,true,0.755893
13495,175,true,0.651176
13495,546,true,0.797704
13495,3670,true,0.825196
13495,3882,true,0.71951
13495,24659,false,0.293298
13495,25760,false,0.788043
13496,6200,true,0.351995
13496,53607,false,0.914346
13497,40,true,0.032322
13497,124,true,0.645507
13497,3720,true,0.86002
13497,6447,true,0.258297
13497,6888,true,0.442398
13497,28879,false,0.131412
13497,34418,false,0.110722
13497,54783,false,0.717596
13498,584,true,0.646664
13498,21860,false,0.521804
13499,6570,true,0.310263
13500,342,true,0.982238
13500,822,true,0.549268
13500,3787,true,0.350845
13500,6967,true,0.570169
13500,44271,false,0.969344
13500,58163,false,0.159743
13501,528,true,0.305109
13501,3664,true,0.49947
13501,6900,true,0.731974
13501,11143,false,0.162936
13502,338,true,0.676384
13502,4003,true,0.533019
13502,8087,true,0.425007
13502,8266,true,0.543823
13502,8423,true,0.165967
13502,37748,false,0.242998
13502,56621,false,0.827615
13503,608,true,0.829536
13503,3996,true,0.338967
13503,55764,false,0.400214
13504,121,true,0.185212
13504,1079,true,0.979071
13504,1258,true,0.591985
13504,1735,true,0.333259
13504,3407,true,0.476785
13504,8855,true,0.311765
13504,12142,false,0.814363
13504,32000,false,0.202387
13504,35386,false,0.420789
13505,27,true,0.168153
13505,8986,true,0.054597
13505,26676,false,0.766478
13505,45748,false,0.868243
13505,50075,false,0.872871
13505,52005,false,0.907525
13506,1433,true,0.375632
13506,8025,true,0.253004
13506,20971,false,0.693936
13506,23108,false,0.880808
13506,26141,false,0.924446
13506,52938,false,0.185791
13506,56086,false,0.395204
13507,246,true,0.447761
13507,3252,true,0.43979
13507,3426,true,0.012281
13507,8260,true,0.521567
13507,8508,true,0.003332
13507,25062,false,0.912743
13507,38648,false,0.223927
13507,50140,false,0.393485
13508,785,true,0.779864
13508,3804,true,0.240575
13508,32567,false,0.233691
13508,44475,false,0.18157
13508,48700,false,0.99484
13509,14342,false,0.49282
13510,17557,false,0.674977
13510,30443,false,0.749454
13511,14453,false,0.600303
13511,31541,false,0.800899
13511,33272,false,0.948586
13511,52881,false,0.463463
13512,1703,true,0.383847
13512,8782,true,0.969071
13512,8969,true,0.499327
13513,3269,true,0.627431
13513,3342,true,0.359152
13513,8362,true,0.706633
13513,18683,false,0.670501
13513,36957,false,0.052145
13513,57929,false,0.62059
13514,824,true,0.650867
13514,3048,true,0.128399
13514,6522,true,0.975237
13514,6571,true,0.487358
13514,6798,true,0.010491
13514,6997,true,0.564841
13514,43032,false,0.140818
13514,56270,false,0.021348
13515,524,true,0.004515
13515,6710,true,0.977092
13515,21853,false,0.698621
13515,35380,false,0.076701
13515,53410,false,0.47633
13516,23627,false,0.776919
13517,3297,true,0.446608
13517,23427,false,0.097149
13517,29655,false,0.398246
13518,132,true,0.222382
13518,3092,true,0.884782
13518,6711,true,0.388332
13518,16960,false,0.62301
13518,24422,false,0.023146
13518,42277,false,0.435755
13518,48757,false,0.317559
13518,58683,false,0.76775
13519,6737,true,0.327574
13519,6863,true,0.242553
13519,6952,true,0.467472
13519,11455,false,0.7045
13519,24012,false,0.518781
13519,25428,false,0.279237
13519,56920,false,0.047804
13520,455,true,0.064586
13520,531,true,0.939099
13520,3275,true,0.943302
13520,3776,true,0.629141
13520,12745,false,0.771303
13520,30582,false,0.499813
13521,6903,true,0.061102
13522,277,true,0.880926
13522,280,true,0.116477
13522,15504,false,0.812424
13522,45212,false,0.319738
13523,3325,true,0.049598
13523,6022,true,0.58581
13523,51640,false,0.890422
13523,57140,false,0.072386
13524,3738,true,0.199977
13524,3767,true,0.343258
13524,3982,true,0.561042
13524,6503,true,0.647846
13524,6987,true,0.065315
13525,3022,true,0.368913
13525,36558,false,0.893081
13525,40073,false,0.796372
13525,46390,false,0.409198
13526,642,true,0.375533
13526,790,true,0.610025
13526,6809,true,0.050653
13526,19173,false,0.251466
13526,22417,false,0.639466
13526,45871,false,0.641054
13527,618,true,0.621661
13527,3528,true,0.493284
13527,13704,false,1.014739
13527,40422,false,0.759221
13527,46911,false,0.001571
13528,812,true,1.000585
13528,3658,true,0.227763
13528,6670,true,0.341929
13528,10998,false,0.767014
13529,155,true,0.914501
13529,16792,false,0.689552
13529,42456,false,0.559312
13530,14760,false,0.074473
13530,35556,false,0.878117
13530,35592,false,0.50512
13530,43291,false,0.303994
13531,19598,false,0.626953
13531,26584,false,0.933159
13532,42350,false,0.384818
13533,20324,false,0.949207
13533,51614,false,0.964531
13534,43620,false,0.928908
13534,55922,false,0.696594
13536,15215,false,0.518512
13536,16277,false,0.417105
13536,17854,false,0.570125
13536,24595,false,0.32633
13536,25223,false,0.423407
13536,28734,false,0.057813
13536,49765,false,0.784464
13536,59192,false,0.759317
13537,19917,false,0.928034
13537,42271,false,0.470849
13537,48756,false,0.633843
13538,38503,false,0.637067
13539,43245,false,0.083429
13539,49925,false,0.081122
13539,56228,false,0.510452
13540,31718,false,0.465379
13540,41211,false,0.411559
13540,55589,false,0.678547
13541,38587,false,0.883191
13542,12852,false,0.818702
13542,26319,false,0.250838
13542,36090,false,0.013929
13542,41463,false,0.763066
13542,43195,false,0.840043
13542,51289,false,0.704569
13543,14088,false,0.421968
13544,6132,true,0.793078
13544,40151,false,0.632029
13544,41361,false,0.094594
13545,1151,true,0.358683
13545,54800,false,0.503277
13546,6105,true,0.272259
13547,404,true,0.556271
13547,6654,true,0.4298
13547,16987,false,0.25064
13547,28889,false,0.69118
13547,47317,false,0.436
13548,776,true,0.084932
13548,3160,true,0.727141
13548,6656,true,0.527283
13548,6915,true,0.588006
13549,3276,true,0.025929
13549,3333,true,0.588512
13549,3691,true,0.673142
13549,13161,false,0.851252
13550,3636,true,0.833017
13550,3744,true,0.344061
13550,6672,true,0.194053
13550,41469,false,0.432036
13550,56690,false,0.577494
13550,59217,false,0.742196
13551,893,true,0.102757
13551,3602,true,0.606032
13551,6454,true,0.167274
13551,33206,false,0.377881
13552,36605,false,0.840327
13552,38992,false,0.314029
13552,42438,false,0.150632
13552,53291,false,0.237797
13553,49,true,0.714532
13553,695,true,0.933828
13553,788,true,0.076807
13553,8195,true,0.926159
13553,46468,false,0.489214
13554,3584,true,0.88062
13554,19734,false,0.034592
13554,19943,false,0.818432
13554,27387,false,0.04234
13554,30841,false,0.009794
13555,906,true,0.777302
13555,947,true,0.461571
13555,3638,true,0.452141
13555,8888,true,1.006794
13555,42935,false,0.376496
13555,55468,false,0.684139
13556,39,true,0.018414
13556,612,true,0.845946
13556,1840,true,0.853414
13556,8048,true,0.738158
13556,42832,false,0.818357
13556,43778,false,0.165486
13556,49846,false,0.155678
13557,197,true,0.545381
13557,1014,true,0.413413
13558,1634,true,0.51841
13558,14783,false,0.869694
13559,162,true,0.023186
13559,304,true,0.409525
13559,31084,false,0.627346
13559,53879,false,0.539273
13559,54849,false,0.095277
13560,14545,false,0.859564
13560,27054,false,0.951435
13561,308,true,0.836121
13561,20152,false,0.776363
13561,20772,false,0.344074
13561,34379,false,0.056468
13561,55410,false,0.223859
13565,27402,false,0.959629
13565,56323,false,0.376495
13567,1951,true,0.766555
13567,15609,false,0.773609
13567,28509,false,0.595083
13567,42063,false,0.968457
13567,53786,false,0.963222
13568,1648,true,0.08756
13568,56854,false,0.590788
13569,1372,true,0.165992
13569,1636,true,0.068113
13569,26168,false,0.423614
13569,33378,false,0.456949
13569,49767,false,0.324505
13570,417,true,0.758132
13570,1042,true,0.668217
13570,57025,false,0.198096
13571,862,true,0.71946
13571,914,true,0.773163
13571,55109,false,0.683438
13571,56746,false,0.804901
13571,57390,false,0.81323
13572,2,true,0.842619
13572,704,true,0.276766
13572,1652,true,0.135968
13572,14388,false,0.525457
13572,22686,false,0.512918
13572,37528,false,0.049641
13572,54135,false,0.223568
13572,59678,false,0.626269
13573,35132,false,0.668328
13573,38110,false,0.197115
13574,1389,true,0.321703
13574,29890,false,0.057662
13575,370,true,0.739032
13575,1537,true,0.467948
13575,14926,false,0.516086
13575,32919,false,1.030663
13575,42665,false,0.18489
13575,46081,false,0.928953
13575,57591,false,0.574463
13576,646,true,0.04878
13576,890,true,0.058477
13576,1170,true,0.609291
13576,31153,false,0.847144
13576,38871,false,0.879412
13576,38974,false,0.531374
13577,565,true,0.843285
13577,11140,false,0.809136
13577,11188,false,0.827534
13577,21953,false,0.25902
13577,30083,false,0.513695
13577,30547,false,0.00674
13577,36641,false,1.001008
13577,55955,false,0.933068
13578,475,true,0.198124
13578,1226,true,0.413026
13578,30821,false,0.398666
13578,48940,false,0.065428
13578,55924,false,0.588981
13579,336,true,0.066735
13579,944,true,0.972162
13580,12297,false,0.216221
13580,55000,false,0.384072
13581,14074,false,0.373566
13581,23966,false,0.211869
13581,36441,false,0.471107
13581,43467,false,0.94195
13582,10046,false,0.737128
13582,12535,false,0.808718
13582,34221,false,0.922969
13582,59883,false,0.479362
13583,36077,false,0.872066
13583,50402,false,0.48619
13583,53899,false,0.256694
13584,1265,true,0.08529
13584,30622,false,0.020656
13584,38302,false,0.104099
13584,44155,false,0.664728
13584,45695,false,0.655574
13584,46239,false,0.593349
13585,19848,false,1.005161
13585,20992,false,0.173996
13585,23119,false,0.499395
13585,38444,false,0.77805
13586,57441,false,0.007409
13586,57808,false,0.161703
13587,1624,true,0.151596
13587,1664,true,0.602847
13587,10543,false,0.396234
13587,12151,false,0.39062
13587,13920,false,0.454122
13588,51865,false,0.595935
13589,75,true,0.619343
13589,16575,false,0.630573
13589,24095,false,0.985019
13590,39734,false,0.024154
13590,44022,false,0.869464
13590,48555,false,0.910278
13590,56747,false,0.05122
13591,307,true,0.088634
13591,6178,true,0.888845
13591,11086,false,0.478271
13591,41592,false,0.342443
13591,42380,false,0.588469
13591,52130,false,0.224574
13592,6450,true,0.137513
13592,32761,false,0.391251
13592,46408,false,1.002719
13593,38461,false,0.943666
13593,38781,false,0.745619
13594,6586,true,0.590033
13594,28247,false,0.218058
13594,57703,false,0.060183
13595,23258,false,0.75998
13596,6999,true,0.824124
13596,40236,false,0.354467
13596,44948,false,0.411999
13596,50926,false,0.821904
13596,54241,false,0.676993
13597,130,true,0.271605
13597,882,true,0.130122
13597,6665,true,0.470763
13597,10279,false,0.318671
13597,18339,false,0.919194
13597,21626,false,0.962434
13598,6868,true,0.987281
13598,37568,false,0.239306
13599,14288,false,0.789571
13599,14424,false,0.047149
13599,17832,false,0.397695
13599,57116,false,0.424962
13600,6547,true,0.449783
13600,6779,true,1.00144
13600,9962,true,0.994553
13601,6778,true,0.364256
13601,9329,true,0.043871
13601,46431,false,0.093685
13602,6094,true,0.683597
13602,42971,false,0.511731
13602,53803,false,0.013533
13602,54307,false,0.35442
13603,6878,true,0.721216
13603,9065,true,0.495034
13603,9986,true,0.320414
13604,9646,true,0.875034
13604,19572,false,0.713485
13604,25842,false,0.421865
13604,29411,false,0.728107
13604,37840,false,0.236307
13604,47045,false,0.200523
13604,48165,false,0.238173
13605,6104,true,0.694977
13605,6497,true,0.541836
13605,9053,true,0.834216
13605,25475,false,0.933304
13605,35109,false,0.861314
13605,58093,false,0.046761
13606,6320,true,0.892763
13606,6419,true,0.329653
13606,9478,true,0.717459
13606,20940,false,0.309133
13606,37948,false,0.586231
13606,39775,false,0.431505
13606,55507,false,0.457285
13607,6858,true,0.698047
13607,9321,true,0.351846
13607,9626,true,0.503365
13607,27015,false,0.563527
13607,38770,false,0.544028
13608,7,true,0.896504
13608,9358,true,0.167156
13608,9509,true,0.329114
13608,12288,false,0.957721
13608,30423,false,0.733405
13608,47431,false,0.149535
13608,48473,false,0.608886
13608,55186,false,0.247727
13609,6681,true,0.6254
13609,9181,true,0.941669
13609,9306,true,0.187431
13609,9821,true,0.578915
13609,11938,false,0.286504
13609,13028,false,0.179101
13610,9811,true,0.859379
13610,48298,false,0.684315
13611,6109,true,0.46228
13611,6682,true,0.524718
13611,38190,false,0.83039
13611,42130,false,0.522171
13611,43630,false,0.524474
13611,54856,false,0.554686
13612,9067,true,0.633085
13612,9442,true,0.780252
13612,16056,false,0.860519
13612,34385,false,0.745812
13613,50992,false,0.318586
13614,9364,true,1.004865
13614,9830,true,0.026652
13615,9175,true,0.409166
13615,9196,true,0.099754
13615,9684,true,0.77977
13615,41255,false,0.376308
13615,44002,false,0.093129
13615,44411,false,0.785235
13616,2209,true,0.464211
13616,2491,true,0.682537
13616,2999,true,0.15227
13616,9077,true,0.543009
13616,9574,true,0.626851
13616,9774,true,0.22375
13616,36101,false,0.118635
13617,2337,true,0.049707
13617,2742,true,0.003476
13617,9012,true,0.340407
13617,38414,false,0.157369
13617,41288,false,0.823447
13618,2812,true,0.833502
13618,2949,true,0.306804
13618,6057,true,0.604242
13618,6338,true,0.496436
13618,9945,true,0.780097
13619,6238,true,0.69209
13619,6885,true,0.210775
13619,9675,true,0.936377
13619,26124,false,0.310919
13620,6218,true,0.874421
13620,9971,true,0.763669
13620,25799,false,0.605228
13620,49166,false,0.427415
13621,6611,true,0.613017
13621,9239,true,0.20109
13621,48442,false,0.825846
13621,57801,false,1.002304
13622,2635,true,0.079138
13622,2678,true,0.084967
13622,6819,true,0.023209
13622,19078,false,0.826477
13623,2040,true,0.931207
13623,6442,true,0.12432
13623,9591,true,0.268281
13623,9975,true,0.347523
13623,21061,false,0.993254
13623,53674,false,0.934439
13624,2127,true,0.687749
13624,2175,true,0.777902
13624,9209,true,0.911813
13624,9548,true,0.133884
13624,46499,false,0.383535
13624,47377,false,4.42E-4
13624,51241,false,0.355862
13624,52053,false,0.618571
13625,9537,true,0.202817
13625,27276,false,0.032662
13625,37196,false,0.161255
13625,54479,false,0.735755
13626,2010,true,0.343706
13626,2178,true,0.626897
13626,2685,true,0.701107
13626,9051,true,0.302195
13626,9522,true,0.758676
13626,9713,true,0.264579
13626,9867,true,0.525185
13626,43922,false,0.285301
13627,2182,true,0.295463
13627,6854,true,0.044249
13627,9318,true,0.47524
13627,9473,true,0.310471
13628,2514,true,0.815286
13628,6256,true,0.265413
13628,9429,true,0.470397
13628,9460,true,0.617471
13628,10648,false,0.359793
13629,2443,true,0.630082
13629,2624,true,0.492417
13629,2847,true,0.987122
13629,9009,true,0.417044
13629,25578,false,0.694273
13629,28119,false,0.100652
13629,49747,false,0.971413
13629,55760,false,0.302496
13630,2316,true,0.628588
13630,9856,true,0.336478
13630,41280,false,0.599293
13630,41346,false,0.342574
13630,42681,false,0.619962
13631,3926,true,0.153021
13631,59267,false,0.170191
13632,261,true,0.746839
13632,863,true,0.968376
13632,1031,true,0.647912
13632,1544,true,0.050608
13632,8532,true,0.147764
13632,12981,false,0.866763
13633,89,true,0.334555
13633,1671,true,0.604381
13633,3978,true,0.349282
13633,34806,false,0.319534
13634,37,true,0.163858
13634,21310,false,0.443222
13634,45247,false,0.431426
13634,53416,false,0.322304
13634,54052,false,0.917739
13635,728,true,0.470597
13635,889,true,0.135159
13635,8115,true,0.336877
13635,23825,false,0.470467
13635,30093,false,0.485418
13636,24,true,0.666675
13636,706,true,0.213736
13636,784,true,0.998912
13636,3519,true,0.528114
13636,8325,true,0.582821
13636,8351,true,0.175738
13636,37152,false,0.830743
13637,1056,true,0.602741
13637,45657,false,0.184808
13638,201,true,0.383505
13638,1779,true,0.506878
13638,8627,true,0.50702
13638,38694,false,0.718398
13639,1083,true,0.609529
13639,1676,true,0.305631
13639,15699,false,0.590287
13639,40996,false,0.748235
13640,385,true,1.004494
13640,1248,true,0.262908
13640,8679,true,0.645572
13641,109,true,0.46359
13641,3270,true,0.824857
13641,8406,true,0.632959
13642,792,true,0.529073
13642,8974,true,0.549937
13642,27215,false,0.588964
13643,180,true,0.308456
13643,3380,true,0.307058
13643,6738,true,0.763307
13643,17384,false,0.143273
13643,25584,false,0.524283
13644,14900,false,0.99077
13644,53898,false,0.767198
13644,57442,false,0.263463
13645,1015,true,0.237375
13646,39126,false,0.751342
13646,51127,false,0.508205
13647,13392,false,0.268686
13647,37866,false,0.055761
13648,20479,false,0.564663
13648,57759,false,0.867246
13648,58690,false,0.372884
13648,59460,false,0.282167
13650,3166,true,0.78535
13650,3181,true,0.948371
13650,3458,true,0.225522
13650,20448,false,0.909936
13650,22666,false,0.281081
13650,46141,false,0.051828
13651,843,true,0.693068
13651,3238,true,0.347716
13651,3588,true,0.241974
13651,3823,true,0.154692
13652,3734,true,0.705516
13652,6482,true,0.976244
13652,56077,false,0.532022
13653,325,true,0.459185
13653,915,true,0.603528
13653,10698,false,0.976943
13654,181,true,0.165787
13654,874,true,0.869091
13654,3545,true,0.367321
13654,6070,true,6.45E-4
13654,6091,true,1.006879
13654,6728,true,0.851383
13654,46875,false,0.904028
13655,3591,true,0.986554
13655,6538,true,0.298812
13655,6685,true,0.759599
13655,6739,true,0.043743
13655,17263,false,0.049001
13655,58333,false,0.251908
13656,3200,true,0.829509
13656,14949,false,0.148369
13656,15083,false,0.268956
13656,25373,false,0.843352
13656,43523,false,0.27255
13656,48033,false,0.308325
13657,864,true,0.164848
13657,3260,true,0.845623
13657,6433,true,0.629312
13657,6948,true,0.502713
13657,23718,false,0.068118
13657,56094,false,0.216109
13657,58641,false,0.994246
13658,95,true,0.541826
13658,10832,false,0.949169
13659,6285,true,0.921983
13659,33426,false,0.245396
13659,45014,false,0.84289
13660,6763,true,0.376443
13660,6805,true,0.275988
13660,14604,false,0.079886
13661,6051,true,0.953067
13661,6847,true,0.158183
13661,24307,false,0.455682
13661,25935,false,0.408677
13661,37910,false,0.831591
13661,39281,false,0.127843
13661,53890,false,0.434497
13662,1183,true,1.001707
13662,18167,false,0.399682
13664,23567,false,0.300278
13664,35276,false,0.936362
13664,55016,false,0.694089
13665,25470,false,0.041961
13665,39448,false,0.347604
13666,29241,false,0.687605
13666,40410,false,0.002784
13666,41733,false,0.351693
13666,44257,false,0.552064
13666,53972,false,0.070506
13667,14402,false,0.71625
13667,23983,false,0.471848
13667,27252,false,0.858866
13667,47288,false,0.364032
13668,28210,false,0.913361
13669,1217,true,0.829751
13669,12100,false,0.853837
13669,25829,false,0.935245
13669,40619,false,0.992566
13670,1205,true,0.455078
13670,1327,true,0.295822
13670,39533,false,0.831989
13671,22121,false,0.330291
13671,42583,false,0.635648
13671,49609,false,0.812975
13672,42378,false,0.443136
13673,26419,false,0.715905
13674,16847,false,0.843773
13675,1113,true,0.127352
13675,1560,true,0.583272
13675,37733,false,0.832526
13677,20660,false,0.162514
13677,47013,false,0.613186
13678,36480,false,0.272936
13678,47891,false,0.513029
13679,1269,true,0.467926
13679,18395,false,0.521783
13679,38342,false,0.738047
13679,43094,false,0.234057
13681,55260,false,0.999798
13682,10298,false,0.104702
13683,3295,true,0.675275
13683,6110,true,0.111549
13683,37066,false,0.075578
13683,46692,false,0.913115
13683,58115,false,0.14489
13683,59417,false,0.270069
13684,10351,false,0.700088
13684,22841,false,0.902219
13684,48514,false,0.35106
13685,1359,true,0.482158
13685,39996,false,0.984301
13685,46030,false,0.163672
13686,11179,false,0.110978
13686,20811,false,0.903611
13686,26607,false,0.177285
13686,49274,false,0.931442
13686,52048,false,0.450339
13686,52981,false,0.104843
13687,29496,false,0.972659
13687,43601,false,0.768559
13688,23384,false,0.981876
13689,1022,true,0.33783
13689,20864,false,0.2989
13689,41780,false,0.172326
13690,39408,false,0.452387
13690,59334,false,0.655767
13691,26235,false,0.399832
13691,34141,false,0.480218
13692,10452,false,0.849108
13692,11640,false,0.47519
13692,53488,false,0.640822
13692,55224,false,0.776204
13693,1129,true,0.850267
13694,1169,true,0.258894
13696,991,true,0.678419
13696,3415,true,0.712455
13696,6201,true,0.221721
13696,21783,false,0.716178
13696,34770,false,0.919787
13697,3950,true,0.240285
13697,3995,true,0.71226
13697,13085,false,0.98593
13697,29553,false,0.845326
13697,46061,false,0.495806
13698,1731,true,0.153563
13698,53986,false,0.954581
13699,1388,true,0.881446
13699,24598,false,0.756264
13699,47093,false,0.988731
13700,3070,true,0.779231
13700,3321,true,0.618314
13700,3958,true,0.655479
13700,29711,false,0.43815
13701,6581,true,0.589264
13701,6620,true,0.119007
13701,10818,false,0.788441
13702,3475,true,0.545564
13702,28794,false,0.447165
13702,41348,false,0.758129
13702,55509,false,0.872505
13703,3102,true,0.121232
13703,3278,true,0.938491
13703,6229,true,0.965625
13703,6618,true,0.505558
13703,33269,false,0.924037
13704,30189,false,0.316811
13704,33435,false,0.575888
13704,41223,false,0.930743
13705,13794,false,0.296468
13705,32081,false,0.477148
13705,39005,false,0.822255
13705,52421,false,0.01903
13705,54840,false,0.792874
13706,35833,false,0.111825
13706,50296,false,0.508024
13707,52840,false,0.401917
13708,52273,false,0.506777
13709,30509,false,0.30494
13709,57799,false,0.804946
13710,14431,false,0.281303
13710,20064,false,0.29779
13711,47952,false,0.971574
13712,19905,false,0.160505
13712,51125,false,0.249895
13713,14192,false,0.3108
13713,18492,false,0.557424
13714,15440,false,0.924183
13715,10756,false,0.023516
13715,13556,false,0.64698
13715,28354,false,0.029472
13715,39048,false,0.252494
13716,42545,false,0.399283
13716,50872,false,0.799105
13716,54175,false,0.413218
13717,50634,false,0.783969
13718,28653,false,0.974234
13718,33747,false,0.465997
13718,48738,false,0.186773
13719,19059,false,0.28628
13719,20456,false,0.466712
13719,29894,false,0.741204
13719,30993,false,0.58654
13719,58101,false,0.237831
13720,11786,false,0.368615
13720,34964,false,0.148151
13720,37897,false,0.365143
13720,41072,false,0.2483
13720,48138,false,0.665794
13720,49037,false,0.830538
13720,53947,false,0.083716
13720,56219,false,0.243901
13720,56635,false,0.335311
13722,10542,false,0.249554
13722,44944,false,0.424766
13723,51889,false,0.511473
13724,13906,false,0.339067
13724,19274,false,0.798608
13725,23872,false,0.109756
13726,31093,false,0.350713
13727,116,true,0.16341
13727,1685,true,0.692001
13727,3031,true,0.148935
13727,3082,true,0.610589
13727,3201,true,0.149511
13727,27369,false,0.899601
13727,54617,false,0.989778
13728,353,true,0.7827
13728,3128,true,0.268236
13728,57876,false,0.481372
13729,1404,true,0.631644
13729,19992,false,0.439708
13730,3327,true,0.003603
13730,13212,false,0.711977
13730,24963,false,0.470793
13731,1178,true,0.034438
13731,3193,true,0.335604
13731,23041,false,0.2362
13731,33360,false,0.964169
13731,41528,false,0.416734
13732,3597,true,0.640771
13732,3731,true,0.632836
13732,27814,false,0.640929
13732,51102,false,0.554751
13733,17835,false,0.933269
13733,39063,false,0.778368
13733,46334,false,0.48329
13734,3410,true,0.191672
13734,13787,false,0.858106
13734,33754,false,0.809251
13735,329,true,0.202238
13735,21129,false,0.298423
13735,22730,false,0.41768
13735,30211,false,0.671871
13735,34518,false,0.100764
13735,34672,false,1.018451
13735,36492,false,0.032327
13736,452,true,0.110015
13736,701,true,0.078082
13736,823,true,0.709272
13736,3244,true,0.886803
13736,3510,true,0.235397
13736,11405,false,0.236929
13736,17678,false,0.051956
13736,35358,false,0.855899
13736,46249,false,0.597114
13737,541,true,0.365938
13737,1862,true,0.549176
13737,8896,true,0.942098
13737,47409,false,0.160598
13738,461,true,0.117441
13738,3709,true,0.006509
13738,8289,true,0.951305
13738,24157,false,0.235703
13738,25365,false,0.370492
13738,27601,false,0.4267
13738,32307,false,0.955371
13738,33917,false,0.884707
13738,58302,false,0.410323
13739,14521,false,0.29297
13739,24072,false,0.598725
13739,25908,false,0.213953
13740,1317,true,0.152787
13740,26806,false,0.068101
13741,1163,true,0.728047
13741,16988,false,0.895345
13741,42431,false,0.575981
13742,12733,false,0.614005
13742,15272,false,0.300399
13742,15364,false,0.099203
13742,50599,false,0.659535
13742,56192,false,0.28943
13742,57297,false,1.004908
13743,10459,false,0.333439
13743,35551,false,0.683983
13743,45165,false,0.036954
13743,59351,false,0.176746
13744,15972,false,0.32117
13744,19485,false,0.557872
13744,58308,false,0.739571
13744,59653,false,0.310283
13745,58557,false,0.290084
13746,30769,false,0.072613
13746,31909,false,0.292305
13747,10656,false,0.341881
13747,13474,false,0.360303
13747,16578,false,0.650238
13747,20877,false,0.603599
13747,39581,false,0.918882
13747,41127,false,0.838726
13748,22794,false,0.328374
13748,37648,false,0.097527
13748,53913,false,0.513523
13749,1434,true,0.6593
13749,19413,false,0.884131
13749,38691,false,0.382317
13750,33686,false,0.228968
13750,41230,false,0.685848
13750,45546,false,0.730295
13751,1954,true,0.978481
13752,11251,false,0.459182
13752,31821,false,0.282921
13752,35706,false,0.399021
13752,36660,false,0.567404
13752,39684,false,0.888162
13753,1299,true,0.729947
13754,10682,false,0.605276
13754,16031,false,0.334731
13754,16051,false,0.662648
13755,17593,false,1.032139
13755,18313,false,0.810384
13755,22270,false,0.7694
13756,1789,true,0.695374
13756,26227,false,0.599848
13756,32838,false,0.582351
13756,33311,false,0.683931
13756,41260,false,0.922886
13756,43581,false,0.625484
13757,6773,true,0.983101
13757,47844,false,0.251247
13758,854,true,0.959664
13758,6407,true,0.607354
13758,11165,false,0.072508
13758,17687,false,0.537423
13758,21199,false,0.920083
13758,24293,false,0.384114
13758,49191,false,0.337014
13759,3291,true,0.5713
13759,3809,true,0.211452
13759,22441,false,0.00474
13759,33257,false,0.651803
13759,36446,false,0.786937
13759,46742,false,0.66235
13759,54701,false,0.439224
13760,220,true,0.748403
13760,6492,true,0.709387
13760,10702,false,0.970092
13761,194,true,0.971597
13761,6343,true,0.034498
13761,39453,false,0.3632
13762,3198,true,0.226216
13762,6307,true,0.915176
13762,6913,true,0.502682
13762,30461,false,0.423725
13763,350,true,0.296091
13763,3450,true,0.657777
13763,16046,false,0.517145
13764,3837,true,0.720154
13764,3846,true,0.655353
13764,6157,true,0.102403
13764,24982,false,0.610739
13764,31360,false,0.945234
13764,34251,false,0.986087
13765,18510,false,0.917758
13765,31643,false,0.455095
13765,39800,false,0.836711
13765,44017,false,0.723616
13765,48267,false,0.268615
13766,128,true,0.753932
13766,3512,true,0.835702
13766,6829,true,0.618394
13766,24576,false,0.580719
13766,39467,false,0.359888
13766,48999,false,0.930124
13767,10833,false,0.378494
13767,51245,false,0.539754
13768,371,true,0.495645
13768,3323,true,0.318347
13768,3910,true,0.572795
13768,3943,true,0.649192
13768,6634,true,0.04568
13768,26776,false,0.890206
13768,52902,false,0.791389
13769,271,true,0.170089
13769,697,true,0.098994
13769,6905,true,0.594134
13769,31877,false,0.363714
13770,6183,true,0.766086
13770,6303,true,0.624756
13770,31663,false,0.95042
13771,6862,true,0.31047
13771,23993,false,0.886394
13771,46672,false,0.84994
13771,48229,false,0.932683
13771,52083,false,0.817827
13772,101,true,0.253835
13772,3316,true,0.919344
13772,39826,false,0.790146
13772,54317,false,0.325635
13773,6334,true,0.033697
13773,12273,false,0.588126
13773,12859,false,0.516546
13773,20765,false,0.044795
13773,25844,false,0.097575
13773,42795,false,0.968386
13774,55,true,0.291933
13774,490,true,0.694277
13774,3612,true,0.924179
13774,6459,true,0.568917
13774,6520,true,0.895238
13774,13050,false,0.082243
13774,14104,false,0.960099
13775,19,true,0.331299
13775,6473,true,0.530273
13776,30,true,0.43659
13776,3766,true,0.831458
13776,3818,true,0.816705
13776,6222,true,0.114997
13776,6362,true,0.908242
13777,54351,false,0.179337
13778,702,true,0.899951
13778,6400,true,0.310275
13778,10921,false,0.201846
13778,57449,false,0.430119
13779,982,true,0.888996
13779,26277,false,0.176281
13779,28534,false,0.787836
13780,272,true,0.601668
13780,6519,true,0.797901
13780,6898,true,0.513586
13780,20397,false,0.592945
13780,21341,false,0.929616
13780,22872,false,0.186474
13780,36219,false,0.951491
13781,255,true,0.244981
13781,949,true,0.059075
13781,3017,true,0.485265
13781,6669,true,0.168034
13781,15501,false,0.254562
13781,57839,false,0.625969
13782,3072,true,0.59959
13782,3585,true,0.019129
13782,6008,true,0.166212
13782,6431,true,0.525949
13782,18557,false,0.912288
13782,24001,false,0.894989
13782,54156,false,0.763722
13782,57135,false,0.237609
13783,13345,false,0.29927
13783,15623,false,0.516873
13784,602,true,0.451384
13784,841,true,0.064393
13784,6169,true,0.113432
13784,10245,false,0.300495
13784,32990,false,0.725946
13784,44418,false,0.120944
13785,12374,false,0.385353
13785,32856,false,0.841553
13786,509,true,0.56136
13786,1616,true,0.088598
13786,1727,true,0.681637
13786,12682,false,0.181464
13786,15142,false,0.986977
13786,39007,false,0.706744
13786,42434,false,0.416027
13786,43279,false,0.956208
13787,6100,true,0.683729
13787,6980,true,0.273954
13787,32386,false,0.169408
13787,36952,false,0.446464
13787,37128,false,0.805736
13788,6920,true,0.386468
13788,9767,true,0.351172
13788,22253,false,0.0954
13788,31644,false,0.068562
13788,34675,false,0.522776
13788,36337,false,0.639683
13788,38390,false,0.914207
13788,41770,false,0.94503
13788,43269,false,0.070632
13789,9039,true,0.286772
13789,9344,true,0.585699
13789,9733,true,0.984823
13789,9972,true,0.197813
13789,23613,false,0.485095
13789,33752,false,0.544991
13789,48573,false,0.980691
13790,6736,true,0.22759
13790,9250,true,0.65707
13790,9276,true,0.209669
13790,27873,false,0.909894
13790,55315,false,0.777591
13791,6248,true,0.37198
13791,6295,true,0.797183
13791,6374,true,0.087083
13791,6378,true,0.229153
13791,9064,true,0.219027
13791,9553,true,0.112021
13791,18236,false,0.578776
13791,19907,false,0.565575
13791,39395,false,0.398861
13792,6187,true,0.486543
13792,6619,true,0.166113
13792,6703,true,0.670954
13792,9437,true,0.791616
13793,6771,true,0.575306
13793,19989,false,0.6394
13793,45549,false,0.854495
13793,59475,false,0.466596
13794,6049,true,0.404873
13794,9354,true,0.629344
13794,58585,false,0.579721
13795,9211,true,0.695246
13795,9403,true,1.012565
13795,17391,false,0.564066
13795,25797,false,0.163879
13795,53296,false,0.226437
13796,9602,true,0.443904
13796,9880,true,0.649848
13796,14948,false,0.566597
13796,22133,false,0.651586
13796,22304,false,0.06543
13796,59231,false,0.680768
13797,6108,true,0.077742
13797,6186,true,0.838852
13797,9518,true,0.18328
13797,43357,false,0.610263
13798,9020,true,0.342015
13798,9072,true,0.566557
13798,10314,false,0.925467
13798,10449,false,0.344679
13798,31475,false,0.796426
13799,6230,true,0.278644
13799,47753,false,0.793365
13800,9505,true,0.061165
13800,9942,true,0.079223
13800,9944,true,0.088915
13800,29082,false,0.967371
13800,36447,false,0.635524
13800,43276,false,0.484804
13800,59496,false,0.894886
13801,6409,true,0.212086
13801,9487,true,0.978321
13802,44267,false,0.481931
13802,49638,false,0.545069
13803,43864,false,0.46871
13803,46052,false,0.851998
13804,50038,false,0.636825
13805,6006,true,0.995645
13805,6165,true,0.231374
13805,14257,false,0.714412
13805,24503,false,0.967116
13805,46265,false,0.926796
13806,30391,false,0.957691
13807,6718,true,0.344176
13807,27500,false,0.321871
13807,49986,false,0.115605
13808,14486,false,0.328062
13808,26195,false,0.491326
13808,44191,false,0.225335
13808,50120,false,0.60956
13808,58245,false,0.457715
13809,6024,true,0.884548
13809,6458,true,0.187786
13809,37354,false,0.579796
13810,6054,true,0.86027
13810,17250,false,0.524508
13810,49558,false,0.735653
13811,6267,true,0.458951
13811,16421,false,0.535805
13811,18357,false,0.312663
13811,40101,false,0.45331
13812,23542,false,0.831154
13812,39020,false,0.800475
13812,42994,false,0.737866
13813,48754,false,0.052133
13814,6553,true,0.675244
13814,6700,true,0.26831
13814,6803,true,0.922433
13814,19650,false,0.187711
13814,23797,false,0.010296
13814,32350,false,0.922985
13814,48717,false,0.921179
13815,6140,true,0.721685
13815,23399,false,0.296673
13815,29434,false,0.162206
13816,6698,true,0.912862
13816,6744,true,0.260252
13816,19508,false,0.754884
13816,20746,false,0.619189
13816,36657,false,0.06597
13817,6305,true,0.046779
13817,6895,true,0.89046
13817,12039,false,0.092531
13817,45595,false,0.520172
13817,52363,false,0.195429
13818,6394,true,0.938807
13818,6585,true,0.949319
13818,7002,true,0.185754
13818,23654,false,0.641222
13818,25206,false,0.766669
13818,25634,false,0.716732
13818,37388,false,0.684628
13818,42406,false,0.783971
13818,44685,false,0.145928
13818,52625,false,0.157458
13820,15384,false,0.827565
13820,32197,false,0.101965
13820,45133,false,0.850044
13820,52071,false,0.030668
13820,57818,false,0.264102
13821,659,true,0.586346
13821,27236,false,0.720457
13821,54046,false,0.120851
13821,58870,false,0.019299
13822,6549,true,0.149567
13822,6748,true,0.840833
13823,12851,false,0.98775
13823,26907,false,0.740398
13823,43776,false,0.776579
13823,53130,false,0.111493
13823,55730,false,1.015833
13824,6515,true,0.718793
13824,6664,true,0.702182
13824,15862,false,0.450778
13824,40705,false,0.314058
13825,573,true,0.329243
13825,6743,true,0.204172
13825,6795,true,0.577888
13825,21614,false,0.314384
13825,22030,false,0.093901
13825,41098,false,0.082294
13826,248,true,0.871831
13826,611,true,0.9784
13826,769,true,1.013993
13826,6265,true,0.373708
13826,6420,true,0.154951
13826,6852,true,0.306901
13826,23463,false,0.294419
13826,24813,false,0.998109
13826,29144,false,0.19462
13826,47689,false,0.265278
13827,881,true,0.292797
13827,6155,true,0.576039
13827,6647,true,0.066428
13827,21080,false,0.342131
13827,24154,false,0.057202
13827,31740,false,0.976757
13827,42136,false,0.77074
13827,57632,false,0.918119
13828,42766,false,0.817848
13829,1490,true,0.689304
13829,17297,false,0.379164
13829,29188,false,0.579617
13829,59995,false,0.04648
13830,730,true,0.014805
13830,13594,false,0.329033
13830,35451,false,0.639537
13831,768,true,0.757331
13831,1158,true,0.586867
13831,8140,true,0.654775
13831,8995,true,0.42397
13831,19425,false,0.495633
13831,38299,false,0.911339
13832,532,true,0.162394
13832,41544,false,0.202115
13832,42523,false,0.439259
13832,52488,false,0.5158
13833,430,true,0.906883
13833,1502,true,0.332041
13833,3730,true,0.932409
13833,24965,false,0.03285
13833,34600,false,0.725961
13834,3610,true,0.676276
13834,39603,false,0.924309
13835,1977,true,1.01447
13835,3062,true,0.234801
13835,3067,true,0.07267
13835,3606,true,0.399063
13835,12069,false,0.75086
13835,32433,false,0.782485
13835,39216,false,0.80906
13835,45808,false,0.160658
13836,177,true,0.024512
13836,264,true,0.791767
13836,10597,false,0.036263
13837,8799,true,0.9925
13837,13070,false,0.643375
13837,40707,false,0.975952
13838,3081,true,0.243168
13838,8004,true,0.622663
13838,25631,false,0.771111
13838,26533,false,0.548796
13839,485,true,0.392592
13839,39154,false,0.283172
13839,44342,false,0.79202
13839,44895,false,0.182625
13839,51327,false,1.056893
13839,53876,false,0.334729
13839,56523,false,0.049217
13840,165,true,0.319731
13840,446,true,0.613774
13840,458,true,0.956292
13840,6017,true,0.588397
13840,6406,true,0.605743
13840,20816,false,0.35938
13840,32517,false,0.122663
13841,762,true,0.005515
13841,33474,false,0.779289
13841,47111,false,0.463317
13842,48076,false,0.189065
13843,1484,true,0.807202
13843,1841,true,0.718501
13843,1966,true,0.369216
13843,28547,false,0.697712
13843,55939,false,0.061521
13844,499,true,0.653663
13844,1106,true,0.029819
13844,3369,true,0.319052
13844,36807,false,0.210735
13845,940,true,0.962825
13845,3061,true,0.499286
13845,38020,false,0.821419
13845,42822,false,0.87349
13846,1625,true,0.756617
13846,11789,false,0.117333
13846,30119,false,0.716824
13846,44201,false,0.579254
13846,57076,false,0.922778
13846,59754,false,0.67875
13846,59762,false,1.048757
13847,717,true,0.287405
13847,1984,true,0.099684
13847,11788,false,0.957521
13847,18569,false,0.853484
13847,52684,false,0.681519
13847,56464,false,0.765583
13847,57655,false,0.273431
13848,52,true,0.843048
13848,3183,true,0.039988
13848,3225,true,0.301315
13848,30723,false,0.730535
13848,39456,false,0.98786
13848,39742,false,0.656097
13848,52977,false,0.852185
13849,581,true,0.030392
13849,30605,false,0.318012
13849,52188,false,0.816765
13849,54284,false,0.079223
13850,26926,false,0.535105
13850,29794,false,0.177868
13850,36258,false,0.723996
13850,46863,false,0.378161
13851,10763,false,0.732192
13851,33126,false,0.156211
13851,35534,false,0.132555
13852,25111,false,0.578974
13852,27572,false,0.01752
13852,41830,false,0.083677
13852,54149,false,0.403297
13853,13429,false,0.67465
13853,38397,false,0.891232
13855,15204,false,0.181984
13855,36712,false,0.762785
13855,41973,false,0.684933
13855,48414,false,0.704207
13855,58209,false,0.74642
13856,25207,false,0.384966
13856,30395,false,0.123821
13856,35707,false,0.926568
13856,48456,false,0.70447
13857,27694,false,0.057142
13857,54554,false,0.813449
13857,55515,false,0.051377
13858,12598,false,0.376064
13858,18972,false,0.386044
13858,45241,false,0.716779
13859,10224,false,0.002648
13859,16947,false,0.697348
13859,17239,false,0.674678
13859,41756,false,0.815232
13859,41872,false,0.762206
13859,43466,false,0.628249
13860,17025,false,0.209924
13860,36829,false,0.482248
13860,48380,false,0.242099
13860,53622,false,0.396339
13860,56074,false,0.79649
13861,14901,false,0.267536
13862,51629,false,0.149547
13863,26303,false,0.320812
13863,41269,false,0.22533
13864,22320,false,0.618395
13864,27773,false,0.03342
13864,39416,false,0.694126
13865,32404,false,0.353668
13865,45851,false,0.555971
13866,12608,false,0.501221
13866,40908,false,0.411206
13867,13356,false,0.926656
13867,24007,false,0.267589
13867,36311,false,0.132774
13867,59026,false,0.150974
13868,22425,false,0.374656
13868,33808,false,0.70733
13868,40366,false,0.819488
13868,43476,false,0.800957
13869,22478,false,0.190256
13869,38846,false,0.540649
13870,59633,false,0.152799
13871,13024,false,0.878079
13871,45855,false,0.734188
13871,51000,false,0.24025
13872,36728,false,0.867866
13872,43414,false,0.03033
13873,13157,false,0.611828
13873,17013,false,0.481471
13873,18201,false,0.69608
13873,50261,false,0.086119
13874,11044,false,0.534107
13874,34487,false,0.653538
13874,44976,false,0.609218
13875,24482,false,0.424657
13875,30470,false,0.42936
13875,45981,false,0.385816
13875,53276,false,0.050034
13876,14226,false,0.953146
13876,24757,false,0.210661
13876,30706,false,0.693439
13876,34205,false,0.230518
13876,34474,false,0.77927
13876,53253,false,0.455453
13876,54249,false,0.622498
13877,23144,false,0.067946
13877,59233,false,0.986394
13878,15448,false,0.327353
13878,55780,false,0.056088
13879,12152,false,0.630051
13879,25477,false,0.449513
13879,26692,false,0.332298
13880,14153,false,0.855505
13881,23792,false,0.257324
13881,29756,false,0.238584
13881,41911,false,0.753546
13882,15017,false,0.885727
13882,30386,false,0.37389
13882,54039,false,0.791788
13882,54406,false,0.826519
13884,41190,false,0.467167
13884,55105,false,0.351739
13885,12395,false,0.25103
13885,29320,false,0.600528
13887,41070,false,0.954192
13887,46550,false,0.870933
13888,45569,false,0.297158
13889,46309,false,0.792297
13890,17911,false,0.001625
13891,24349,false,0.873192
13891,48336,false,0.503006
13892,13677,false,0.344978
13892,19148,false,0.358979
13892,23126,false,0.141141
13892,30835,false,0.377718
13892,36167,false,0.432086
13892,51083,false,0.126968
13892,54369,false,0.691132
13893,35664,false,0.215669
13894,13357,false,0.050728
13895,11641,false,0.820538
13895,22422,false,0.539925
13895,35213,false,0.777377
13895,54894,false,0.879951
13896,31854,false,0.771679
13896,35075,false,0.274412
13896,39683,false,0.555969
13896,48277,false,1.004793
13898,20926,false,0.936969
13898,37453,false,0.741443
13898,58523,false,0.888298
13899,12713,false,0.001881
13899,28219,false,0.495446
13899,45191,false,0.695104
13899,50697,false,0.25712
13900,51277,false,0.638469
13901,609,true,0.853545
13901,1706,true,0.028629
13901,13275,false,0.306628
13901,19703,false,0.631931
13901,44384,false,0.810171
13902,187,true,0.819835
13902,290,true,0.092842
13902,707,true,0.135681
13902,12771,false,0.287354
13902,13336,false,0.699204
13902,25361,false,0.388117
13902,36047,false,0.694242
13902,49575,false,0.900447
13903,176,true,0.794895
13904,741,true,0.553948
13904,1618,true,0.150942
13904,25841,false,0.491962
13904,28482,false,0.461709
13904,46697,false,0.591383
13905,16249,false,0.567341
13906,13406,false,0.253348
13906,29425,false,0.979438
13906,58411,false,0.101293
13907,773,true,0.587132
13908,82,true,0.777345
13908,1491,true,0.227669
13908,1873,true,0.991714
13908,11557,false,0.959857
13908,30050,false,0.805136
13909,15594,false,0.99919
13910,15634,false,0.021089
13911,18,true,0.613779
13911,104,true,0.284128
13911,31776,false,0.622759
13911,39876,false,0.869741
13911,41861,false,0.49413
13913,3008,true,0.509379
13913,19088,false,0.176862
13914,3702,true,1.002534
13914,25750,false,0.755372
13914,59303,false,0.682313
13915,117,true,0.866609
13915,574,true,0.954251
13915,1086,true,0.234704
13915,1668,true,0.641468
13915,3464,true,0.655824
13915,20708,false,0.24041
13915,21148,false,0.494275
13915,54055,false,0.895325
13916,1281,true,0.068567
13916,1986,true,0.286886
13916,3476,true,0.079691
13916,23247,false,0.895757
13916,57354,false,0.136938
13916,57874,false,0.053316
13917,22992,false,0.805118
13917,30015,false,0.343783
13917,55919,false,0.640768
13918,37321,false,0.998595
13919,14969,false,0.492758
13919,51348,false,0.628333
13920,1557,true,0.027783
13920,2002,true,0.180909
13920,3046,true,0.639257
13920,24350,false,0.728539
13920,37041,false,0.148749
13921,1371,true,0.08116
13921,28030,false,0.472834
13921,58350,false,0.516483
13922,3583,true,0.53987
13922,16026,false,0.684428
13922,22217,false,0.046555
13922,25306,false,0.26744
13922,25603,false,0.796006
13922,26512,false,0.97831
13922,29026,false,0.926979
13922,35421,false,0.27013
13922,59538,false,0.9765
13923,504,true,0.750547
13923,753,true,0.611314
13923,14617,false,0.07033
13923,33783,false,0.953936
13924,929,true,0.396195
13924,3436,true,0.310946
13924,3492,true,0.079224
13924,6653,true,0.536864
13924,6849,true,1.017467
13924,21693,false,0.191659
13924,27790,false,0.166622
13924,54518,false,0.281342
13925,3234,true,0.716861
13925,3451,true,0.906352
13925,19093,false,0.878803
13925,38173,false,0.937683
13925,51711,false,0.54288
13925,52665,false,0.893754
13927,1003,true,0.834576
13927,6430,true,1.018169
13927,26543,false,0.342765
13927,43371,false,0.14131
13927,54547,false,0.489752
13928,987,true,0.481369
13928,10034,false,0.055078
13928,19735,false,0.36666
13928,31087,false,0.571028
13928,32073,false,0.616658
13928,44353,false,0.892662
13928,47196,false,1.017702
13928,54575,false,0.438261
13929,373,true,0.260778
13929,30636,false,0.722367
13929,55234,false,0.87036
13930,3817,true,0.441532
13930,21284,false,0.504189
13930,41314,false,0.209473
13930,49775,false,0.825799
13930,51922,false,0.313986
13931,3488,true,0.993964
13931,3553,true,0.114207
13931,50295,false,0.391595
13932,3816,true,0.399575
13933,986,true,0.685516
13933,3796,true,0.635231
13933,6368,true,0.473478
13933,28441,false,0.504846
13933,37208,false,0.556665
13933,38509,false,0.659883
13933,56632,false,0.948799
13934,6384,true,0.094986
13934,29417,false,0.973727
13934,31670,false,0.283518
13935,3704,true,0.310476
13935,3711,true,0.277447
13935,3865,true,0.818487
13935,12823,false,0.776522
13935,28282,false,0.806025
13935,54771,false,0.869503
13936,317,true,0.875038
13936,3683,true,0.488954
13936,6264,true,0.462208
13936,6651,true,0.022806
13936,25795,false,0.683789
13936,38268,false,0.322944
13936,45949,false,0.980303
13937,6507,true,0.378871
13937,11959,false,0.938839
13938,978,true,0.855051
13938,3170,true,0.133742
13938,6966,true,0.199299
13938,43438,false,0.006884
13939,6294,true,0.876834
13939,6734,true,0.272964
13939,41425,false,0.599452
13940,850,true,0.706318
13940,6709,true,0.593097
13940,38469,false,0.501912
13941,298,true,0.414478
13941,3905,true,0.911649
13941,3938,true,0.065391
13941,6558,true,0.110598
13941,17466,false,0.820697
13941,38212,false,0.816002
13941,49939,false,0.738099
13942,3977,true,0.507362
13942,6425,true,0.877327
13942,51618,false,0.508207
13942,57679,false,0.70417
13943,463,true,0.403951
13943,3263,true,0.613479
13943,3801,true,0.239947
13943,3848,true,0.493926
13943,38866,false,0.682228
13943,59419,false,0.249623
13944,711,true,0.4772
13944,3485,true,0.294426
13944,26001,false,0.928897
13944,37576,false,0.868268
13945,981,true,0.811633
13945,53664,false,0.159267
13946,3368,true,0.436569
13946,3374,true,0.459801
13946,3836,true,0.251899
13946,6741,true,0.93205
13946,6910,true,0.962114
13946,24197,false,0.569797
13946,34150,false,0.286498
13946,36125,false,0.017466
13946,48269,false,0.490302
13947,6259,true,0.32996
13947,6402,true,0.985289
13947,6524,true,0.943325
13947,22726,false,0.951105
13948,759,true,0.875806
13948,3684,true,0.54325
13948,3768,true,0.429246
13948,6774,true,0.536288
13948,25293,false,0.144727
13949,3430,true,0.209133
13949,6067,true,0.892918
13950,363,true,0.404299
13950,3177,true,0.261337
13950,3571,true,0.780353
13950,15317,false,1.005736
13950,23232,false,0.310407
13950,31286,false,0.732675
13950,32119,false,0.823885
13950,38306,false,0.680756
13951,3254,true,0.606683
13951,3666,true,0.645948
13951,21715,false,0.744378
13951,41971,false,0.054075
13951,59526,false,0.705968
13952,210,true,0.81061
13952,3778,true,0.534477
13952,14258,false,0.895282
13952,30661,false,0.941176
13952,54209,false,0.08977
13953,448,true,0.022305
13953,45828,false,0.791897
13953,57219,false,0.585662
13954,3845,true,1.00631
13954,26646,false,0.138482
13954,35824,false,1.067876
13954,44762,false,0.929949
13954,49608,false,0.258479
13955,1522,true,0.555635
13955,3387,true,0.929288
13955,22931,false,0.660016
13955,34942,false,0.107275
13955,35653,false,0.791787
13956,315,true,0.551917
13956,3073,true,0.43995
13956,3265,true,0.9552
13957,601,true,0.789279
13957,1332,true,1.006737
13957,1730,true,0.419388
13957,11163,false,0.570212
13957,28890,false,0.815477
13957,51679,false,0.517274
13958,1043,true,0.99059
13958,3205,true,0.690196
13958,8408,true,0.655107
13959,3579,true,1.004174
13959,8485,true,0.069337
13959,8625,true,0.292812
13959,21845,false,0.737002
13959,33331,false,0.756337
13960,3876,true,0.978282
13960,8196,true,0.111983
13960,8769,true,0.797729
13960,11965,false,0.270392
13960,47082,false,0.715553
13961,8575,true,0.662761
13961,59045,false,0.347684
13962,598,true,0.272654
13962,997,true,0.155462
13962,1239,true,0.81139
13962,3223,true,0.045134
13962,24927,false,0.01432
13963,97,true,0.832939
13963,1880,true,0.743287
13963,8280,true,0.465143
13963,25172,false,0.504963
13963,26390,false,0.072676
13964,800,true,0.169078
13964,1274,true,0.452009
13964,3018,true,0.188358
13964,8354,true,0.680956
13964,20044,false,0.161226
13964,40041,false,0.706737
13964,41160,false,0.473024
13965,1360,true,0.544832
13965,27011,false,0.193667
13965,41680,false,0.686614
13965,50423,false,0.209277
13965,58225,false,1.004738
13966,8165,true,0.762454
13966,16205,false,0.221669
13966,36329,false,0.243911
13966,42736,false,0.802549
13966,44472,false,0.910152
13967,72,true,0.445118
13967,3748,true,0.345958
13967,8178,true,0.525422
13967,16055,false,0.919944
13967,21331,false,0.102871
13968,3255,true,0.560363
13968,3422,true,0.19648
13968,10655,false,0.462859
13969,943,true,0.726898
13969,8795,true,0.376546
13969,24368,false,0.322951
13970,1600,true,0.52407
13970,3825,true,0.533617
13970,29916,false,0.495817
13971,112,true,0.760512
13971,748,true,0.323413
13971,3090,true,0.103667
13971,30446,false,0.178359
13971,32102,false,0.234773
13972,1166,true,0.801799
13972,3213,true,0.281142
13972,29578,false,0.840876
13972,33084,false,0.472563
13973,570,true,0.518154
13973,650,true,0.093391
13973,1093,true,0.924591
13973,23281,false,0.991392
13973,38564,false,0.925495
13973,49474,false,0.898276
13974,1453,true,0.027922
13974,3424,true,1.003567
13974,49858,false,0.628135
13974,58748,false,0.650382
13975,1432,true,0.616141
13975,3895,true,0.257745
13975,29650,false,0.95666
13976,466,true,0.450485
13976,622,true,0.287812
13976,1380,true,0.596513
13976,3288,true,0.463041
13976,3383,true,0.459822
13976,31606,false,0.185111
13976,36938,false,0.414631
13977,1072,true,0.255844
13977,1410,true,0.460171
13977,3080,true,0.409436
13977,3925,true,0.768104
13977,11634,false,0.454899
13977,22228,false,0.023714
13977,44260,false,0.86054
13977,50554,false,0.230729
13978,3032,true,0.77704
13978,3929,true,0.18699
13978,8914,true,0.420953
13979,1721,true,0.773098
13980,214,true,0.244466
13980,442,true,0.548901
13980,743,true,0.512012
13980,885,true,0.948379
13980,8577,true,0.118098
13980,15221,false,0.83409
13980,32106,false,0.36284
13981,41036,false,0.7295
13982,1769,true,0.262556
13982,40586,false,0.608563
13983,3935,true,0.718996
13983,17990,false,0.091603
13983,31882,false,0.477986
13983,35744,false,0.595429
13983,48939,false,0.522342
13983,57791,false,0.086617
13984,1904,true,0.683206
13984,3020,true,0.376998
13984,3629,true,0.04221
13984,3688,true,0.022803
13984,40658,false,0.171155
13984,42728,false,0.602678
13985,30739,false,0.265208
13985,55404,false,0.485276
13986,20727,false,0.075412
13986,28142,false,0.055277
13987,17868,false,0.25199
13987,23933,false,0.67528
13987,29762,false,0.812486
13987,48465,false,6.58E-4
13989,32209,false,0.908282
13989,59182,false,0.21613
13990,25119,false,0.265089
13990,25383,false,0.263189
13991,15627,false,0.03115
13991,33173,false,0.589843
13992,49078,false,0.171597
13993,23932,false,0.554144
13994,10892,false,0.36604
13994,35248,false,0.442336
13996,44463,false,0.45512
14000,50062,false,0.945903
14001,24205,false,0.459882
14001,27031,false,0.95875
14001,41295,false,0.331521
14001,46663,false,0.675701
14001,56441,false,0.926211
14003,14413,false,0.074217
14003,31307,false,0.642078
14003,55907,false,0.121773
14004,19499,false,0.403974
14004,34787,false,0.876044
14004,36018,false,0.210997
14004,39151,false,0.829241
14005,17038,false,0.47328
14005,24876,false,0.250769
14005,41054,false,0.06939
14005,56585,false,0.897172
14006,41418,false,0.157524
14006,49150,false,0.26895
14007,22073,false,0.760475
14007,24830,false,0.664145
14007,29017,false,0.232516
14007,29030,false,0.22874
14007,32953,false,0.327393
14007,39654,false,0.901214
14007,46546,false,0.977406
14008,28475,false,0.00212
14008,37304,false,0.489026
14008,55303,false,0.983206
14008,59661,false,0.537398
14009,10754,false,0.372507
14009,32362,false,0.653961
14009,52590,false,0.550234
14010,17849,false,0.131486
14010,18350,false,0.238663
14010,36419,false,0.409423
14010,41298,false,0.367459
14010,52896,false,0.702367
14010,56489,false,0.767401
14011,13137,false,0.206216
14011,24718,false,0.755552
14011,35361,false,0.458374
14011,43067,false,0.697081
14013,16502,false,0.747943
14013,23444,false,0.359302
14013,30532,false,0.527083
14013,52333,false,0.973802
14013,57088,false,0.508831
14014,10203,false,0.306911
14014,16966,false,0.603493
14014,55669,false,0.005751
14015,12918,false,0.439044
14015,16097,false,0.110439
14015,51145,false,0.340505
14019,24625,false,0.362858
14019,27903,false,0.786223
14019,37110,false,0.90687
14019,58931,false,0.918523
14021,36464,false,0.867916
14022,58956,false,0.601501
14023,17145,false,0.295778
14023,18776,false,0.983199
14024,24160,false,0.20066
14024,25971,false,0.015623
14024,51431,false,0.713366
14025,19185,false,0.93686
14025,30969,false,0.261915
14025,39255,false,0.62021
14026,14323,false,0.321543
14027,50696,false,0.883281
14027,58648,false,0.641164
14028,18726,false,1.002191
14028,28208,false,0.859011
14029,12110,false,0.20347
14029,24201,false,0.850631
14029,40532,false,0.891204
14029,42614,false,0.023991
14030,30954,false,0.215398
14030,38718,false,0.0012
14030,42596,false,0.91784
14032,146,true,0.836843
14032,1941,true,1.011957
14033,778,true,0.483801
14033,1234,true,0.624156
14033,1679,true,0.054047
14033,46996,false,0.054606
14034,487,true,0.472822
14034,1924,true,0.303957
14034,1927,true,0.097677
14034,30034,false,0.927007
14034,52498,false,0.633906
14035,71,true,0.734328
14035,904,true,0.83216
14035,25856,false,0.822105
14035,26216,false,1.011857
14035,34885,false,0.600392
14036,413,true,0.518441
14036,1556,true,0.924018
14036,1738,true,0.502391
14036,12048,false,0.396697
14036,48624,false,0.214192
14037,140,true,0.111176
14037,1197,true,0.562586
14037,1302,true,0.950316
14037,1942,true,0.998756
14037,15947,false,0.236406
14037,22173,false,0.231771
14037,28369,false,0.185504
14037,58926,false,1.005597
14038,799,true,0.639405
14038,25110,false,0.838293
14039,141,true,0.642778
14039,1238,true,0.273641
14039,14105,false,0.848504
14039,27853,false,0.670307
14039,31248,false,0.233556
14039,49965,false,0.874239
14039,54141,false,0.039467
14040,1006,true,0.359551
14040,10269,false,0.243947
14040,13818,false,0.090757
14040,48710,false,0.59939
14040,56204,false,0.298753
14041,908,true,1.013676
14041,1002,true,0.934992
14041,11772,false,0.5799
14041,19335,false,0.394693
14041,33847,false,0.619558
14041,52462,false,0.836313
14043,19125,false,0.323157
14043,39493,false,0.850207
14043,53754,false,0.959041
14044,33521,false,0.900448
14044,40014,false,0.946197
14044,58343,false,0.488716
14045,953,true,0.911126
14045,1177,true,0.578738
14045,11443,false,0.451855
14045,20841,false,0.192063
14046,25707,false,0.474282
14046,33767,false,0.43576
14047,537,true,0.68734
14047,1713,true,0.911561
14047,1852,true,0.845828
14047,55424,false,0.261485
14047,56403,false,0.237239
14047,56430,false,0.006049
14048,405,true,0.231562
14048,22937,false,0.561107
14048,28635,false,0.298305
14048,32055,false,0.558125
14048,50214,false,0.330873
14049,16,true,0.489346
14049,142,true,1.00417
14049,23854,false,0.829048
14049,50165,false,0.32204
14049,59238,false,1.014949
14050,20681,false,0.413117
14050,36011,false,0.976168
14050,37291,false,0.489053
14050,47185,false,0.45234
14051,13467,false,0.021853
14051,55287,false,0.047912
14053,1105,true,0.22893
14053,10948,false,0.082671
14053,12384,false,0.616244
14053,28624,false,0.272655
14053,32214,false,0.28834
14054,10678,false,0.362093
14054,11002,false,0.383095
14054,17395,false,0.534122
14054,52771,false,0.673131
14055,6118,true,0.290587
14055,36566,false,0.941739
14056,6840,true,0.054883
14056,6947,true,0.892715
14056,14494,false,0.17236
14056,18823,false,0.601196
14057,37630,false,0.866429
14058,19372,false,0.480358
14058,28918,false,0.279341
14058,50357,false,0.824608
14059,6045,true,0.083968
14059,6562,true,0.597367
14060,11997,false,0.742317
14060,12282,false,0.9609
14060,29509,false,0.095872
14060,31443,false,0.964124
14060,58048,false,0.946059
14060,59702,false,0.708934
14061,56300,false,1.005567
14062,46053,false,0.106312
14063,6090,true,0.221636
14063,6676,true,0.394736
14063,12660,false,0.943989
14063,29064,false,0.560781
14063,38845,false,0.109156
14064,59376,false,0.665463
14065,6716,true,0.663308
14065,6842,true,0.204968
14065,27632,false,0.222029
14066,6838,true,0.600733
14066,13347,false,0.216171
14066,19594,false,0.64748
14066,22875,false,0.689377
14066,23122,false,0.628036
14066,27235,false,0.759561
14066,39832,false,0.529769
14067,6919,true,0.513859
14067,12454,false,0.84033
14067,18225,false,0.635069
14067,25212,false,0.162412
14068,6361,true,0.766789
14068,23276,false,0.811933
14068,24658,false,0.934024
14068,30800,false,0.507366
14068,54971,false,0.194382
14069,21350,false,0.872214
14069,29623,false,0.529497
14070,16216,false,0.87689
14070,31103,false,0.401874
14070,31181,false,0.508913
14070,34447,false,0.058455
14071,6535,true,0.352498
14071,6635,true,0.811961
14071,22002,false,0.914218
14071,29813,false,0.74609
14071,33365,false,0.205696
14071,39454,false,0.156739
14071,42954,false,0.614137
14071,52696,false,0.09819
14071,58430,false,0.80974
14072,6034,true,0.566864
14072,25225,false,0.873103
14072,27636,false,0.478804
14073,6916,true,0.12377
14073,24187,false,0.155976
14073,31414,false,0.216004
14073,48856,false,0.590911
14074,13989,false,1.01041
14074,31477,false,0.112868
14074,41981,false,0.364851
14075,6678,true,0.923698
14075,6701,true,0.046894
14075,6813,true,0.549118
14075,11131,false,0.605394
14075,19637,false,0.117909
14076,6360,true,0.147933
14076,6460,true,0.56686
14076,22472,false,0.329948
14076,29142,false,0.946426
14078,6242,true,0.156219
14078,6296,true,0.20875
14078,6401,true,0.209784
14078,29073,false,0.680222
14078,33066,false,0.705948
14079,6047,true,0.12053
14079,35710,false,0.834134
14079,54280,false,0.882964
14080,53445,false,0.793098
14081,6831,true,0.555785
14082,6759,true,0.696354
14082,6826,true,0.514564
14082,12538,false,0.875639
14082,25425,false,0.309435
14082,49056,false,0.147479
14082,49436,false,0.874668
14083,16957,false,0.076681
14084,29093,false,0.848289
14085,57716,false,0.63863
14086,19471,false,0.777043
14086,51259,false,0.731984
14086,57666,false,0.911427
14087,20742,false,0.347977
14088,6414,true,0.747329
14088,12177,false,0.588351
14088,33197,false,0.546105
14088,37138,false,0.250342
14088,53417,false,0.985586
14089,21031,false,0.076839
14089,32667,false,0.014303
14090,6572,true,0.890643
14090,6859,true,0.164929
14090,10700,false,0.21188
14090,14587,false,0.161936
14090,18807,false,0.562664
14090,55666,false,0.82472
14091,12983,false,0.424307
14091,34420,false,0.512152
14091,42300,false,0.070017
14092,6529,true,0.148485
14092,14512,false,0.480983
14092,39651,false,0.987696
14092,49113,false,0.389603
14092,49426,false,0.382174
14092,59956,false,0.775165
14093,6605,true,0.391634
14093,10057,false,0.506539
14093,47933,false,0.907617
14094,15554,false,0.577604
14094,52107,false,0.124247
14095,6085,true,0.842324
14095,10628,false,0.901306
14095,51264,false,0.459947
14096,6753,true,0.547696
14096,31408,false,0.604485
14096,44282,false,0.147833
14097,20490,false,0.520966
14097,45886,false,0.003978
14097,56652,false,0.026634
14098,6271,true,0.307722
14099,23373,false,0.100581
14099,26700,false,0.998117
14099,46271,false,0.336671
14099,46905,false,0.958341
14100,6044,true,0.114851
14100,45857,false,0.317568
14100,52509,false,0.99509
14101,59461,false,0.293142
14102,10757,false,8.99E-4
14102,16823,false,0.685354
14103,12911,false,0.193994
14103,27429,false,0.439458
14103,31901,false,0.005582
14104,53478,false,0.661367
14105,6526,true,0.399773
14105,35646,false,0.152895
14105,45377,false,0.173318
14106,6185,true,0.448834
14106,15365,false,0.788211
14106,51560,false,0.64097
14106,52423,false,0.756605
14107,6035,true,0.465281
14107,6513,true,0.034817
14107,6590,true,0.381608
14107,10731,false,0.822919
14107,19615,false,0.765623
14108,6131,true,0.079374
14108,6349,true,0.39025
14108,41092,false,0.001171
14109,6254,true,0.02231
14109,6545,true,0.923148
14110,18917,false,0.816548
14110,21794,false,0.594074
14110,53817,false,0.50865
14110,54714,false,0.288729
14111,6214,true,0.832233
14111,6324,true,0.884743
14111,33171,false,0.008663
14111,33995,false,0.331213
14112,6150,true,0.465732
14112,6695,true,0.978451
14112,16681,false,0.257927
14112,51367,false,0.107515
14113,6052,true,0.983048
14113,22176,false,0.332164
14113,56036,false,0.288317
14113,56985,false,0.744988
14114,11585,false,0.219401
14114,30112,false,0.741839
14114,30229,false,0.084167
14114,38603,false,0.064941
14114,40725,false,1.007534
14114,51699,false,0.200497
14114,59509,false,0.992324
14115,17068,false,0.552646
14115,46888,false,0.866361
14116,6011,true,0.544168
14116,28754,false,0.989773
14116,33982,false,0.36311
14116,46795,false,0.259412
14117,9415,true,0.430718
14117,18860,false,0.237285
14117,32189,false,0.687125
14118,6835,true,0.652069
14118,9335,true,0.394377
14118,21134,false,0.746253
14119,6298,true,0.868672
14119,6563,true,0.693306
14119,9026,true,1.00485
14119,9348,true,0.180458
14119,9370,true,0.194801
14119,9981,true,0.007416
14119,13560,false,0.18485
14119,17363,false,0.742418
14119,24798,false,0.088834
14120,6124,true,0.529459
14120,6815,true,0.759564
14120,6981,true,0.908728
14120,35850,false,0.923553
14121,9234,true,0.755627
14121,10764,false,0.840924
14121,13779,false,0.181701
14121,41285,false,0.973901
14121,50939,false,0.177005
14121,57459,false,1.010864
14122,6649,true,0.718719
14122,9424,true,0.378239
14122,14473,false,0.542051
14123,9204,true,0.740079
14123,9328,true,0.397917
14123,15406,false,0.355575
14123,45268,false,0.943274
14123,56100,false,0.548657
14124,6902,true,0.925687
14124,9983,true,1.005868
14124,10927,false,0.725448
14124,23711,false,0.213888
14124,36350,false,0.144491
14124,59368,false,0.925871
14125,9647,true,0.255331
14125,27842,false,0.750383
14125,29987,false,0.862545
14126,23001,false,0.070831
14126,29070,false,0.34146
14126,55872,false,0.899777
14127,31896,false,0.521772
14127,43614,false,0.231819
14128,35111,false,0.931317
14129,14523,false,0.926953
14129,41574,false,0.948509
14131,53435,false,0.921544
14132,17303,false,0.931487
14132,24292,false,0.749099
14132,28667,false,0.212599
14133,1241,true,0.096558
14133,19929,false,0.450563
14133,36184,false,0.896935
14133,38678,false,0.887764
14134,10111,false,0.463467
14134,13207,false,0.800203
14134,16111,false,0.08969
14134,21414,false,0.692308
14134,55189,false,0.722893
14135,1520,true,0.4928
14135,1710,true,0.391605
14135,56992,false,0.974114
14136,26796,false,0.785637
14136,35322,false,0.041651
14136,51530,false,0.618443
14136,54928,false,0.225852
14137,1447,true,0.495502
14137,27275,false,0.672574
14138,40894,false,0.745938
14139,30454,false,0.178393
14140,1185,true,0.334489
14140,46944,false,0.153184
14140,55881,false,0.93589
14141,31841,false,0.945594
14141,41231,false,0.626269
14141,43818,false,0.560637
14141,49397,false,0.703438
14141,51124,false,0.917571
14142,1851,true,0.839017
14142,19082,false,0.696071
14142,22712,false,0.089072
14142,41442,false,0.453244
14143,1460,true,0.737723
14143,18513,false,0.054653
14143,25488,false,0.68741
14143,35288,false,0.255295
14143,41949,false,0.767277
14144,1982,true,0.117622
14144,58809,false,0.128555
14145,1064,true,0.478717
14145,13166,false,0.143291
14145,15037,false,0.916741
14145,15673,false,0.177536
14145,22795,false,0.270397
14145,24842,false,0.63874
14145,47294,false,0.449203
14146,39792,false,0.650418
14146,47523,false,0.373216
14147,1038,true,0.268021
14147,14693,false,0.83238
14147,21889,false,0.283992
14147,26473,false,0.448917
14148,26031,false,0.216713
14148,56304,false,0.805833
14149,29835,false,0.172335
14150,18764,false,0.331541
14150,48742,false,0.302576
14151,1614,true,0.68598
14151,50311,false,0.111551
14151,54004,false,0.270516
14151,54945,false,0.752581
14152,22560,false,0.203412
14153,16131,false,0.70565
14153,57556,false,0.980777
14154,1464,true,0.835279
14154,1717,true,0.489078
14154,17339,false,0.301884
14154,20533,false,0.968928
14154,22766,false,0.986947
14154,48900,false,0.599449
14155,14440,false,0.537554
14155,35103,false,0.38506
14155,45659,false,0.131604
14156,1329,true,0.490472
14156,21257,false,0.284256
14156,26206,false,0.763694
14156,29552,false,0.144122
14156,38229,false,0.947712
14156,41001,false,0.966026
14157,13559,false,0.620297
14157,40583,false,0.058512
14158,24504,false,0.151761
14159,26441,false,0.489687
14159,49997,false,0.167629
14160,1677,true,0.896703
14160,18239,false,0.351704
14160,21498,false,0.636296
14161,1060,true,0.962424
14161,16626,false,0.791355
14161,33416,false,0.760825
14161,47632,false,0.521326
14161,57519,false,0.938103
14162,19570,false,0.696921
14162,21246,false,0.161045
14162,43915,false,0.7043
14162,56926,false,0.647815
14163,16631,false,0.839705
14163,19126,false,0.395321
14163,27323,false,0.084971
14164,1508,true,0.173238
14164,25715,false,0.080525
14165,55524,false,0.754206
14165,57281,false,0.901282
14166,24535,false,0.504411
14166,34754,false,0.280575
14166,39328,false,0.64328
14166,52214,false,0.155636
14167,1110,true,0.739674
14167,11436,false,0.012873
14167,26999,false,0.595397
14168,17224,false,0.502932
14168,34488,false,0.324408
14168,42220,false,0.823805
14168,47147,false,0.62961
14169,24446,false,0.817853
14169,26802,false,0.36121
14169,27309,false,0.457531
14169,27375,false,0.328924
14170,33711,false,0.570098
14170,44064,false,0.625031
14170,56649,false,0.699009
14171,36262,false,1.012939
14171,37689,false,0.091563
14172,46548,false,0.630162
14172,57244,false,0.323099
14173,1693,true,0.075802
14173,14880,false,0.716471
14173,22471,false,0.289836
14173,24645,false,0.50589
14173,35286,false,0.234542
14174,59717,false,0.987423
14175,47371,false,0.074378
14176,19156,false,0.706862
14176,19222,false,0.042109
14176,26255,false,0.256031
14177,19693,false,0.311693
14179,35374,false,0.552896
14180,1192,true,0.695163
14181,52226,false,0.818983
14182,1375,true,0.652868
14182,14162,false,0.469847
14182,17943,false,0.561832
14182,22020,false,0.589743
14182,28388,false,0.60552
14182,29318,false,0.150477
14183,28618,false,0.167441
14183,41202,false,0.78676
14184,45706,false,0.091161
14184,48198,false,0.210968
14185,1893,true,0.256052
14185,20705,false,0.756486
14185,25526,false,0.232385
14186,35201,false,0.271196
14186,53625,false,0.109444
14187,20504,false,0.215161
14187,25363,false,0.031382
14187,28281,false,0.332741
14187,41061,false,0.747937
14187,45054,false,0.79278
14187,53576,false,0.866196
14188,1062,true,0.329136
14188,14235,false,1.024231
14188,16448,false,0.470439
14188,20978,false,0.774651
14189,1028,true,0.994299
14189,18243,false,0.756781
14189,53496,false,0.533252
14189,59258,false,0.970014
14191,21324,false,0.333528
14191,29826,false,0.404178
14191,53396,false,0.649898
14191,59873,false,0.513825
14192,45685,false,0.780268
14193,42076,false,0.726594
14193,43660,false,0.07539
14193,58704,false,0.672814
14194,2003,true,0.967128
14194,17778,false,0.296489
14194,45614,false,0.389611
14194,58980,false,0.070997
14195,1925,true,0.879988
14195,39170,false,0.7725
14195,48793,false,0.377167
14196,11949,false,0.66767
14196,32065,false,0.605578
14196,42110,false,0.739882
14197,20320,false,0.120338
14197,24459,false,0.940636
14197,36789,false,0.98732
14197,40751,false,0.348592
14197,49200,false,0.628207
14198,1635,true,0.125057
14198,35036,false,0.732645
14198,59057,false,0.527955
14199,1330,true,0.879747
14200,36961,false,0.849289
14201,1757,true,0.748855
14201,24140,false,0.177794
14201,27536,false,0.248089
14202,41812,false,0.211259
14203,19746,false,0.047652
14203,42477,false,0.464675
14203,51067,false,0.508689
14203,59370,false,0.196119
14204,29314,false,0.226026
14204,45093,false,0.337524
14205,6625,true,0.231722
14205,37298,false,0.475548
14206,6041,true,0.376479
14206,6197,true,0.682701
14206,35753,false,0.583362
14206,47417,false,0.859079
14207,11749,false,0.864399
14207,34494,false,0.419531
14207,37390,false,0.704407
14208,6154,true,0.898877
14208,6317,true,0.643091
14208,6708,true,0.998483
14209,6385,true,0.777936
14209,20895,false,0.574582
14209,37761,false,0.19525
14210,35763,false,0.483738
14210,53676,false,0.915053
14211,14547,false,0.487379
14211,51019,false,0.721708
14212,52873,false,0.695252
14212,54473,false,0.899363
14213,14857,false,0.578623
14214,6117,true,0.349944
14214,6782,true,0.335947
14214,12818,false,0.82707
14214,15213,false,0.732876
14214,40017,false,0.160334
14214,50910,false,0.513885
14214,53122,false,0.719174
14215,6038,true,0.399454
14215,6260,true,0.4736
14215,48008,false,0.957449
14215,59389,false,0.068605
14216,6856,true,0.089753
14216,14753,false,0.207028
14216,21544,false,0.751753
14217,36493,false,0.729991
14217,40736,false,0.545024
14217,58543,false,0.875666
14218,25171,false,0.879188
14218,38532,false,0.439414
14219,770,true,0.929811
14219,6457,true,0.460895
14219,6880,true,0.041033
14219,39747,false,0.621439
14220,6240,true,0.904145
14220,6281,true,0.66444
14220,6423,true,0.160335
14220,6896,true,0.737631
14220,46828,false,0.749816
14220,54847,false,1.009611
14221,436,true,1.009061
14221,20450,false,0.012032
14221,38034,false,0.377645
14221,50738,false,0.635383
14222,21211,false,0.651837
14223,1608,true,0.90913
14223,3930,true,0.007834
14223,39145,false,0.688996
14223,54483,false,0.871333
14224,1555,true,0.051368
14224,3105,true,0.470422
14224,18198,false,0.271716
14224,34409,false,1.036873
14225,3153,true,0.734359
14225,12807,false,0.688366
14225,14502,false,0.25912
14225,28808,false,0.239158
14225,50858,false,0.740287
14225,52474,false,0.937682
14226,700,true,0.213729
14226,43447,false,0.630462
14226,59104,false,0.308392
14227,3190,true,0.682524
14227,26323,false,0.670921
14228,481,true,0.947922
14228,11635,false,0.175375
14228,19681,false,0.337545
14228,22862,false,0.917901
14228,34339,false,0.329493
14228,40789,false,0.210753
14228,57916,false,0.534847
14228,58024,false,0.297637
14229,868,true,0.250284
14229,1385,true,0.954842
14229,13697,false,0.301426
14229,44841,false,0.066652
14229,54206,false,0.160245
14229,56298,false,0.898418
14230,3035,true,0.42207
14230,3874,true,0.014479
14230,15552,false,0.610009
14230,46201,false,0.640857
14231,1413,true,0.599492
14231,28644,false,0.716907
14231,32769,false,0.11861
14231,48150,false,0.996509
14232,265,true,0.759503
14232,1567,true,0.588619
14232,49190,false,1.041479
14233,974,true,0.742971
14233,21760,false,0.817206
14234,1284,true,0.683279
14234,20800,false,0.076526
14234,29701,false,0.38351
14234,53992,false,0.599974
14235,39058,false,0.5321
14236,10065,false,0.00328
14236,18341,false,0.370341
14236,31660,false,0.379529
14236,34598,false,0.820905
14236,38123,false,0.541928
14236,50960,false,0.159333
14236,59014,false,0.25566
14237,3412,true,0.886076
14237,3551,true,0.312476
14237,15990,false,0.893607
14237,36138,false,0.04643
14237,52588,false,0.85458
14238,1417,true,0.529593
14238,19516,false,0.975116
14239,88,true,0.21191
14239,39437,false,0.978822
14239,42187,false,0.73943
14239,42696,false,0.786761
14239,53347,false,0.946974
14240,883,true,0.926805
14240,11294,false,0.134535
14240,22902,false,0.753701
14240,50297,false,0.954704
14240,57283,false,0.756206
14241,30425,false,0.03772
14241,59513,false,0.025935
14242,12208,false,0.338836
14242,29738,false,0.11873
14242,33094,false,0.204475
14243,391,true,0.675795
14243,923,true,0.078391
14244,50447,false,0.74519
14245,35623,false,0.431538
14246,20185,false,0.47021
14247,20659,false,0.053855
14247,26333,false,0.848185
14247,44050,false,0.221342
14247,54143,false,0.781586
14247,58021,false,0.740762
14247,59184,false,0.54712
14248,38028,false,0.77023
14248,43162,false,0.123892
14249,17065,false,0.549129
14249,21810,false,0.766486
14249,55820,false,0.109726
14250,1804,true,0.176781
14250,16134,false,0.026914
14250,43945,false,0.754667
14250,48382,false,0.232355
14251,660,true,0.483198
14251,971,true,0.488248
14251,1395,true,0.162103
14251,3900,true,0.881315
14251,8713,true,0.214643
14251,33088,false,0.495975
14251,54374,false,0.434191
14251,59312,false,0.888035
14252,8063,true,0.870514
14252,59442,false,0.975416
14253,421,true,0.538966
14253,1391,true,0.496041
14253,3074,true,0.81116
14253,22590,false,0.737248
14253,32058,false,0.287745
14253,46193,false,0.54894
14253,52379,false,0.555565
14253,59228,false,0.159619
14254,3216,true,0.490059
14254,8805,true,0.722209
14254,50464,false,0.824503
14255,899,true,0.405238
14255,8614,true,0.004964
14255,38274,false,0.08637
14255,45055,false,0.612322
14255,59099,false,0.160118
14256,133,true,0.421309
14256,548,true,0.493398
14256,14815,false,0.564582
14256,20664,false,0.571265
14257,732,true,0.86894
14257,3050,true,0.789324
14257,3452,true,0.054575
14257,33822,false,0.970522
14257,42742,false,0.339972
14258,154,true,0.849935
14258,3831,true,0.749893
14258,16696,false,0.582702
14258,30214,false,0.860752
14258,41878,false,0.834811
14258,43872,false,0.395874
14258,58392,false,0.589167
14259,673,true,0.007003
14259,21547,false,0.813901
14259,39160,false,0.592496
14259,41416,false,0.618532
14259,58533,false,0.339973
14260,1059,true,0.857602
14260,3220,true,0.126098
14260,3312,true,0.828766
14260,14317,false,0.02467
14260,51628,false,0.363829
14261,1979,true,0.023472
14261,3302,true,0.010067
14261,29083,false,0.749076
14261,35544,false,0.214512
14262,3540,true,0.091811
14262,27110,false,0.802299
14262,38997,false,0.323142
14262,56657,false,0.5597
14262,57675,false,0.601413
14263,1680,true,0.266535
14263,15151,false,0.893894
14263,29164,false,0.705944
14264,3718,true,0.807189
14264,35900,false,0.775053
14264,58986,false,0.733911
14265,1543,true,0.212473
14265,3536,true,0.109286
14265,8483,true,0.189904
14265,22864,false,0.606833
14265,31496,false,0.227964
14265,36732,false,0.703787
14265,56007,false,0.727341
14265,57988,false,0.604553
14266,521,true,0.997677
14266,38787,false,0.459999
14266,49736,false,0.305083
14267,129,true,0.666707
14267,34091,false,0.27183
14267,35166,false,0.433602
14267,50133,false,0.447391
14267,50604,false,0.763991
14267,57183,false,0.653598
14268,17151,false,0.485542
14268,46903,false,0.208645
14269,12645,false,1.065379
14269,19802,false,0.624858
14269,28145,false,0.588849
14269,58087,false,0.605639
14269,59693,false,0.538324
14270,18747,false,0.748106
14270,20368,false,0.593447
14270,34916,false,0.674671
14270,37294,false,0.672342
14270,45492,false,0.474255
14271,24284,false,0.19565
14271,25928,false,0.634059
14271,51113,false,0.856006
14272,34115,false,0.362554
14272,48973,false,0.550246
14273,22555,false,0.67772
14273,47608,false,0.542551
14273,59033,false,0.471553
14275,13641,false,0.433196
14275,45561,false,0.749775
14275,53484,false,0.960058
14276,41548,false,0.21112
14277,52453,false,0.911093
14278,27185,false,0.161299
14278,44843,false,0.584086
14279,59849,false,0.469138
14280,49716,false,0.489039
14280,50351,false,0.864707
14281,19221,false,0.714621
14281,25049,false,0.819838
14282,14987,false,0.627023
14282,38597,false,0.89664
14283,1363,true,0.175297
14283,24212,false,0.623289
14283,26305,false,0.443388
14283,30810,false,0.179558
14283,45769,false,0.578814
14284,23409,false,0.018428
14284,23576,false,0.295461
14284,25154,false,0.688718
14284,28443,false,0.783415
14286,1379,true,0.284134
14286,19124,false,0.112224
14286,30957,false,0.605912
14286,40991,false,0.482543
14286,48087,false,0.697365
14286,49038,false,0.588744
14287,1061,true,0.13346
14287,16793,false,0.422487
14287,32046,false,0.696433
14287,49158,false,0.323277
14288,48133,false,0.687724
14289,1908,true,0.338386
14289,49022,false,0.87174
14289,54276,false,0.514625
14290,16690,false,0.287994
14290,20673,false,0.553985
14290,35375,false,0.154389
14291,43003,false,0.893944
14291,44233,false,0.522154
14292,1538,true,0.750693
14292,14028,false,0.144616
14292,22099,false,0.624536
14293,1137,true,0.74369
14293,22119,false,0.255213
14293,50279,false,0.44847
14293,51271,false,0.550018
14293,57924,false,0.972797
14294,36001,false,0.852231
14294,48857,false,0.441006
14294,48882,false,0.160548
14294,53292,false,0.966616
14295,13869,false,0.389465
14295,33524,false,0.646026
14295,40403,false,0.60151
14295,51069,false,0.316093
14296,14713,false,0.68346
14296,26674,false,0.091576
14296,39869,false,0.460503
14296,44659,false,0.308511
14296,47311,false,0.493021
14297,52336,false,0.825514
14298,12334,false,0.232304
14298,18364,false,0.937683
14298,54103,false,0.093575
14298,54932,false,0.587349
14299,23943,false,0.534825
14299,47443,false,0.488394
14299,51589,false,0.973856
14300,24490,false,0.507749
14300,48648,false,0.56864
14300,54520,false,0.788852
14301,896,true,0.46871
14301,3071,true,0.077009
14301,3693,true,0.950391
14301,8869,true,0.228872
14301,26088,false,0.606153
14301,57690,false,0.815723
14302,3075,true,0.099888
14302,3209,true,0.520886
14302,3765,true,0.639909
14302,19697,false,1.001174
14302,47543,false,0.601546
14303,615,true,0.991023
14303,1689,true,0.563945
14303,1715,true,0.39254
14303,3116,true,0.911421
14303,8501,true,0.074756
14303,56613,false,0.259597
14304,3111,true,0.016382
14304,51971,false,0.375885
14305,3947,true,0.035055
14305,8138,true,1.012657
14306,3912,true,0.87911
14306,31178,false,0.923273
14306,58090,false,0.137402
14307,381,true,0.944122
14307,965,true,0.186432
14307,32595,false,0.280277
14307,33775,false,0.011266
14307,58023,false,0.547786
14308,3423,true,0.585704
14308,3626,true,0.275386
14308,10062,false,0.178447
14308,12138,false,0.164946
14308,34364,false,0.222595
14308,35911,false,0.823251
14308,48394,false,0.282149
14309,722,true,0.255586
14309,3934,true,0.300482
14309,42746,false,0.434459
14309,46771,false,0.47759
14310,871,true,0.282002
14310,11512,false,0.470458
14310,16729,false,0.515946
14310,23112,false,0.544419
14310,52078,false,0.565922
14311,73,true,0.872243
14311,3013,true,0.061976
14311,3287,true,0.440726
14311,3322,true,0.261432
14311,3735,true,0.169779
14311,11738,false,0.793065
14311,15288,false,0.495508
14311,53313,false,0.222373
14312,366,true,0.833545
14312,3798,true,0.843352
14312,3902,true,0.544096
14313,3015,true,0.925585
14313,3650,true,0.354629
14314,3707,true,0.576848
14314,23676,false,0.364792
14314,27001,false,0.391535
14314,30154,false,0.717044
14314,39213,false,0.695562
14314,49281,false,0.937495
14314,49688,false,0.756316
14315,1838,true,0.464877
14315,39253,false,0.284452
14315,43386,false,0.31663
14315,50188,false,0.545154
14316,41466,false,0.288637
14317,30726,false,0.941857
14317,37140,false,0.832302
14318,226,true,0.902551
14318,1123,true,0.644085
14318,17959,false,0.098104
14318,18828,false,0.771133
14318,20049,false,0.166623
14318,22930,false,0.50943
14319,1186,true,0.687095
14319,3406,true,0.443126
14319,41470,false,0.328211
14319,58381,false,0.742321
14321,30746,false,0.163749
14322,1575,true,0.463783
14322,1971,true,0.421118
14322,39719,false,0.771098
14322,55451,false,0.495904
14323,29494,false,0.456263
14323,31372,false,0.274975
14323,56787,false,0.873326
14324,1153,true,0.556848
14324,57620,false,0.76297
14324,57923,false,0.534365
14325,1270,true,0.552643
14325,27977,false,0.30594
14325,46240,false,0.833258
14327,50663,false,0.435894
14328,21687,false,0.679834
14328,59725,false,0.30605
14329,46432,false,0.530044
14329,47367,false,0.158028
14331,44502,false,0.290253
14332,13229,false,0.889101
14332,35858,false,0.287788
14332,49256,false,0.581468
14333,37871,false,0.760155
14334,1913,true,0.657185
14334,3038,true,0.192506
14334,3282,true,0.967706
14334,3531,true,0.179286
14334,20425,false,0.643355
14334,31341,false,0.103295
14334,57896,false,0.799998
14334,58193,false,0.971751
14335,3560,true,0.797308
14335,3756,true,0.977002
14335,8867,true,0.841862
14335,10261,false,0.498697
14335,32768,false,0.956843
14335,47109,false,0.715304
14336,1855,true,0.539638
14336,3023,true,0.065862
14336,3514,true,0.198409
14337,238,true,0.591626
14337,244,true,0.7748
14337,617,true,0.173458
14337,924,true,0.49718
14337,1399,true,0.085631
14337,27506,false,0.78357
14337,59853,false,0.301639
14338,1357,true,0.391326
14338,3041,true,0.299095
14338,3850,true,0.621649
14339,1098,true,0.146519
14339,1182,true,0.34798
14339,3395,true,0.117885
14339,3960,true,0.382823
14339,48501,false,0.230277
14340,547,true,0.341658
14340,3367,true,0.018619
14340,3527,true,0.199057
14340,3777,true,0.973186
14340,8007,true,0.014645
14340,8811,true,0.611316
14340,10334,false,0.501024
14340,11780,false,0.335408
14340,36896,false,0.750318
14340,41507,false,0.011971
14340,47360,false,0.409723
14341,11515,false,0.747774
14341,38433,false,0.186344
14342,54359,false,0.148579
14343,55714,false,0.084682
14344,1322,true,0.07001
14344,23257,false,0.298321
14345,56986,false,0.540798
14347,11520,false,0.216384
14347,22990,false,0.668251
14348,1277,true,0.68586
14349,12055,false,0.662
14349,14841,false,0.586973
14349,36426,false,0.330077
14349,38140,false,0.578975
14349,43244,false,0.030679
14350,47430,false,0.430591
14351,1760,true,0.713022
14351,35800,false,0.177814
14351,53434,false,0.899979
14352,1784,true,0.917679
14352,24954,false,0.397683
14353,1218,true,0.94965
14353,1607,true,0.155782
14353,8359,true,0.814933
14353,56186,false,0.673767
14354,53203,false,0.314656
14354,53856,false,0.070246
14355,26734,false,0.312194
14357,15305,false,0.066898
14357,28414,false,0.887387
14358,14508,false,0.222895
14358,30342,false,0.287389
14358,39231,false,0.02284
14358,45853,false,0.578355
14359,16492,false,0.006323
14359,56763,false,0.739709
14360,18083,false,0.416228
14360,33008,false,0.030277
14360,36436,false,0.813562
14360,57348,false,0.368948
14361,31986,false,0.836178
14361,53173,false,0.19005
14362,10079,false,0.313847
14362,12024,false,0.657367
14362,14605,false,0.325188
14362,53054,false,0.859513
14362,56460,false,0.458265
14362,57473,false,0.203156
14362,58346,false,0.015478
14363,26097,false,0.949452
14363,43959,false,0.381229
14363,44972,false,0.72902
14364,15758,false,0.61839
14364,27223,false,0.718177
14364,40968,false,0.510359
14364,42769,false,0.550952
14364,52496,false,0.561312
14365,36662,false,0.681599
14365,44005,false,0.045063
14365,57613,false,0.591365
14367,10730,false,0.232364
14367,16711,false,0.979655
14367,28246,false,0.746218
14367,58104,false,0.777742
14368,43784,false,0.675114
14368,46330,false,0.793818
14368,53918,false,0.976972
14368,59652,false,0.209373
14369,39210,false,0.058018
14370,29276,false,0.503007
14371,27064,false,0.270565
14371,37615,false,0.280413
14372,20885,false,0.143909
14372,30905,false,0.762678
14372,46784,false,0.747737
14373,14749,false,0.26361
14373,16864,false,0.618256
14373,33065,false,0.989105
14374,12604,false,0.267671
14374,26808,false,0.328735
14375,33213,false,0.649657
14375,52499,false,0.461488
14380,462,true,0.94988
14380,964,true,0.916618
14380,14673,false,0.838143
14380,27321,false,0.300289
14380,55423,false,0.39698
14381,241,true,0.284389
14381,1033,true,0.905043
14381,1601,true,0.800269
14381,31147,false,0.044976
14381,48956,false,0.303764
14382,27186,false,0.329962
14382,27367,false,0.350851
14382,28411,false,0.267282
14382,52425,false,0.709482
14383,45877,false,0.926822
14384,1050,true,0.876195
14384,13886,false,0.417168
14384,17584,false,0.063017
14384,34014,false,0.203526
14385,933,true,0.937054
14385,984,true,0.491303
14385,3133,true,0.536226
14385,25732,false,0.058427
14386,1261,true,0.47796
14386,3162,true,0.599949
14386,3420,true,0.899043
14386,3489,true,0.195476
14386,3839,true,0.874303
14386,12826,false,0.290579
14386,12933,false,0.965583
14386,36784,false,0.632933
14387,1965,true,0.846294
14387,31442,false,0.694289
14388,1200,true,0.565486
14388,1912,true,0.951456
14388,14970,false,0.373314
14388,19609,false,0.052622
14388,25245,false,0.631444
14388,47230,false,0.073096
14388,48248,false,0.729994
14389,40167,false,0.186428
14389,58741,false,0.51055
14390,3375,true,0.445288
14391,761,true,0.979754
14391,1303,true,0.532
14391,8282,true,0.563188
14391,25387,false,0.680788
14391,45986,false,0.740377
14392,339,true,0.624307
14392,1441,true,0.499506
14392,3332,true,0.27159
14392,8787,true,0.672036
14392,35972,false,0.761068
14392,42388,false,0.939452
14392,44635,false,0.21813
14392,47133,false,0.930586
14393,16087,false,0.622713
14393,18722,false,0.255534
14394,22427,false,1.000154
14394,43363,false,0.508427
14394,58467,false,0.415506
14395,13537,false,0.943681
14395,39250,false,0.204881
14395,47723,false,0.026121
14396,14158,false,0.447822
14396,31292,false,0.629136
14396,35060,false,0.582347
14397,1875,true,0.588098
14397,22236,false,0.540719
14398,1044,true,0.743177
14398,1736,true,0.286199
14398,19858,false,0.695755
14399,1805,true,0.860022
14399,13667,false,0.013132
14399,18704,false,0.857681
14399,42029,false,0.938334
14400,1133,true,0.355857
14400,1753,true,0.87382
14400,12536,false,0.530856
14400,14708,false,0.659123
14400,29758,false,0.298449
14401,59201,false,0.639258
14402,1940,true,0.83248
14402,16078,false,0.816382
14402,22451,false,0.388901
14402,24062,false,0.715381
14402,32900,false,0.602699
14403,25782,false,0.253048
14403,52965,false,0.695037
14404,1312,true,0.974691
14404,1599,true,0.009213
14405,20093,false,0.803361
14405,36061,false,0.19417
14405,51138,false,0.938204
14405,57257,false,0.201759
14406,10200,false,0.020177
14406,17140,false,0.644181
14406,44730,false,0.115858
14406,46395,false,0.10715
14407,1472,true,0.808875
14407,1646,true,0.901475
14407,14741,false,0.564766
14407,32274,false,0.69991
14408,1221,true,0.344864
14408,31051,false,0.860471
14409,1220,true,0.855603
14409,24143,false,0.545869
14409,50625,false,0.563145
14410,14575,false,0.119167
14411,1416,true,0.156758
14411,1615,true,0.532987
14411,36343,false,0.784517
14412,1045,true,0.90333
14412,45581,false,0.733753
14413,1328,true,0.419549
14413,1459,true,0.700366
14414,1654,true,0.938252
14414,55221,false,0.58302
14415,1345,true,0.255745
14415,43457,false,0.843312
14415,46553,false,0.08891
14416,1497,true,0.941779
14416,40114,false,0.392522
14417,24079,false,0.325946
14417,39854,false,0.369713
14417,50006,false,0.115182
14418,8448,true,0.005706
14418,32420,false,0.682378
14418,41374,false,0.911034
14418,53828,false,0.60337
14419,968,true,0.999842
14419,3745,true,1.018529
14419,3747,true,0.277973
14419,10703,false,0.348122
14419,33695,false,0.296343
14419,35414,false,0.327975
14419,42685,false,0.597771
14419,50905,false,0.31682
14420,522,true,0.536501
14420,724,true,0.482851
14420,1605,true,0.729274
14420,3194,true,0.002707
14420,35320,false,0.21076
14420,38423,false,0.423234
14420,45120,false,0.949751
14421,1479,true,0.675867
14421,1691,true,0.336119
14421,22699,false,0.187652
14421,40768,false,0.513706
14421,43267,false,0.528714
14421,48454,false,0.659429
14421,57168,false,0.221942
14422,950,true,0.359251
14422,1830,true,0.8793
14422,3659,true,0.530042
14422,18697,false,0.423978
14422,32258,false,0.160385
14422,35811,false,0.126104
14423,604,true,0.82214
14423,58906,false,0.889582
14423,59700,false,0.446452
14424,3712,true,0.772771
14424,56940,false,0.285255
14424,57957,false,0.53257
14424,58939,false,0.782051
14425,3779,true,0.951299
14426,684,true,0.253754
14426,3574,true,0.491838
14426,14420,false,0.699225
14426,27274,false,0.180941
14428,34727,false,0.900513
14428,51005,false,0.118643
14428,59285,false,0.926921
14429,57171,false,0.949044
14429,59979,false,0.415006
14430,35594,false,0.745896
14430,52203,false,0.38519
14431,3103,true,0.945186
14431,3317,true,0.631039
14431,3993,true,0.992034
14431,22587,false,0.342769
14432,6278,true,0.805612
14432,35709,false,0.322633
14432,57656,false,0.079048
14433,49554,false,0.43287
14434,513,true,0.614584
14434,11667,false,0.083089
14434,24190,false,0.025122
14434,27393,false,0.278548
14434,31362,false,0.866943
14434,44412,false,0.613642
14434,55527,false,0.377034
14435,558,true,0.437142
14435,665,true,0.67989
14435,6170,true,0.11079
14435,6182,true,0.828782
14435,6584,true,0.686291
14435,26853,false,0.615984
14435,47619,false,0.70488
14436,34749,false,0.71816
14436,51772,false,0.833572
14437,932,true,1.008786
14437,3844,true,0.487149
14437,37339,false,0.9035
14437,53767,false,0.882121
14438,3054,true,0.0455
14438,6397,true,0.169411
14438,6749,true,0.38072
14438,13369,false,0.462427
14438,21280,false,0.563802
14438,43491,false,0.858499
14438,46375,false,0.417223
14439,87,true,0.4258
14439,32444,false,0.736782
14439,57166,false,0.832223
14440,6213,true,0.974299
14440,15480,false,0.235055
14441,36,true,0.87745
14441,507,true,0.446112
14441,3079,true,0.193729
14441,3335,true,0.569682
14441,24355,false,0.554233
14441,54748,false,0.807513
14442,583,true,0.970346
14442,6136,true,0.667771
14442,6210,true,0.036073
14442,19612,false,0.349681
14442,40397,false,0.316575
14443,3076,true,0.006953
14443,3348,true,0.566184
14443,27347,false,0.721137
14444,144,true,0.951531
14444,6113,true,0.417411
14444,6602,true,0.62435
14444,6936,true,0.271597
14444,6938,true,0.996347
14444,37197,false,0.19897
14444,54797,false,0.680346
14445,199,true,0.24514
14445,299,true,0.932975
14445,3853,true,0.70747
14445,6257,true,0.530356
14445,15553,false,0.033724
14445,16248,false,0.074922
14445,22146,false,0.354318
14445,39725,false,0.276278
14445,50571,false,0.718967
14446,453,true,0.653331
14446,3916,true,0.045285
14446,6691,true,0.079451
14446,6836,true,0.07358
14446,26294,false,0.739832
14447,41445,false,0.801156
14447,53032,false,0.948517
14448,653,true,0.977169
14448,6453,true,0.320369
14448,28553,false,0.801824
14448,52129,false,0.79317
14449,6189,true,0.397521
14449,31037,false,0.894364
14449,44941,false,0.348349
14449,48011,false,0.268421
14450,3195,true,0.133689
14450,3529,true,0.457239
14450,6192,true,0.68321
14450,6487,true,0.244461
14450,34603,false,0.570312
14450,43682,false,0.608554
14450,53608,false,0.168662
14451,678,true,0.543613
14451,6021,true,0.566314
14451,19526,false,0.573031
14451,25609,false,0.804627
14451,41064,false,0.819853
14451,50101,false,0.021582
14451,59522,false,0.887938
14452,633,true,0.075122
14452,6029,true,0.068797
14452,6560,true,0.791917
14452,6755,true,0.848835
14452,6806,true,0.730041
14453,6195,true,0.21687
14453,6566,true,0.445758
14453,24235,false,0.343993
14453,33282,false,0.677934
14453,38689,false,0.976749
14453,51718,false,0.543405
14455,3233,true,0.423636
14455,17856,false,0.930787
14455,39937,false,0.253475
14455,45008,false,0.763204
14456,6628,true,0.929945
14456,10979,false,0.176833
14456,26855,false,0.965068
14457,469,true,0.484647
14457,3164,true,0.312027
14457,3728,true,0.656582
14457,3852,true,0.807162
14457,6693,true,0.568372
14457,10739,false,0.158024
14457,22700,false,0.138993
14457,34038,false,0.10262
14457,39745,false,0.511915
14457,49784,false,0.938686
14458,98,true,0.488532
14458,6069,true,0.694654
14458,50093,false,0.532793
14459,21078,false,0.683678
14459,44292,false,0.415612
14460,3277,true,0.622716
14460,3580,true,0.552956
14460,3824,true,0.243015
14461,1001,true,1.005562
14461,3569,true,0.108601
14462,831,true,0.727869
14462,3304,true,0.764095
14462,3330,true,0.154157
14462,24214,false,0.324651
14463,3830,true,0.241697
14463,16993,false,1.004554
14464,765,true,0.631894
14464,3315,true,0.070984
14464,22421,false,0.377035
14464,27585,false,0.692615
14464,44522,false,0.866545
14465,3012,true,0.322665
14465,3055,true,0.876107
14465,28078,false,0.190242
14465,38016,false,0.083729
14465,43046,false,0.302435
14466,920,true,0.292801
14466,3886,true,0.549125
14467,57790,false,0.830079
14468,14122,false,0.807855
14468,39478,false,0.419666
14468,40492,false,0.157685
14469,91,true,0.511203
14469,3399,true,0.710881
14469,44524,false,0.726471
14469,50949,false,0.521643
14469,55092,false,0.358104
14470,239,true,0.513313
14470,951,true,0.403963
14470,3525,true,0.642017
14470,20580,false,0.114065
14470,38727,false,0.357821
14470,48344,false,0.114205
14471,31132,false,0.788257
14472,178,true,0.654535
14472,960,true,0.024252
14473,58,true,0.815466
14473,278,true,0.287369
14473,3034,true,0.645952
14473,3570,true,0.888403
14473,22377,false,0.560517
14473,27317,false,0.532141
14473,32458,false,0.918648
14473,53142,false,0.331219
14474,465,true,0.120325
14474,686,true,0.429946
14474,709,true,0.014895
14474,17342,false,0.325796
14474,49020,false,0.664421
14475,327,true,0.583887
14475,3279,true,0.615387
14475,20330,false,0.903268
14475,41880,false,0.441507
14475,42515,false,0.305787
14476,760,true,0.899172
14476,24286,false,0.279608
14476,35070,false,0.18291
14476,46659,false,0.353559
14476,57570,false,0.089636
14477,500,true,0.348916
14477,559,true,0.416241
14477,656,true,0.95493
14477,3307,true,0.016015
14477,3791,true,0.300571
14477,32663,false,0.311496
14477,35980,false,0.070035
14478,502,true,1.002105
14478,17641,false,0.872928
14478,22774,false,0.212903
14478,37039,false,0.427004
14478,59052,false,0.809571
14479,3952,true,0.075897
14479,13398,false,0.34661
14479,27819,false,0.972379
14479,35944,false,0.88365
14480,3526,true,0.910894
14480,3866,true,0.67843
14480,3984,true,0.576588
14481,3699,true,0.078493
14481,6146,true,0.024263
14481,6356,true,0.126942
14481,32794,false,0.789879
14481,36802,false,0.716571
14481,48393,false,0.651162
14482,6398,true,0.597621
14482,6897,true,0.011792
14482,33749,false,0.498099
14482,38253,false,0.847106
14483,3066,true,0.815826
14483,6906,true,0.460087
14483,11912,false,0.88885
14484,266,true,0.371041
14484,6081,true,0.884064
14484,6609,true,0.099374
14484,19875,false,0.526883
14484,32939,false,1.040781
14484,36803,false,0.21483
14484,50422,false,0.970297
14485,969,true,0.822328
14485,1245,true,0.763037
14485,1271,true,0.225619
14485,1443,true,0.787061
14485,33291,false,0.731723
14485,51374,false,0.282598
14486,32417,false,0.398624
14487,674,true,0.461663
14487,25881,false,0.992437
14487,27626,false,0.698249
14487,55038,false,0.788398
14488,1468,true,1.017084
14488,3946,true,0.945947
14488,33224,false,0.36785
14488,40749,false,0.560646
14488,42775,false,0.542765
14489,1647,true,0.067382
14489,19687,false,0.732587
14489,29291,false,0.47003
14489,45355,false,0.139954
14490,959,true,0.383522
14490,3922,true,0.478178
14490,56936,false,0.764421
14491,1586,true,0.578982
14492,905,true,0.345134
14493,163,true,0.691352
14493,233,true,0.652533
14493,20388,false,0.101227
14493,26890,false,0.344239
14493,37185,false,0.876196
14494,3188,true,0.889833
14494,3283,true,0.846695
14494,11741,false,0.382655
14494,29260,false,0.884953
14495,1566,true,0.813558
14495,3354,true,0.47565
14495,24852,false,0.770995
14495,53994,false,0.114716
14496,1968,true,0.8545
14496,19220,false,0.908127
14497,1962,true,0.259676
14497,3132,true,0.359533
14497,3139,true,0.83797
14497,3497,true,0.676334
14497,34165,false,0.683591
14497,34245,false,0.564012
14497,34541,false,0.900928
14497,53695,false,0.034918
14498,96,true,0.350806
14498,52788,false,0.353153
14498,55082,false,0.642977
14499,1206,true,0.113683
14499,1909,true,0.582188
14499,18919,false,0.132783
14499,37854,false,0.588298
14499,44398,false,0.689906
14499,55680,false,0.962234
14499,57192,false,0.106669
14500,3123,true,0.006619
14500,3501,true,0.202497
14500,3640,true,0.751949
14500,3754,true,0.472159
14500,25435,false,0.551362
14500,59763,false,0.56498
14501,20157,false,0.942937
14501,32428,false,0.921492
14501,56229,false,0.289009
14502,13897,false,0.766036
14503,23496,false,0.524467
14503,43051,false,0.651677
14504,1722,true,0.741112
14504,52743,false,0.681017
14505,125,true,0.473412
14505,1775,true,1.020495
14505,17841,false,0.553677
14505,34457,false,0.986827
14506,1914,true,0.451601
14506,13971,false,0.337434
14506,25209,false,0.323252
14506,36981,false,0.797579
14507,319,true,0.065029
14507,1030,true,0.81099
14509,12963,false,0.568513
14509,13055,false,0.796977
14509,35188,false,0.791664
14509,40342,false,0.798704
14509,52274,false,0.170028
14509,54808,false,0.803787
14510,952,true,0.813464
14510,36883,false,0.744012
14511,731,true,1.036381
14511,3667,true,0.131071
14511,4001,true,0.908732
14511,33040,false,0.645769
14511,39401,false,1.009407
14511,40038,false,0.76717
14511,54336,false,0.461578
14512,15468,false,0.221776
14512,23056,false,0.818995
14512,51274,false,0.714524
14512,55754,false,0.191673
14513,25316,false,0.587695
14513,41928,false,0.695776
14513,59134,false,0.528202
14514,18290,false,0.41653
14514,32600,false,0.193489
14515,39351,false,0.465469
14517,1122,true,0.292451
14517,1744,true,0.695666
14517,19310,false,0.274636
14518,1669,true,0.59565
14518,26656,false,0.077263
14519,14469,false,0.541015
14519,24359,false,0.033
14519,30239,false,0.009595
14519,44703,false,0.142632
14519,46386,false,0.016937
14520,25378,false,0.133826
14521,26289,false,0.996608
14521,54747,false,0.176645
14522,50555,false,1.006803
14523,12253,false,0.748547
14523,22690,false,0.798648
14524,36949,false,0.355253
14524,38765,false,0.975097
14524,50145,false,0.287923
14524,54641,false,0.338019
14525,1569,true,0.36008
14525,17755,false,0.048833
14525,46937,false,0.486537
14525,55776,false,0.971133
14526,1058,true,0.028641
14526,1695,true,0.35473
14526,21928,false,0.787569
14526,42719,false,0.85263
14526,44875,false,0.406734
14527,32722,false,0.800585
14527,52422,false,0.27842
14527,52438,false,0.160851
14528,1975,true,0.637108
14530,11470,false,0.108401
14530,20390,false,0.07337
14530,25419,false,0.254331
14530,38800,false,0.132281
14530,57653,false,0.902394
14531,13890,false,0.730751
14531,49900,false,0.468155
14532,1939,true,0.52966
14533,13335,false,0.555182
14533,50817,false,0.978392
14533,52383,false,0.34138
14534,36552,false,0.704034
14534,44984,false,0.640929
14534,47499,false,0.376921
14534,48455,false,0.349647
14535,57841,false,0.746353
14536,25757,false,0.164166
14536,39296,false,0.133329
14536,43885,false,0.761269
14536,56645,false,0.781203
14537,28123,false,0.081176
14537,41693,false,0.77256
14537,47510,false,0.411852
14538,1214,true,0.669188
14538,1864,true,0.393829
14538,34874,false,0.698232
14538,53930,false,0.424557
14538,59566,false,0.123061
14539,44289,false,0.644294
14539,59219,false,0.595505
14541,12954,false,0.315454
14541,40884,false,1.028085
14541,53238,false,0.270606
14542,10406,false,0.651642
14543,28521,false,0.636133
14543,37704,false,0.387729
14543,41505,false,0.338779
14543,46611,false,0.90991
14543,52118,false,0.511949
14544,52534,false,0.84039
14544,56001,false,0.870041
14545,21463,false,0.727459
14545,37632,false,0.231185
14545,49109,false,0.357415
14545,52294,false,0.957555
14546,13471,false,0.415329
14547,18647,false,0.703735
14547,24693,false,0.615253
14547,27624,false,0.094435
14547,56544,false,0.268758
14548,17227,false,0.319274
14548,17605,false,0.352119
14548,23686,false,0.060788
14548,25004,false,0.036617
14548,29929,false,0.787493
14548,32708,false,0.02787
14548,34786,false,0.277195
14548,44881,false,0.66322
14549,30212,false,0.941088
14549,51068,false,0.199766
14550,36155,false,0.789565
14550,57338,false,0.705195
14551,37946,false,0.716476
14552,12041,false,0.050625
14552,35367,false,0.839685
14552,40461,false,1.011852
14552,43036,false,0.757379
14553,1423,true,0.91616
14553,18602,false,0.756376
14553,25627,false,0.395208
14553,57891,false,0.577269
14554,1874,true,0.765405
14555,1117,true,0.742788
14555,18912,false,0.886379
14555,48784,false,0.216284
14556,1376,true,0.941125
14557,27663,false,0.457383
14557,53245,false,0.956516
14558,1788,true,0.996265
14559,21528,false,0.123409
14560,11082,false,0.879945
14560,12687,false,0.444139
14560,51388,false,0.734056
14560,53342,false,0.159859
14560,55601,false,0.322727
14561,35373,false,0.38217
14561,45908,false,0.528065
14562,1264,true,0.61128
14563,1758,true,0.120409
14563,17882,false,0.694786
14563,26271,false,0.553981
14563,32824,false,0.160914
14563,46542,false,0.134518
14564,11904,false,0.773884
14564,49520,false,0.6029
14565,16622,false,0.982395
14565,30141,false,0.070754
14565,41601,false,0.004351
14566,51195,false,0.167815
14567,1686,true,0.433113
14567,12943,false,0.63761
14567,49862,false,0.029617
14567,54202,false,0.597298
14568,1162,true,0.501187
14568,51706,false,0.125212
14569,15526,false,0.804911
14569,18785,false,0.368012
14569,30918,false,0.872049
14569,51938,false,0.932845
14570,23431,false,0.735935
14570,30257,false,0.434686
14571,50059,false,0.18996
14571,54244,false,0.484371
14572,1150,true,0.857589
14572,59287,false,0.104856
14573,22,true,0.782409
14573,1622,true,0.927895
14573,22707,false,0.952264
14573,48615,false,0.015899
14573,53285,false,0.394876
14574,975,true,0.588349
14574,1644,true,0.250815
14574,12063,false,0.944549
14574,44931,false,1.067146
14574,57883,false,0.009597
14575,21586,false,0.65489
14576,275,true,0.492932
14576,3361,true,0.635688
14576,6641,true,0.690963
14576,10122,false,0.724223
14576,16142,false,0.092648
14576,33947,false,0.472966
14576,53529,false,0.458191
14577,376,true,0.384479
14577,3101,true,0.502595
14577,17697,false,1.006135
14577,31090,false,0.10775
14577,31491,false,0.230218
14578,510,true,0.022395
14578,939,true,0.806537
14578,3386,true,0.165313
14578,6512,true,0.610168
14578,11033,false,0.413931
14578,14415,false,0.426504
14578,30293,false,0.796656
14579,6358,true,0.982017
14579,30276,false,0.082234
14580,3653,true,0.305289
14580,3911,true,0.784766
14580,6723,true,0.427531
14580,52659,false,0.346653
14581,869,true,0.498602
14581,3648,true,0.181512
14581,3870,true,1.002086
14581,6557,true,0.637827
14581,23691,false,0.836766
14581,47901,false,0.881483
14582,839,true,0.72353
14582,3371,true,0.060022
14582,3446,true,0.849323
14582,3945,true,0.674342
14582,6712,true,0.523193
14582,6788,true,0.481282
14582,12407,false,0.465609
14582,32692,false,0.342623
14582,35012,false,0.206049
14582,44313,false,0.235152
14582,57853,false,0.44971
14583,3572,true,0.078607
14583,26112,false,0.824311
14583,28720,false,0.585981
14584,184,true,0.445862
14584,403,true,0.220739
14584,3928,true,0.424871
14584,6510,true,0.589997
14584,21353,false,0.366067
14585,263,true,0.01048
14585,3495,true,0.116041
14585,3557,true,0.128896
14585,11360,false,0.060878
14585,14692,false,0.596023
14586,111,true,0.130944
14586,3145,true,0.762856
14586,3185,true,0.215131
14586,40411,false,0.916495
14587,6073,true,0.026588
14587,58591,false,0.996192
14588,311,true,0.800447
14588,3690,true,0.236704
14588,3851,true,0.362955
14588,6604,true,0.593723
14588,6663,true,0.495751
14588,11870,false,0.986215
14588,38791,false,0.684819
14589,3347,true,0.980789
14589,3573,true,0.864719
14589,3689,true,0.549326
14589,34945,false,0.056593
14589,40224,false,0.347595
14589,59391,false,0.834508
14590,3797,true,0.444678
14590,6329,true,0.029222
14590,42914,false,0.847763
14591,19982,false,0.726132
14592,817,true,0.928602
14592,6033,true,0.415044
14592,6079,true,0.717363
14592,41676,false,0.439205
14593,520,true,0.685096
14593,3138,true,0.562089
14593,3999,true,0.383993
14593,29099,false,0.97756
14594,898,true,0.609571
14594,6350,true,0.690757
14594,30962,false,0.790702
14594,32269,false,0.623316
14595,6072,true,0.783194
14595,6175,true,0.760125
14595,44529,false,0.964169
14595,55413,false,0.079711
14595,58429,false,0.700561
14596,3692,true,0.107066
14596,6727,true,0.365466
14596,27238,false,0.298209
14597,3027,true,0.051532
14597,6642,true,0.942847
14597,24747,false,0.119569
14597,38284,false,0.02217
14597,39252,false,0.577706
14597,47314,false,0.348127
14598,3513,true,0.229978
14598,6357,true,0.813274
14598,6740,true,0.236981
14598,15164,false,0.757253
14598,17625,false,0.06451
14598,27277,false,0.80566
14598,28242,false,0.658779
14598,30075,false,0.471426
14599,6134,true,0.583399
14599,6848,true,0.842785
14599,26148,false,0.388475
14599,39579,false,1.013863
14599,49933,false,0.546088
14599,53004,false,0.363756
14599,58713,false,0.87078
14600,3093,true,0.128604
14600,6582,true,0.958078
14600,6713,true,0.37099
14600,15930,false,0.961576
14600,48878,false,0.783964
14601,3505,true,0.420226
14601,3562,true,0.526528
14601,6115,true,0.238174
14601,42912,false,0.772311
14602,3057,true,0.372776
14602,6290,true,0.177821
14602,20465,false,0.744198
14602,34464,false,0.117823
14603,6345,true,0.136295
14603,35794,false,0.470194
14603,58283,false,0.632103
14604,31401,false,0.269021
14604,31639,false,0.488894
14604,54484,false,0.575163
14605,17533,false,0.180277
14605,24600,false,0.234313
14605,31976,false,0.989565
14606,676,true,0.765855
14606,15414,false,0.69267
14606,43219,false,0.400813
14606,58893,false,0.773095
14607,11905,false,0.157892
14607,15755,false,0.554389
14607,26080,false,0.771757
14608,3697,true,0.01983
14608,57256,false,0.214651
14609,6245,true,0.790354
14609,10157,false,0.904065
14609,43615,false,0.815181
14610,6005,true,0.480774
14611,274,true,0.554902
14611,6371,true,0.795727
14611,6974,true,0.935114
14611,40380,false,0.466184
14611,42228,false,0.686196
14611,58441,false,0.736568
14612,855,true,0.40428
14612,12060,false,0.072085
14612,46144,false,0.424161
14613,829,true,0.872068
14613,6184,true,0.211013
14613,6621,true,0.910039
14613,32526,false,0.990789
14613,34892,false,1.00411
14614,6889,true,0.332629
14614,6892,true,0.480374
14614,12073,false,0.288063
14614,13498,false,0.399653
14614,40727,false,0.591762
14614,42233,false,0.477104
14614,42861,false,0.329477
14614,50741,false,0.945376
14615,6016,true,0.298484
14615,6128,true,0.082372
14615,6506,true,0.439912
14615,6554,true,0.917129
14615,6879,true,0.554987
14616,6055,true,0.696147
14616,17848,false,0.748832
14617,6042,true,0.541878
14617,27553,false,0.122111
14617,39123,false,0.776702
14618,6436,true,0.772154
14618,57544,false,0.635268
14619,518,true,0.916885
14619,6470,true,0.248349
14619,20123,false,0.013214
14619,24194,false,0.474917
14619,31097,false,0.312104
14619,47644,false,0.62367
14619,55075,false,0.591311
14619,55659,false,0.05664
14620,6148,true,0.722891
14620,14911,false,0.637235
14620,24172,false,0.414329
14621,6655,true,0.096771
14621,29604,false,0.273815
14621,32500,false,0.534998
14622,38862,false,0.781516
14623,139,true,1.019028
14623,262,true,0.794877
14623,3821,true,0.03562
14623,6226,true,0.750153
14623,32913,false,1.048243
14623,56675,false,0.585058
14623,58146,false,1.002294
14624,83,true,0.334288
14624,3221,true,0.483791
14624,8566,true,0.918866
14624,30779,false,0.479719
14624,31395,false,0.761766
14624,44138,false,0.650688
14625,8436,true,0.413086
14625,12246,false,0.656639
14625,16007,false,0.263462
14626,3561,true,0.386642
14626,14108,false,0.145117
14626,31797,false,0.687898
14626,59158,false,0.054978
14627,3219,true,0.387775
14627,10304,false,0.858785
14627,49228,false,0.870098
14628,60,true,0.838637
14628,1895,true,0.188536
14628,27992,false,0.549815
14628,40640,false,0.695699
14628,49484,false,0.528399
14629,714,true,1.014202
14629,3121,true,0.165127
14629,27438,false,0.813893
14629,57461,false,0.661848
14630,354,true,1.004686
14630,663,true,0.082309
14630,25254,false,0.31708
14633,1828,true,0.112123
14633,3554,true,0.361343
14633,30167,false,0.182954
14633,31654,false,0.121501
14633,46835,false,0.769563
14634,488,true,1.000993
14634,1032,true,0.933046
14634,1348,true,0.269478
14634,18573,false,0.346123
14634,29493,false,0.004499
14635,751,true,0.921188
14635,17611,false,0.254589
14635,23098,false,0.039555
14635,49123,false,0.612513
14636,523,true,0.790348
14636,1366,true,0.631256
14636,17492,false,0.458261
14636,27478,false,0.744931
14637,11669,false,0.785218
14637,13316,false,0.182735
14637,17448,false,0.854812
14637,34462,false,0.39655
14637,46117,false,1.020157
14638,793,true,0.421798
14638,1398,true,0.823504
14638,1630,true,0.881801
14638,20553,false,0.648869
14638,38728,false,0.276685
14638,44784,false,0.347225
14638,45718,false,0.770887
14638,52597,false,0.496768
14638,55170,false,0.98052
14639,48237,false,0.662436
14640,25233,false,0.857575
14640,29720,false,0.113601
14640,35539,false,0.990408
14641,486,true,0.425428
14641,16207,false,0.241777
14641,40978,false,0.491334
14641,50099,false,0.792242
14642,203,true,0.245559
14642,738,true,0.415044
14642,780,true,0.564864
14642,1474,true,0.332221
14642,53757,false,0.947004
14643,1659,true,0.19012
14643,12553,false,0.392274
14643,37649,false,0.333376
14644,41212,false,0.785932
14644,53752,false,0.373889
14645,45238,false,0.778991
14646,19908,false,0.955661
14646,31293,false,0.217305
14646,46825,false,0.076012
14646,59229,false,0.791654
14647,33935,false,0.212055
14647,41978,false,0.445652
14647,58403,false,0.795373
14648,17003,false,0.531824
14648,24378,false,0.615291
14649,11544,false,0.594264
14649,25585,false,0.95138
14649,27271,false,0.044084
14649,36668,false,3.36E-4
14650,22882,false,0.519962
14650,27159,false,0.536991
14651,1535,true,0.771257
14651,12833,false,0.425343
14651,13437,false,0.526124
14651,18232,false,0.438726
14651,44894,false,0.182998
14652,14018,false,0.787055
14652,52834,false,0.521946
14652,56397,false,0.818994
14653,1103,true,0.286761
14653,1534,true,0.020354
14653,36459,false,0.026488
14653,42046,false,0.180752
14654,55574,false,0.037429
14655,11498,false,0.436112
14655,54619,false,0.344689
14656,764,true,0.78317
14656,6375,true,0.267749
14656,37592,false,0.535421
14656,58097,false,0.832793
14657,1263,true,0.461075
14657,18517,false,0.305044
14657,27472,false,0.029495
14657,35881,false,0.697392
14657,42669,false,0.879817
14657,57783,false,0.416642
14658,1291,true,0.205464
14658,37076,false,0.444923
14658,40421,false,0.92264
14659,14497,false,0.921277
14660,1373,true,0.640173
14660,1820,true,0.623715
14660,15640,false,0.021189
14660,23806,false,0.907206
14660,48759,false,0.290545
14660,54469,false,0.722199
14661,29838,false,0.12862
14661,34161,false,0.295945
14661,47992,false,0.244009
14661,51581,false,0.861752
14661,52346,false,0.075114
14661,57275,false,0.051198
14662,21371,false,0.910465
14663,849,true,0.42386
14663,3641,true,0.576452
14663,3860,true,0.294551
14663,11430,false,0.547358
14663,18927,false,0.702342
14663,38853,false,0.689252
14663,54731,false,0.114615
14664,654,true,0.197143
14664,3024,true,0.891373
14665,775,true,0.330661
14665,1776,true,0.560534
14665,3654,true,0.078941
14665,24948,false,0.00198
14666,3716,true,0.941412
14666,18617,false,0.388282
14666,26557,false,0.684897
14666,26876,false,0.202875
14667,3271,true,0.647086
14667,3518,true,0.722574
14667,3861,true,0.946828
14667,58982,false,0.732546
14668,252,true,0.505622
14668,12455,false,0.914381
14668,24015,false,0.740966
14668,24550,false,0.621092
14668,35255,false,0.62801
14668,51106,false,0.618572
14668,54345,false,0.695792
14669,567,true,0.952275
14669,1084,true,0.530798
14669,3578,true,0.122905
14669,20544,false,0.811336
14669,22860,false,0.26179
14669,45926,false,0.208
14670,33108,false,0.842445
14670,39789,false,0.239324
14671,834,true,0.647386
14671,3705,true,0.906177
14671,3859,true,0.270849
14671,6484,true,0.498359
14671,42346,false,0.836427
14671,43763,false,0.67043
14672,623,true,0.510029
14672,3258,true,0.572387
14672,13767,false,0.87559
14672,44505,false,0.882829
14673,47,true,0.499864
14673,3086,true,0.376754
14673,6504,true,0.727949
14673,6568,true,0.628003
14674,225,true,0.212833
14674,556,true,0.065871
14674,6674,true,0.751365
14674,58229,false,0.212908
14675,3442,true,0.744752
14676,593,true,0.230888
14676,3575,true,0.676926
14676,6095,true,0.872118
14676,19912,false,0.632768
14676,20292,false,0.420422
14676,20601,false,0.380227
14676,27219,false,0.170857
14676,35230,false,0.719537
14677,3855,true,0.691414
14677,6963,true,0.130032
14678,680,true,0.297204
14679,599,true,0.570165
14679,6313,true,0.872421
14679,15565,false,0.358303
14679,32767,false,0.070972
14679,49666,false,0.723628
14679,53993,false,0.083787
14680,1377,true,0.220293
14680,1824,true,0.230098
14680,3352,true,0.842823
14680,10346,false,0.686755
14680,11016,false,0.465776
14680,22995,false,0.921696
14680,23356,false,0.783975
14681,15015,false,0.50354
14682,38335,false,0.730727
14683,1732,true,0.097924
14684,1347,true,0.268561
14684,19496,false,0.588998
14684,23925,false,0.440728
14684,33925,false,0.899178
14684,58276,false,0.993275
14685,1386,true,0.328502
14685,3726,true,0.030983
14685,55510,false,0.068694
14685,58094,false,0.264823
14686,193,true,0.875628
14686,621,true,0.943383
14686,1282,true,0.295143
14686,1619,true,0.525288
14686,3014,true,0.093888
14686,3550,true,0.638836
14686,33009,false,0.661593
14686,37681,false,0.435384
14687,375,true,0.238126
14687,1051,true,0.64792
14687,12280,false,0.97341
14687,21455,false,0.412031
14687,43384,false,0.952393
14688,540,true,0.735557
14688,675,true,0.166517
14688,1161,true,0.590163
14688,23812,false,0.41275
14688,38924,false,0.545381
14688,44898,false,0.950218
14688,53035,false,0.274455
14689,10398,false,0.867245
14689,27273,false,0.654065
14690,1046,true,0.993738
14690,24730,false,0.644392
14690,55695,false,0.132653
14691,16292,false,0.60669
14691,28721,false,0.621931
14692,11926,false,0.802622
14692,16403,false,0.766168
14692,31955,false,0.849063
14692,55540,false,0.401203
14692,57705,false,0.543892
14694,22464,false,0.692779
14694,23961,false,0.141013
14694,30497,false,0.778332
14694,35661,false,0.715324
14695,19826,false,0.850027
14695,56536,false,0.064518
14696,217,true,0.304423
14696,818,true,0.306072
14696,6262,true,0.261928
14696,7003,true,0.850335
14696,29770,false,0.470839
14696,50740,false,0.186707
14696,53672,false,0.643649
14696,57626,false,0.694123
14697,24489,false,0.727175
14697,28802,false,0.832517
14698,3167,true,0.188251
14698,6325,true,0.861418
14698,24407,false,0.273965
14698,37055,false,0.749544
14698,51383,false,0.470527
14698,57946,false,0.228033
14699,18892,false,0.472914
14699,46294,false,0.877375
14700,3427,true,0.71662
14700,3789,true,0.870736
14700,3803,true,0.960413
14700,6289,true,0.1958
14700,6909,true,0.254761
14700,11384,false,0.551389
14700,20082,false,0.56524
14700,20678,false,0.757418
14700,29871,false,0.796304
14700,49968,false,0.364085
14701,10495,false,0.891657
14701,21146,false,0.867408
14701,22944,false,0.858513
14701,51065,false,0.225478
14702,3955,true,0.678708
14702,6731,true,0.091832
14702,21542,false,0.05948
14702,50105,false,0.02956
14703,407,true,0.661554
14703,36029,false,0.280223
14703,48963,false,0.269017
14703,52864,false,0.542343
14704,14,true,0.669808
14704,37668,false,0.432639
14704,38283,false,0.586323
14704,40780,false,0.409634
14705,495,true,0.690478
14705,13616,false,0.48131
14705,24750,false,0.684642
14705,44701,false,0.762888
14706,18865,false,0.639536
14707,32041,false,0.866594
14707,59075,false,0.071727
14708,39167,false,0.338052
14708,51480,false,1.00425
14709,22128,false,0.441008
14709,27413,false,1.025273
14709,38859,false,0.684945
14710,38319,false,0.442947
14711,38232,false,0.548826
14712,36466,false,0.675083
14712,49547,false,0.230352
14712,59318,false,0.221197
14713,42137,false,0.559274
14713,58757,false,0.167327
14713,58988,false,0.570516
14714,13260,false,0.658123
14715,27939,false,0.286273
14715,34277,false,0.283556
14716,14658,false,0.012186
14716,16675,false,0.421601
14716,19876,false,0.357324
14716,56929,false,0.781447
14717,27547,false,0.289939
14717,44910,false,0.129022
14718,30396,false,0.218338
14718,58249,false,0.582073
14719,26051,false,0.377656
14720,27416,false,0.219627
14720,28440,false,0.510011
14720,40213,false,0.209821
14720,46631,false,0.835727
14721,19799,false,0.654473
14722,15678,false,0.405657
14722,21253,false,0.314385
14722,37024,false,0.879733
14722,47336,false,0.100039
14722,52525,false,0.190928
14723,31697,false,0.960648
14724,22693,false,0.756548
14724,30237,false,0.720381
14725,42250,false,0.177427
14726,59309,false,0.101829
14727,1036,true,0.541611
14727,1323,true,0.299769
14727,12148,false,0.83588
14727,26501,false,0.214556
14727,37370,false,0.770893
14727,45517,false,0.996468
14727,49696,false,0.940858
14728,16720,false,0.303064
14728,17896,false,0.134118
14728,25896,false,0.738957
14728,33913,false,0.376891
14728,55644,false,0.405352
14729,20914,false,0.661092
14729,58971,false,0.813756
14730,29178,false,0.598114
14730,36594,false,0.526803
14731,54211,false,0.214328
14732,28252,false,0.818618
14732,33890,false,0.830453
14733,12168,false,0.382897
14733,38168,false,0.828615
14733,59705,false,0.164911
14734,42565,false,0.322504
14734,44643,false,0.102713
14734,58934,false,0.052901
14735,26173,false,0.314778
14735,39944,false,0.293448
14735,55716,false,0.081354
14735,56685,false,0.312713
14735,58297,false,0.079998
14736,10778,false,0.066531
14736,45314,false,0.187414
14737,14128,false,0.365347
14737,47483,false,0.202591
14738,32833,false,0.333694
14739,26103,false,0.786168
14739,29950,false,0.703024
14739,34529,false,0.57366
14740,24203,false,0.541144
14740,45036,false,0.558667
14740,47698,false,0.070037
14740,49223,false,0.937556
14741,20338,false,0.639824
14742,12333,false,0.903532
14742,16389,false,0.111098
14742,21772,false,0.751032
14742,25117,false,0.910703
14742,39838,false,0.063375
14742,58755,false,0.059017
14744,14480,false,0.083927
14744,34516,false,0.030368
14745,15745,false,0.727526
14746,54,true,0.203373
14746,6742,true,0.319554
14746,43921,false,0.854836
14746,52257,false,0.068592
14746,58518,false,0.387467
14747,937,true,0.002977
14747,6917,true,0.521489
14747,13220,false,1.011172
14747,21511,false,0.083606
14748,3056,true,0.064255
14748,3440,true,0.147972
14748,3914,true,0.043246
14748,16532,false,0.79696
14748,25751,false,0.584193
14748,51063,false,0.914997
14748,52736,false,0.187874
14748,57714,false,0.985969
14748,57911,false,0.712938
14749,1401,true,0.810479
14749,3651,true,0.21152
14749,42647,false,0.764546
14749,52810,false,0.021252
14749,53823,false,0.140285
14750,1649,true,0.82291
14750,1836,true,0.160963
14750,11357,false,0.059988
14750,31796,false,0.496676
14750,45774,false,0.146324
14751,147,true,0.831453
14751,6940,true,0.711872
14751,10523,false,0.811331
14751,24164,false,0.639563
14752,3467,true,0.327399
14752,6031,true,0.422348
14752,6752,true,0.74209
14752,6843,true,0.117899
14752,34504,false,0.901864
14752,50383,false,0.065539
14753,821,true,0.407561
14753,1034,true,0.08623
14753,30531,false,0.997707
14753,40927,false,0.198026
14754,25092,false,0.310432
14754,27368,false,0.854902
14754,30467,false,0.960697
14754,39829,false,0.32384
14754,53423,false,0.010135
14754,59119,false,0.977761
14755,31509,false,0.394419
14756,22095,false,0.197511
14756,22790,false,0.367343
14756,31804,false,0.447144
14757,26782,false,0.117909
14758,383,true,0.994053
14758,40603,false,0.022209
14759,242,true,0.036647
14759,11939,false,0.195792
14759,36218,false,0.231816
14760,1352,true,0.55502
14760,1420,true,0.573292
14760,22494,false,0.027151
14760,26448,false,0.540021
14761,34934,false,0.570707
14762,1737,true,0.931361
14762,20715,false,0.002708
14762,29168,false,0.099539
14763,29692,false,0.944643
14763,46338,false,0.870733
14765,976,true,0.863442
14765,1563,true,0.992717
14765,20228,false,0.407922
14765,53169,false,0.046449
14766,377,true,0.201521
14766,10150,false,0.877333
14766,33558,false,0.533845
14766,42990,false,0.397538
14766,48428,false,0.896748
14766,50375,false,0.552945
14768,213,true,0.021453
14768,6382,true,0.180822
14768,6623,true,1.002792
14768,58891,false,0.064549
14769,40812,false,0.514982
14770,227,true,0.103528
14770,6288,true,0.827011
14770,6548,true,0.516985
14770,11509,false,0.447469
14770,24874,false,0.198584
14770,47398,false,0.606194
14770,50748,false,0.696068
14770,55560,false,0.616275
14771,845,true,0.380229
14771,6300,true,1.073834
14771,33004,false,0.431469
14772,3741,true,0.387456
14772,6234,true,0.064847
14772,6564,true,0.933663
14772,26039,false,0.079765
14772,26838,false,0.477137
14773,873,true,0.509546
14773,3353,true,0.937674
14773,3376,true,0.495007
14773,3642,true,0.413038
14773,6209,true,0.247859
14773,17858,false,0.868502
14773,24743,false,0.5769
14774,192,true,0.837636
14774,31106,false,0.5889
14775,17169,false,0.094391
14775,38675,false,0.041261
14776,1140,true,0.954427
14776,20167,false,0.983247
14776,36074,false,0.002559
14777,10733,false,0.860434
14777,48247,false,0.864171
14778,25630,false,0.20551
14778,34980,false,0.40458
14778,39852,false,0.529737
14778,49391,false,1.009211
14779,33976,false,0.301017
14779,48451,false,0.522295
14779,55067,false,0.489606
14780,10768,false,0.653274
14780,25160,false,0.547706
14781,561,true,0.092497
14781,11865,false,1.001507
14781,11964,false,1.007273
14782,1785,true,0.208384
14782,11096,false,0.320248
14782,28435,false,0.693314
14782,41114,false,0.799709
14783,1160,true,0.302185
14783,15927,false,0.768276
14783,39723,false,0.690696
14783,47972,false,0.73195
14784,276,true,0.104396
14784,13185,false,0.29791
14784,14220,false,0.394114
14784,30759,false,0.660691
14784,32193,false,0.356401
14784,34636,false,0.77865
14784,53184,false,0.638389
14785,153,true,0.469444
14785,231,true,0.167032
14785,1656,true,0.033653
14785,1751,true,0.797855
14785,17396,false,0.074721
14785,32831,false,0.045759
14785,36888,false,0.779851
14785,54746,false,0.249154
14786,27957,false,0.376226
14786,28982,false,0.232931
14787,783,true,0.590646
14787,819,true,0.50891
14787,1054,true,0.737379
14787,1699,true,0.181733
14787,1739,true,0.670542
14787,39068,false,0.190881
14788,29235,false,0.925022
14788,38362,false,0.493082
14788,45361,false,0.853781
14789,718,true,0.819011
14789,1590,true,0.222828
14789,34757,false,0.595395
14790,13407,false,0.409435
14790,16030,false,0.287462
14790,47052,false,0.907071
14790,52549,false,0.56033
14791,1128,true,0.81735
14791,1466,true,0.94315
14791,34166,false,0.105104
14791,54275,false,0.954675
14791,57753,false,0.484351
14792,1626,true,0.237055
14792,13376,false,0.870227
14792,24468,false,0.204073
14792,53192,false,0.41553
14793,588,true,0.505612
14793,12092,false,0.085325
14793,22060,false,0.387989
14793,41838,false,0.440093
14793,52063,false,0.684239
14793,57446,false,0.930314
14794,6392,true,0.653303
14794,18490,false,0.609194
14794,36014,false,0.174746
14794,41792,false,0.578195
14794,49967,false,0.865327
14795,3633,true,0.596664
14795,23808,false,0.779665
14795,49382,false,0.808754
14796,14366,false,0.03398
14796,58995,false,0.91722
14797,6176,true,0.577382
14797,16964,false,0.396685
14797,22343,false,0.421674
14797,28753,false,0.355528
14797,30649,false,0.212657
14798,3425,true,0.387502
14798,3927,true,0.125987
14798,6777,true,0.247745
14798,11032,false,0.146755
14798,24680,false,0.695893
14798,25759,false,0.926756
14798,29870,false,0.201234
14798,53489,false,0.742943
14799,22034,false,0.890679
14799,49800,false,0.114136
14800,3179,true,0.399903
14800,16799,false,0.717905
14800,26401,false,0.123709
14800,28930,false,0.021252
14800,38620,false,0.054712
14802,551,true,0.621166
14802,3541,true,0.291693
14802,3892,true,0.41907
14803,6344,true,0.013909
14803,24470,false,0.017131
14803,33097,false,0.538164
14803,57482,false,0.512004
14804,672,true,0.228663
14804,3980,true,0.689385
14804,6814,true,0.24082
14804,21442,false,0.933214
14804,35868,false,0.520673
14804,49392,false,0.33064
14804,51576,false,0.747556
14805,3873,true,0.766631
14805,58377,false,0.757061
14806,13086,false,0.608621
14806,37511,false,0.733879
14806,43204,false,0.315546
14806,44422,false,0.424605
14807,6823,true,0.11245
14807,6874,true,0.869276
14807,23600,false,0.95012
14808,3331,true,0.706002
14808,3634,true,0.293685
14808,3668,true,0.727786
14808,10910,false,1.005386
14808,24809,false,0.471801
14808,25544,false,0.370108
14808,57444,false,0.285848
14808,59543,false,0.278145
14809,34514,false,0.516246
14809,52792,false,0.597299
14809,59422,false,0.394601
14810,19745,false,0.27819
14810,28031,false,0.081811
14811,1529,true,0.858107
14811,49966,false,0.856507
14812,1562,true,0.565625
14813,16053,false,0.853198
14813,31351,false,0.95209
14813,32735,false,0.80513
14813,49928,false,0.567845
14813,53838,false,0.512708
14814,1762,true,0.666805
14814,18546,false,0.364731
14814,44053,false,0.072509
14815,26339,false,0.562755
14815,29936,false,0.154924
14815,37439,false,0.105173
14816,11377,false,0.892058
14816,42194,false,0.984345
14817,1414,true,0.112733
14817,23199,false,0.906478
14817,26142,false,0.119694
14817,40089,false,0.872919
14818,1834,true,0.573513
14818,33842,false,0.606246
14818,45717,false,0.617288
14819,1259,true,0.194293
14819,1393,true,0.737699
14820,1481,true,0.659677
14820,22491,false,0.38076
14820,26697,false,0.513592
14820,34326,false,0.651228
14820,53914,false,0.119651
14821,23466,false,0.037425
14821,30743,false,0.628168
14821,47364,false,0.654538
14821,49353,false,0.064085
14822,27985,false,0.321744
14822,50780,false,0.563766
14822,54979,false,0.776066
14823,14215,false,0.729578
14823,15606,false,0.008978
14823,16270,false,0.810316
14823,24253,false,0.449986
14823,38287,false,0.502716
14824,250,true,0.534795
14824,489,true,0.712326
14825,50731,false,0.562319
14825,56339,false,0.770294
14826,1448,true,0.21392
14827,1374,true,0.198207
14827,1516,true,0.089586
14827,12241,false,0.522069
14828,1116,true,0.359
14829,49406,false,0.762128
14830,13,true,0.706797
14830,1286,true,0.17594
14830,39981,false,0.409258
14830,40262,false,0.480361
14830,54696,false,0.917264
14830,57863,false,0.148992
14830,59768,false,0.375369
14831,28487,false,0.953716
14831,39219,false,0.791856
14831,44476,false,0.434002
14832,40082,false,0.514057
14832,42103,false,0.449546
14832,49407,false,0.122779
14833,314,true,0.438178
14833,1800,true,0.74182
14833,28321,false,0.483324
14833,33147,false,0.566065
14833,45305,false,0.320182
14834,15944,false,0.793486
14834,36339,false,0.075663
14834,37431,false,0.013981
14834,42625,false,0.467989
14835,1339,true,0.982076
14835,15737,false,0.64099
14835,38894,false,0.129804
14835,41527,false,0.722375
14836,29786,false,0.553616
14836,34095,false,0.972183
14836,40131,false,0.802034
14836,59881,false,0.175772
14837,15276,false,0.466507
14837,24462,false,0.310674
14837,27630,false,0.104049
14837,33692,false,0.688931
14837,38825,false,1.0073
14838,1233,true,1.028139
14838,28427,false,0.906823
14838,41339,false,0.94279
14838,57523,false,0.934492
14839,343,true,0.865339
14839,33834,false,0.149863
14839,39248,false,0.766998
14840,347,true,0.816862
14840,1309,true,0.799881
14840,24271,false,0.322001
14840,51545,false,0.047607
14840,55711,false,0.342432
14841,11015,false,0.854352
14841,48819,false,0.531427
14842,11220,false,0.26408
14842,13565,false,0.483719
14842,17153,false,0.021424
14842,28199,false,0.720288
14842,42859,false,0.190922
14842,59335,false,0.93879
14844,903,true,0.235179
14844,1612,true,0.318435
14844,1898,true,0.437197
14844,1906,true,0.509131
14844,10071,false,0.068884
14844,18523,false,0.87407
14844,30526,false,0.334352
14844,56939,false,0.90235
14845,30220,false,0.161454
14845,50387,false,0.070726
14846,1143,true,0.56088
14846,23954,false,0.540519
14846,27012,false,0.099767
14847,457,true,0.731592
14847,1643,true,0.260719
14847,54300,false,0.06896
14847,54526,false,0.019944
14848,43193,false,0.041229
14848,53110,false,0.422932
14850,25975,false,0.758525
14852,15166,false,0.404718
14853,31470,false,0.587495
14853,38740,false,0.486859
14853,42929,false,0.463449
14853,46591,false,0.29409
14854,41818,false,0.190075
14855,1987,true,0.94762
14855,10706,false,0.766824
14855,47582,false,0.122894
14856,17456,false,0.09986
14856,19878,false,0.823039
14856,36777,false,0.568397
14856,55809,false,0.384641
14857,1279,true,0.555522
14857,21632,false,0.903975
14857,22182,false,0.143708
14857,30847,false,0.78409
14858,1714,true,0.383091
14859,1294,true,0.292055
14859,12353,false,0.819788
14859,22145,false,0.407094
14859,50504,false,0.590759
14859,54140,false,0.212752
14860,52640,false,0.41977
14860,56798,false,0.503764
14861,24710,false,0.172055
14862,1666,true,0.742167
14862,32923,false,0.586926
14862,35427,false,0.594003
14863,28855,false,0.272222
14863,34155,false,0.41312
14864,1591,true,0.980918
14864,12181,false,0.463228
14864,37590,false,0.41411
14865,1748,true,0.324475
14865,15824,false,0.461031
14866,13802,false,0.028827
14866,32180,false,0.563698
14866,41232,false,0.220585
14866,44306,false,0.222098
14867,1018,true,0.948166
14867,43751,false,0.561293
14867,53133,false,0.371557
14868,1952,true,0.381638
14868,14496,false,0.546137
14868,32451,false,0.23946
14869,1111,true,0.092661
14869,25890,false,0.818861
14869,31581,false,1.004205
14869,38381,false,0.257591
14869,41077,false,0.680124
14869,44429,false,0.498977
14869,49580,false,0.705162
14870,23662,false,0.64819
14870,42372,false,0.020281
14870,45098,false,0.229196
14870,50572,false,0.376293
14871,1894,true,0.674701
14871,25244,false,0.014758
14871,29426,false,0.434325
14871,36078,false,0.121606
14872,41732,false,0.398332
14873,31167,false,0.195136
14874,1367,true,0.279954
14874,22450,false,0.150579
14874,27046,false,0.890751
14875,25983,false,0.298186
14875,42426,false,0.94317
14875,52539,false,0.083611
14876,16436,false,0.654531
14876,21806,false,0.612561
14876,58584,false,0.043435
14877,360,true,0.190121
14877,26555,false,0.253421
14877,53929,false,0.161408
14877,57795,false,0.143378
14878,729,true,0.146569
14878,3359,true,0.09226
14878,3891,true,0.40911
14878,49387,false,0.321984
14879,3324,true,0.557396
14879,3843,true,0.593107
14879,33922,false,0.066301
14879,49079,false,0.60633
14879,50672,false,0.427513
14880,196,true,1.002517
14880,3357,true,0.076883
14880,3435,true,0.51941
14880,14314,false,0.800264
14881,268,true,0.90389
14881,459,true,0.614564
14881,6435,true,0.659489
14881,6646,true,0.243208
14882,6321,true,0.075245
14882,6729,true,0.784257
14882,38426,false,0.066615
14882,40284,false,0.652327
14882,41856,false,0.087097
14882,49592,false,0.824493
14882,57276,false,0.400159
14883,6533,true,0.020148
14883,19551,false,0.745318
14883,20735,false,0.937379
14883,32994,false,0.038672
14883,51663,false,0.679236
14884,22817,false,0.034294
14884,37708,false,0.664927
14884,49104,false,0.418625
14884,51081,false,0.461836
14884,57351,false,0.403983
14885,3616,true,0.21818
14885,33238,false,0.924101
14886,6946,true,0.403393
14886,19800,false,0.800653
14886,24362,false,0.484779
14886,40620,false,0.977496
14887,3672,true,0.410974
14887,41800,false,0.32256
14887,53990,false,0.629845
14888,6027,true,0.401737
14888,10859,false,0.600419
14888,29499,false,0.80852
14888,33603,false,0.439712
14888,43896,false,0.225976
14888,50750,false,0.276823
14889,13831,false,0.34592
14889,15749,false,0.44558
14889,27567,false,0.036691
14889,57017,false,0.952295
14890,3068,true,0.048598
14890,6065,true,0.30756
14890,15281,false,0.447745
14890,26421,false,0.436756
14890,48224,false,0.098483
14890,49041,false,0.82487
14891,6702,true,0.151291
14891,27514,false,0.58199
14891,50257,false,0.828308
14892,471,true,0.903873
14892,3397,true,0.363499
14892,14835,false,0.135907
14892,20291,false,0.654929
14892,37860,false,0.180653
14892,57970,false,0.947952
14893,3875,true,1.003849
14893,43441,false,0.5646
14893,54968,false,0.49373
14894,120,true,0.45279
14894,6352,true,0.494406
14894,6825,true,0.385102
14895,6821,true,0.177476
14896,212,true,0.235859
14896,6373,true,0.693036
14896,6725,true,0.950665
14896,6886,true,0.687643
14896,31703,false,0.745984
14896,57541,false,0.298908
14897,11333,false,0.740371
14897,25746,false,0.411795
14897,36899,false,0.412199
14898,3077,true,0.877641
14898,3336,true,0.745035
14898,6126,true,0.735659
14898,6881,true,0.859912
14898,13627,false,0.892228
14898,35071,false,0.948053
14899,138,true,0.411796
14899,6784,true,0.88866
14899,10095,false,0.344573
14899,28542,false,0.859796
14900,235,true,0.003786
14900,670,true,0.147232
14900,6249,true,0.415803
14900,6461,true,0.864509
14900,13110,false,0.801366
14900,52212,false,0.060708
14900,59011,false,0.64424
14901,188,true,0.509157
14901,3806,true,0.211541
14901,6130,true,0.749658
14901,15842,false,0.164445
14901,25456,false,0.742348
14901,58334,false,0.140289
14902,70,true,0.570669
14902,786,true,0.175744
14902,27244,false,0.981864
14902,52204,false,0.049844
14903,3417,true,0.419901
14903,3847,true,0.108795
14903,6516,true,0.096142
14903,59305,false,0.87476
14904,544,true,0.443701
14904,875,true,0.777756
14904,3590,true,0.753971
14904,6093,true,0.284388
14904,13078,false,0.304207
14904,38062,false,0.229779
14905,256,true,0.235629
14905,434,true,0.290263
14905,745,true,0.806843
14905,22923,false,0.83398
14906,562,true,0.858353
14906,3134,true,0.588718
14906,6989,true,0.510689
14906,20246,false,0.709469
14906,49060,false,0.566327
14907,970,true,0.207328
14907,3259,true,0.197386
14907,16447,false,0.071903
14907,18321,false,0.173813
14907,36973,false,0.876004
14907,39947,false,0.67055
14908,50080,false,0.41333
14909,21174,false,0.26377
14909,42092,false,0.57006
14909,59771,false,0.627469
14910,20454,false,0.420072
14910,27575,false,0.463101
14910,33038,false,0.590373
14910,53964,false,0.673796
14910,59671,false,0.48238
14911,341,true,0.464264
14911,796,true,0.375201
14911,3401,true,0.924545
14911,6636,true,0.701182
14911,38156,false,0.319887
14911,40605,false,0.761867
14912,11629,false,0.975788
14912,14140,false,0.378154
14912,41734,false,0.479305
14912,54807,false,0.552648
14913,649,true,0.205391
14913,34461,false,0.890094
14914,345,true,0.384665
14914,439,true,0.405778
14914,34328,false,0.902909
14914,37359,false,0.412434
14915,737,true,0.378233
14915,46007,false,0.932683
14916,21495,false,0.313812
14916,25743,false,0.949972
14916,58385,false,0.096953
14917,59837,false,0.27051
14919,335,true,0.232077
14919,41379,false,0.241487
14920,735,true,0.070839
14920,14593,false,0.748522
14920,47199,false,0.394501
14921,53447,false,0.370767
14922,230,true,0.520725
14922,694,true,0.377371
14922,13173,false,0.885297
14922,14244,false,0.424576
14922,21453,false,0.690759
14922,45655,false,0.532973
14922,47962,false,0.378184
14922,49983,false,0.265839
14922,59193,false,0.617214
14923,18780,false,0.696145
14923,29973,false,0.992868
14924,24005,false,0.583173
14924,25988,false,0.099269
14924,27730,false,0.934075
14924,37646,false,0.115941
14925,576,true,0.816032
14925,54515,false,0.125629
14926,14743,false,0.600619
14927,23467,false,0.004408
14928,20769,false,0.221188
14928,57616,false,0.475466
14928,59860,false,0.367565
14929,19705,false,0.371643
14929,28263,false,0.376027
14929,40565,false,0.23516
14931,12191,false,0.685787
14931,21683,false,0.48775
14931,23680,false,0.182282
14931,53117,false,0.03629
14931,58502,false,0.236832
14932,46098,false,0.203692
14933,17040,false,1.00043
14933,56607,false,0.626992
14934,367,true,0.582535
14934,571,true,0.432209
14934,3710,true,0.58551
14934,12043,false,0.333074
14934,16683,false,0.416318
14934,25515,false,0.84896
14934,43194,false,1.017482
14934,49336,false,0.660735
14934,50518,false,0.88394
14935,108,true,0.388349
14935,935,true,0.046358
14935,11103,false,0.28761
14935,13087,false,0.322901
14936,3059,true,0.597174
14936,22096,false,0.097901
14937,3292,true,0.25479
14937,3862,true,0.48569
14938,913,true,0.062315
14938,23663,false,0.208865
14938,26340,false,0.91848
14939,18317,false,0.935273
14939,24099,false,0.50572
14940,956,true,0.546876
14940,3826,true,0.589908
14940,25540,false,0.931575
14940,27091,false,0.341983
14940,36041,false,0.376432
14941,340,true,0.74545
14941,514,true,0.044086
14941,3878,true,0.560934
14941,12978,false,0.364316
14941,19519,false,0.815425
14942,772,true,0.715575
14942,3898,true,0.115306
14942,25014,false,0.02231
14942,34543,false,0.087181
14942,36304,false,0.899785
14942,39737,false,0.737208
14942,41174,false,0.863661
14942,44439,false,0.830807
14942,47955,false,0.589954
14943,451,true,0.922957
14943,18641,false,0.394856
14943,35489,false,0.279181
14943,47666,false,0.162737
14944,44844,false,0.651258
14944,54380,false,0.553206
14945,872,true,0.249875
14945,1550,true,0.926764
14946,423,true,0.070927
14946,11119,false,0.273607
14946,35099,false,0.810731
14946,50391,false,0.435869
14947,1548,true,0.820296
14947,4000,true,0.767366
14947,19541,false,0.149363
14947,42016,false,1.000496
14947,56175,false,0.289524
14948,24153,false,0.171469
14948,52328,false,0.943828
14950,37233,false,1.051939
14951,10662,false,0.678968
14951,35581,false,0.864581
14951,44649,false,0.930469
14952,58449,false,0.573566
14953,11468,false,0.694918
14953,17054,false,0.231958
14953,34361,false,0.768991
14954,36746,false,0.948951
14955,29288,false,0.742198
14955,54920,false,0.08553
14958,28001,false,0.580901
14958,29327,false,0.321969
14958,45953,false,0.502972
14958,53572,false,0.403658
14958,57500,false,0.801397
14959,32143,false,0.458824
14960,16777,false,0.06613
14960,48770,false,0.243022
14960,52098,false,0.911835
14960,54763,false,0.949334
14961,46858,false,0.968945
14962,19151,false,0.417358
14962,47862,false,0.095577
14962,57126,false,0.334538
14964,388,true,0.998754
14964,1154,true,0.302141
14964,3975,true,0.336972
14964,32805,false,0.526604
14964,35907,false,0.566688
14964,58970,false,1.014699
14965,1812,true,0.250096
14965,3110,true,0.92221
14965,40886,false,0.419425
14965,54121,false,0.821502
14966,3341,true,0.208942
14966,43263,false,0.388348
14966,46220,false,0.476428
14967,369,true,0.617002
14967,3971,true,0.759115
14967,37984,false,0.737697
14967,38234,false,0.493307
14967,45010,false,0.60397
14967,49551,false,0.390719
14967,55741,false,0.279556
14968,1674,true,0.134509
14968,3095,true,0.071822
14968,11311,false,0.691219
14968,11687,false,0.383584
14968,38616,false,0.513411
14968,58280,false,0.295971
14969,11266,false,0.755845
14969,33731,false,0.078271
14970,11026,false,0.898576
14970,11445,false,0.07292
14971,27209,false,0.689267
14971,36032,false,0.296964
14972,1465,true,0.260271
14972,36813,false,0.073783
14972,47009,false,0.363095
14972,59619,false,0.467183
14973,1945,true,0.160886
14973,19136,false,0.262496
14973,32396,false,0.241083
14974,3318,true,0.807548
14974,3378,true,0.340416
14974,32385,false,0.815438
14974,57726,false,0.784228
14975,32472,false,0.376118
14975,40742,false,0.9405
14975,54161,false,0.073965
14975,57287,false,0.939136
14976,21201,false,0.053273
14976,36091,false,0.532557
14977,16219,false,6.17E-4
14977,32427,false,0.881961
14977,49144,false,0.311746
14978,1901,true,0.450828
14978,3563,true,0.870343
14978,21328,false,0.576913
14978,21390,false,0.653838
14979,427,true,0.567991
14979,12169,false,0.761956
14979,20360,false,0.2107
14979,31161,false,0.644164
14980,755,true,0.861353
14980,1980,true,0.489254
14980,3920,true,0.046767
14980,24101,false,0.056655
14980,29900,false,0.36958
14980,41145,false,0.25617
14981,1356,true,0.577067
14981,1930,true,0.48495
14981,38069,false,0.981746
14981,43058,false,0.830312
14982,534,true,0.195529
14982,1551,true,0.807091
14982,3434,true,0.793109
14982,15923,false,0.78686
14982,32217,false,0.189877
14982,33397,false,0.786728
14982,39819,false,0.941144
14983,17307,false,0.432913
14983,46028,false,0.458537
14983,57061,false,0.30099
14984,15549,false,0.724127
14984,16210,false,0.619875
14984,16893,false,1.000137
14984,46999,false,0.549601
14984,54205,false,0.712019
14984,54247,false,0.012496
14984,58997,false,0.399241
14985,25308,false,0.278399
14985,44885,false,0.153502
14985,59721,false,0.659634
14986,12127,false,0.250164
14986,47128,false,0.197762
14987,30379,false,0.682694
14988,42180,false,0.388597
14989,35510,false,0.81993
14989,57052,false,0.702607
14989,58657,false,0.651095
14990,35908,false,0.009348
14990,44492,false,0.400434
14990,50195,false,0.974844
14990,53560,false,0.196532
14991,20942,false,0.001991
14991,23069,false,0.84534
14991,39537,false,0.54255
14991,57752,false,0.985621
14992,55512,false,0.216178
14993,19340,false,0.941399
14993,26575,false,0.53058
14993,33870,false,0.259462
14993,35422,false,0.197899
14993,45552,false,0.946123
14994,13352,false,0.648375
14994,32549,false,0.027171
14995,30639,false,0.162065
14995,34681,false,0.063775
14995,46001,false,0.697626
14996,21871,false,0.244565
14996,29928,false,0.592994
14996,32333,false,0.8485
14997,10558,false,0.938541
14997,36421,false,0.933188
14998,37227,false,0.609415
14998,43432,false,0.060242
14998,53590,false,0.042952
14999,12785,false,0.463219
14999,24538,false,0.404883
15002,50997,false,0.962413
15003,11548,false,0.044686
15004,12028,false,0.040028
15004,39671,false,0.549082
15004,40721,false,0.234433
15004,58678,false,0.753571
15006,10901,false,0.778394
15007,28554,false,0.415511
15007,45736,false,0.133608
15007,47366,false,0.787542
15008,27163,false,0.418212
15008,42781,false,0.306979
15008,52251,false,0.819564
15009,41040,false,0.657403
15009,47709,false,0.170296
15010,25994,false,0.547331
15010,28752,false,0.093547
15010,35221,false,0.066955
15010,36340,false,0.184138
15010,43365,false,0.456479
15010,53974,false,0.755865
15012,49606,false,0.474131
15013,45015,false,0.034675
15014,28938,false,0.219324
15014,49058,false,0.300859
15015,30782,false,0.198017
15015,39969,false,0.416216
15015,43691,false,0.650392
15015,53916,false,0.411369
15016,10379,false,0.724503
15016,22724,false,0.315946
15016,58365,false,0.30991
15018,17244,false,0.335455
15018,21172,false,0.489891
15018,26248,false,0.14422
15018,53483,false,0.868225
15019,1157,true,0.997381
15019,14393,false,0.818306
15019,21972,false,0.272152
15020,20090,false,0.088092
15020,26458,false,0.100469
15020,37843,false,0.02988
15020,42833,false,0.412137
15020,48906,false,0.877199
15020,52334,false,1.020949
15020,58058,false,0.951922
15021,1421,true,0.152323
15021,37845,false,0.72201
15022,15617,false,1.002035
15022,15762,false,0.372731
15022,43473,false,0.289823
15022,54040,false,0.012496
15023,15772,false,0.864132
15023,45345,false,0.042964
15024,1290,true,0.060277
15024,1617,true,0.403166
15024,37702,false,0.690331
15024,43486,false,0.951358
15025,1891,true,0.910733
15025,26684,false,0.450714
15025,29802,false,0.984813
15025,45911,false,0.820486
15025,54324,false,0.636328
15026,1476,true,0.347562
15026,21907,false,1.006483
15027,17729,false,0.222517
15028,22493,false,0.377619
15029,32120,false,0.221533
15029,56033,false,0.256905
15030,17935,false,0.333746
15030,54078,false,0.354609
15031,28782,false,0.399487
15031,56952,false,0.30814
15033,1716,true,0.355725
15033,19971,false,0.841037
15033,25458,false,0.727987
15034,511,true,0.68412
15034,666,true,0.386122
15034,750,true,0.765203
15034,17149,false,0.847607
15034,24100,false,0.666341
15034,57860,false,0.482247
15035,137,true,0.479512
15035,493,true,0.530995
15035,3398,true,0.054898
15035,20409,false,0.746842
15035,21654,false,0.288105
15035,59795,false,0.549031
15036,3783,true,0.76798
15036,3959,true,0.864041
15036,34131,false,1.021103
15036,44621,false,0.546876
15036,59358,false,0.828024
15037,251,true,0.230389
15037,808,true,0.541125
15037,23368,false,0.708443
15037,43421,false,0.028189
15037,52327,false,0.498428
15038,1229,true,0.044291
15038,53138,false,0.969893
15038,56353,false,0.855559
15039,606,true,0.57481
15039,671,true,0.886501
15039,912,true,0.448296
15039,3175,true,0.716778
15039,27869,false,0.049056
15039,38826,false,0.862648
15039,42348,false,0.103912
15039,44386,false,0.843562
15040,3203,true,0.231153
15040,3532,true,0.605539
15041,851,true,0.358766
15041,15152,false,0.725838
15041,36366,false,0.617737
15041,44763,false,0.210718
15041,45873,false,0.42825
15041,49089,false,0.627277
15041,53437,false,0.223838
15042,3250,true,0.481893
15042,3349,true,0.29773
15042,3453,true,0.151876
15042,3872,true,0.106256
15042,17940,false,0.923387
15043,46889,false,0.102232
15043,46949,false,0.804674
15044,1920,true,0.286218
15044,26759,false,0.608291
15044,57691,false,0.593266
15045,32,true,0.646211
15045,291,true,0.042624
15045,31763,false,0.713727
15045,41996,false,1.078405
15045,52144,false,0.534934
15045,52389,false,0.723394
15046,418,true,0.1194
15046,1337,true,0.354039
15046,10619,false,0.978161
15047,1584,true,0.850996
15047,28258,false,0.958293
15047,38155,false,0.704215
15047,40200,false,0.985433
15047,41420,false,0.083743
15047,41913,false,0.550101
15047,49642,false,0.531987
15048,16776,false,0.549137
15048,26510,false,0.836862
15049,23817,false,0.976537
15050,84,true,0.345969
15050,349,true,0.220331
15050,426,true,0.966925
15051,10050,false,0.023685
15051,39748,false,0.532701
15052,20362,false,0.990482
15052,22110,false,0.571403
15052,35807,false,0.94565
15052,55463,false,0.894807
15053,20028,false,0.916717
15053,24722,false,0.824327
15053,42689,false,0.988838
15053,45111,false,0.645741
15054,29696,false,0.250945
15054,42597,false,0.137568
15054,48301,false,0.450747
15055,17,true,0.181402
15055,38259,false,0.014266
15055,41543,false,0.120903
15056,61,true,0.278979
15056,1101,true,0.858188
15056,23945,false,0.341251
15056,32521,false,0.047781
15056,33350,false,0.122816
15056,48376,false,0.211361
15056,52964,false,0.528975
15057,10955,false,0.472211
15057,33267,false,0.638657
15057,44344,false,0.139943
15058,16810,false,0.617417
15058,22922,false,0.939467
15058,34852,false,0.588091
15059,207,true,0.868562
15059,1267,true,0.47816
15059,25495,false,0.050363
15059,30906,false,0.05347
15059,35402,false,0.501863
15059,50119,false,0.688998
15060,1450,true,0.070824
15060,1797,true,0.871436
15060,12014,false,1.008191
15060,43259,false,0.74826
15060,51531,false,0.705114
15060,57342,false,0.150346
15060,57710,false,0.95501
15060,58737,false,0.192821
15061,10911,false,0.98971
15062,424,true,0.210355
15062,1640,true,0.963175
15062,10588,false,0.884551
15062,34799,false,1.022012
15062,58653,false,0.961783
15063,12,true,0.206598
15063,1533,true,0.462195
15063,1574,true,0.376692
15063,16410,false,0.32719
15063,21454,false,0.90502
15063,24649,false,0.425255
15063,43481,false,0.944142
15064,20603,false,0.450432
15064,22768,false,0.034098
15064,38609,false,0.877935
15064,41835,false,0.464444
15064,44694,false,0.701036
15065,33377,false,0.004536
15066,12986,false,0.372936
15066,13720,false,0.498275
15066,56778,false,0.676037
15068,27618,false,0.575302
15068,45421,false,0.438978
15070,13267,false,0.282513
15070,25000,false,0.65274
15070,45692,false,0.318785
15071,10592,false,0.49209
15071,16147,false,0.13223
15071,21482,false,0.909982
15071,31355,false,0.702626
15071,41672,false,0.173608
15071,45275,false,0.852577
15071,51584,false,0.74931
15072,11613,false,0.868182
15072,21192,false,0.539395
15072,31033,false,0.522698
15073,17986,false,0.328195
15073,20620,false,0.76352
15074,28707,false,0.270065
15074,35696,false,0.913933
15076,30233,false,0.111392
15077,10973,false,0.12214
15077,28188,false,0.603805
15077,32291,false,0.504196
15077,43354,false,0.85981
15078,59586,false,0.60198
15079,11935,false,0.068233
15079,42744,false,0.810943
15080,21050,false,0.020246
15080,22938,false,0.86026
15081,28497,false,0.901071
15082,14624,false,0.900307
15083,31074,false,0.162515
15083,32879,false,0.500403
15084,26425,false,0.395373
15084,31371,false,0.813563
15085,59425,false,0.449807
15086,420,true,0.10889
15086,46137,false,0.06386
15087,1475,true,0.679583
15087,54199,false,0.571272
15088,17085,false,0.572525
15088,30464,false,0.520807
15088,34610,false,0.261208
15088,40657,false,0.846914
15088,47404,false,0.6543
15089,39037,false,0.524618
15089,49518,false,0.421208
15090,34767,false,0.208051
15091,16215,false,0.879366
15093,11005,false,0.031452
15093,43887,false,0.737079
15093,53797,false,0.093024
15094,10383,false,0.202177
15094,14435,false,0.914459
15094,15435,false,0.384211
15094,23541,false,0.823705
15094,36509,false,0.162963
15094,39541,false,0.566752
15094,57062,false,0.948192
15094,59472,false,0.931083
15095,14546,false,0.841537
15095,38102,false,0.791914
15095,59434,false,0.168304
15096,14204,false,0.536629
15097,38490,false,0.490825
15098,29038,false,0.983706
15098,33791,false,0.211271
15099,12116,false,0.233987
15099,15600,false,0.842441
15099,31364,false,1.013676
15099,51650,false,0.160208
15099,56617,false,0.72135
15100,1087,true,0.627898
15100,37333,false,0.487831
15102,1358,true,0.699223
15102,25328,false,0.904154
15102,25753,false,0.151886
15102,44417,false,0.032974
15102,47049,false,0.004536
15102,48210,false,0.409778
15103,24132,false,0.007364
15104,1886,true,0.215057
15104,21669,false,0.126919
15104,23969,false,0.323314
15104,29027,false,0.763986
15104,43592,false,0.460475
15105,12938,false,0.718883
15105,15058,false,0.993669
15106,1193,true,0.280557
15106,1613,true,0.606302
15106,1749,true,0.571134
15106,1766,true,0.088781
15106,1794,true,0.283807
15106,17460,false,0.081566
15106,23032,false,0.242471
15106,59628,false,0.425998
15107,29154,false,0.264834
15107,46125,false,0.859652
15108,27422,false,0.143538
15108,42340,false,0.539895
15108,47984,false,0.641835
15109,1147,true,0.490279
15109,10340,false,0.145683
15109,15828,false,0.4538
15109,42958,false,0.42957
15109,51089,false,0.306547
15110,664,true,0.590834
15111,15610,false,0.070576
15111,19071,false,0.545308
15111,27909,false,0.389425
15111,55482,false,0.147015
15112,516,true,0.449668
15112,1777,true,0.96015
15112,59515,false,0.58499
15113,303,true,0.298802
15113,1493,true,0.858037
15113,28603,false,0.648745
15113,38310,false,0.554179
15113,51810,false,0.171276
15113,53145,false,0.22922
15113,59035,false,0.002647
15114,43688,false,0.504857
15115,16049,false,0.323002
15115,16294,false,0.674795
15115,22356,false,0.325091
15116,432,true,0.765883
15116,21091,false,0.02431
15116,38756,false,0.208154
15116,41675,false,0.404602
15116,49733,false,0.465376
15116,49894,false,0.441869
15117,394,true,0.658116
15117,53392,false,0.272793
15118,6121,true,0.17415
15118,20005,false,0.932931
15118,29480,false,0.498006
15118,53702,false,0.724288
15118,59490,false,0.357207
15119,24034,false,0.750224
15119,55610,false,0.681537
15120,6730,true,0.929897
15120,15061,false,0.235821
15120,17698,false,0.181015
15120,42657,false,0.518915
15121,80,true,0.424616
15121,6177,true,0.670067
15121,6781,true,1.003859
15122,15176,false,0.045227
15122,29454,false,0.929655
15123,879,true,0.013617
15123,6139,true,0.350308
15123,6601,true,0.600144
15123,26506,false,0.484366
15123,56870,false,0.120206
15123,57018,false,0.382153
15124,328,true,0.71772
15124,6715,true,0.59466
15124,16152,false,0.323118
15125,312,true,0.24844
15125,12185,false,0.745628
15125,22978,false,0.631697
15126,1000,true,0.960742
15126,6950,true,0.068712
15126,48910,false,0.726496
15127,152,true,0.182154
15128,10675,false,0.904362
15128,21461,false,0.512891
15128,35765,false,0.15042
15128,47059,false,0.29663
15129,18001,false,0.562075
15129,36765,false,0.011635
15129,47977,false,0.666181
15130,189,true,0.884606
15130,10909,false,0.619834
15130,28940,false,0.201113
15131,27496,false,0.680324
15131,33864,false,0.405571
15131,46154,false,0.416519
15132,575,true,0.483702
15132,25298,false,0.326415
15132,33112,false,0.767114
15133,910,true,0.33978
15133,35343,false,0.788752
15133,35680,false,0.324944
15133,36319,false,0.510769
15134,157,true,0.102474
15134,26779,false,0.466056
15134,32288,false,0.909692
15134,32364,false,0.455008
15134,58878,false,0.645962
15135,40395,false,0.382871
15135,49295,false,0.14263
15136,11018,false,0.061513
15136,17296,false,0.487286
15136,18554,false,0.348716
15136,30512,false,0.60233
15136,37824,false,0.256949
15136,43061,false,0.721993
15136,48285,false,0.317678
15136,54321,false,0.229527
15138,14454,false,0.899694
15138,40071,false,1.106851
15139,625,true,8.22E-4
15139,6261,true,0.36093
15140,6217,true,0.643355
15140,11918,false,0.399658
15140,24294,false,0.266166
15140,51171,false,0.469286
15141,13292,false,0.244831
15141,21016,false,0.6812
15141,24371,false,0.915936
15141,56638,false,0.825598
15142,86,true,0.602008
15142,58198,false,0.639472
15143,13740,false,0.711465
15143,23002,false,0.129637
15144,15753,false,0.699494
15146,22698,false,0.352843
15146,24686,false,0.658862
15146,25170,false,0.56997
15146,26293,false,0.282924
15146,55791,false,0.758986
15148,15775,false,0.936556
15148,48591,false,0.160422
15149,18755,false,0.32438
15149,46269,false,0.502589
15150,12134,false,0.735698
15151,19436,false,0.922078
15151,33313,false,0.771158
15152,23289,false,0.814617
15153,29203,false,0.415592
15153,41034,false,1.007969
15153,51039,false,0.881724
15153,52178,false,0.998852
15153,55389,false,0.083288
15153,59049,false,0.590061
15155,22437,false,0.739897
15155,24041,false,0.141723
15156,32268,false,0.116304
15156,54153,false,0.380837
15156,54854,false,0.164746
15156,54870,false,0.112033
15156,55460,false,0.861029
15157,10145,false,0.712424
15157,30482,false,0.488281
15158,20006,false,0.558908
15158,43606,false,0.743479
15159,13237,false,0.984015
15159,23879,false,0.821363
15159,29656,false,0.674122
15159,33581,false,0.762955
15159,33857,false,0.868957
15160,17009,false,0.238541
15160,28283,false,0.921782
15160,34459,false,0.684586
15160,43903,false,0.943078
15161,19757,false,0.403308
15162,16155,false,0.08265
15162,47718,false,0.732789
15163,27804,false,0.155659
15164,18736,false,0.72812
15164,23150,false,0.12826
15164,34719,false,0.441618
15164,47573,false,0.433046
15165,12860,false,0.130553
15165,12867,false,0.425957
15165,29182,false,0.540541
15166,11361,false,0.481779
15166,13451,false,0.30996
15167,13383,false,0.585286
15167,25484,false,0.521057
15167,27341,false,0.255376
15168,19315,false,0.733714
15168,32729,false,0.960136
15169,17141,false,0.724663
15170,31710,false,0.292282
15170,32084,false,0.570942
15170,47017,false,0.725521
15170,54056,false,0.665223
15171,34795,false,0.566726
15172,27010,false,0.99525
15172,54416,false,0.181197
15173,28913,false,0.955739
15175,53111,false,0.380818
15176,14538,false,0.739501
15177,23234,false,0.183146
15177,36055,false,0.972375
15178,15764,false,0.256772
15180,42142,false,0.3137
15180,55682,false,0.159194
15181,26494,false,0.09497
15181,37020,false,0.33261
15182,51857,false,0.216852
15183,16004,false,0.584815
15183,27182,false,0.542642
15185,39505,false,0.762364
15185,52591,false,0.181467
15187,13841,false,0.90331
15187,32553,false,0.577507
15187,55737,false,0.723613
15188,38280,false,0.884791
15189,6972,true,0.951232
15189,32140,false,0.795436
15190,6019,true,0.469958
15190,6396,true,0.433598
15190,59155,false,0.289086
15191,6279,true,0.397816
15191,15502,false,1.023261
15191,18549,false,0.894954
15191,20040,false,0.361884
15191,27871,false,0.887197
15192,6075,true,0.171168
15192,6331,true,0.798313
15192,6612,true,0.607303
15192,30678,false,0.217723
15192,40926,false,0.535121
15192,50500,false,0.845792
15192,59501,false,0.761792
15193,6025,true,0.001968
15193,37201,false,0.731485
15193,39121,false,0.336937
15193,43506,false,0.341745
15193,50537,false,0.672635
15193,51533,false,0.778694
15194,3682,true,0.32155
15194,3944,true,0.82381
15194,6377,true,0.90732
15194,6426,true,0.265452
15194,6632,true,0.443032
15194,6961,true,0.420083
15195,3857,true,0.893732
15195,10663,false,0.558925
15195,26007,false,0.62813
15195,26164,false,0.693071
15195,38384,false,0.906745
15195,39690,false,0.084082
15196,3723,true,0.911659
15196,6180,true,0.903641
15196,6485,true,0.125266
15196,13445,false,0.514224
15196,14744,false,0.530213
15196,19678,false,0.90083
15197,20,true,0.032154
15197,13946,false,0.974414
15197,32904,false,0.892025
15198,640,true,0.828713
15198,6127,true,0.471381
15198,39517,false,0.912485
15198,58599,false,0.170004
15199,57334,false,0.119684
15200,14096,false,0.482219
15200,20219,false,0.986118
15200,24248,false,0.036261
15200,47530,false,0.474065
15200,52187,false,0.01421
15200,53187,false,0.399705
15201,31516,false,0.125322
15201,36317,false,0.398691
15201,36793,false,0.642993
15201,51688,false,0.490871
15202,1890,true,0.59361
15202,31999,false,0.023506
15202,33465,false,0.636589
15203,1768,true,0.568161
15203,1848,true,0.492507
15203,13343,false,0.438913
15204,1390,true,0.729412
15204,32450,false,0.878391
15204,40513,false,0.090378
15204,43485,false,0.226861
15205,32115,false,0.246295
15205,52917,false,0.659766
15205,57247,false,0.308072
15205,59728,false,0.865473
15206,30288,false,0.238551
15207,1878,true,0.060957
15207,10183,false,0.267241
15207,10728,false,0.719791
15207,14304,false,0.744689
15207,57361,false,0.296928
15208,14410,false,0.942645
15208,16407,false,0.397494
15208,25299,false,0.153546
15209,1770,true,0.708021
15209,11319,false,0.26573
15209,15210,false,0.906855
15209,22751,false,0.917748
15210,38534,false,1.003373
15211,2008,true,0.892896
15212,11,true,0.856964
15212,6429,true,0.430381
15212,6816,true,0.597098
15212,18164,false,0.76835
15212,22741,false,0.764006
15213,30801,false,0.151012
15213,36025,false,0.621427
15214,28195,false,0.42588
15214,52808,false,0.205015
15215,39367,false,0.832547
15215,43364,false,0.858965
15215,54350,false,0.673134
15215,59055,false,0.126597
15216,10710,false,0.055389
15216,13858,false,0.087079
15216,32253,false,0.282082
15216,45296,false,0.704085
15217,30528,false,0.238838
15217,32650,false,0.136217
15218,357,true,0.962897
15218,14766,false,0.97884
15218,16730,false,0.27185
15218,42379,false,0.013065
15219,122,true,0.977363
15219,634,true,0.066655
15219,6048,true,0.623024
15220,6871,true,1.014691
15220,13040,false,0.088307
15220,14406,false,0.990387
15220,22609,false,0.35671
15220,28588,false,0.781817
15220,30974,false,0.39551
15220,39376,false,0.365154
15220,40643,false,0.571689
15220,41862,false,0.900806
15220,42650,false,0.47945
15221,782,true,0.944465
15221,867,true,0.875097
15221,29262,false,0.170854
15221,35364,false,0.229204
15221,41843,false,0.188233
15221,42027,false,0.057988
15221,46219,false,0.990004
15221,49748,false,0.660564
15222,6603,true,0.704639
15222,18027,false,0.461117
15222,47343,false,0.349116
15223,414,true,0.888262
15223,468,true,0.082979
15223,517,true,0.097259
15223,677,true,0.841937
15223,6359,true,0.022536
15223,26910,false,0.132628
15223,50094,false,0.528723
15224,6380,true,0.91508
15224,21265,false,0.837703
15224,27174,false,0.969682
15224,45446,false,0.268402
15225,19243,false,0.517897
15225,27282,false,0.622768
15226,15262,false,0.370449
15226,43757,false,0.715506
15226,48965,false,0.899915
15227,6413,true,0.480161
15228,600,true,0.948577
15228,6935,true,0.619987
15228,46869,false,0.458358
15228,48861,false,0.084675
15229,6219,true,0.970462
15229,21651,false,0.375845
15229,39318,false,0.926101
15230,930,true,0.530538
15230,55209,false,0.562457
15231,119,true,0.229893
15231,19292,false,0.215527
15231,21780,false,0.909408
15231,22338,false,0.955339
15231,26310,false,0.374231
15232,6246,true,0.438457
15232,56622,false,0.399801
15233,37629,false,0.453321
15233,42999,false,0.064566
15234,218,true,0.953354
15234,6204,true,0.744564
15234,6791,true,0.308679
15234,6890,true,0.569021
15234,26944,false,0.92485
15235,837,true,0.584224
15235,22625,false,0.711171
15235,29035,false,0.249333
15235,46573,false,0.179103
15235,56140,false,0.400381
15236,234,true,0.969732
15236,6181,true,0.884853
15236,6199,true,0.090808
15236,6550,true,0.347926
15236,44148,false,0.357142
15237,848,true,0.423454
15237,6009,true,0.108601
15237,6717,true,0.080004
15237,6984,true,0.113826
15237,42332,false,0.103004
15237,53009,false,0.569998
15238,6979,true,0.211086
15238,15904,false,0.711499
15238,16621,false,0.719551
15238,57950,false,0.50905
15238,58908,false,0.460625
15239,6151,true,0.307701
15239,6982,true,0.415727
15239,19662,false,0.03792
15239,36870,false,0.439755
15239,39954,false,0.933523
15239,47464,false,0.501085
15240,49497,false,0.988646
15241,23905,false,0.263777
15241,30684,false,0.855649
15241,31904,false,0.359313
15241,31987,false,0.328389
15241,34595,false,0.341301
15242,6606,true,0.079915
15242,24592,false,0.674778
15242,28573,false,0.545658
15242,51059,false,0.314352
15243,6486,true,0.080799
15243,31988,false,0.044258
15243,47757,false,0.335175
15244,14177,false,0.254789
15244,20948,false,0.419402
15244,23278,false,0.229361
15244,33677,false,0.073566
15244,37940,false,0.212608
15245,6540,true,0.892006
15245,36378,false,0.197882
15245,51577,false,0.268838
15246,49915,false,0.05589
15246,52106,false,0.117856
15247,27550,false,0.711538
15248,43035,false,0.248623
15249,25614,false,0.906202
15249,32791,false,0.385298
15250,28874,false,0.702921
15250,36305,false,0.576324
15250,52272,false,0.377576
15251,766,true,0.902411
15251,1564,true,0.536211
15251,13674,false,0.503877
15251,17930,false,0.459038
15251,19132,false,0.146212
15251,23860,false,0.773849
15251,38692,false,0.661265
15251,52772,false,0.646792
15251,53687,false,0.731943
15251,55694,false,0.265812
15253,18169,false,0.78677
15253,52160,false,0.915199
15254,32548,false,0.282315
15254,58605,false,0.420655
15255,31376,false,0.774184
15255,36398,false,0.242685
15255,50550,false,0.2107
15255,59739,false,0.403902
15256,15832,false,0.427548
15256,53225,false,0.369264
15257,10299,false,0.566693
15258,657,true,0.563496
15258,12788,false,1.038848
15258,52764,false,0.458725
15260,1683,true,0.250186
15260,34773,false,0.070518
15261,26388,false,0.651488
15262,1273,true,0.042922
15262,1397,true,0.021267
15262,17987,false,0.7467
15263,50930,false,0.553566
15263,59029,false,0.743199
15264,34745,false,0.53899
15264,45266,false,0.191533
15264,57672,false,0.767251
15266,6292,true,0.831521
15266,38322,false,0.550396
15267,1429,true,0.787427
15267,1581,true,0.543649
15267,10339,false,0.45019
15267,57296,false,0.731877
15267,59942,false,0.133573
15268,1488,true,0.111463
15268,10148,false,0.745658
15268,17409,false,0.415313
15268,53839,false,0.921934
15270,19525,false,0.567204
15270,29194,false,0.265238
15270,33087,false,0.119844
15270,40159,false,1.00587
15271,27888,false,0.140164
15271,52215,false,0.628974
15272,11940,false,0.924825
15274,11790,false,0.030534
15274,43101,false,0.597716
15275,41173,false,0.743639
15276,11118,false,0.387991
15276,20344,false,0.125738
15276,45103,false,0.399453
15276,49071,false,0.771809
15276,58590,false,0.640408
15278,29387,false,0.198478
15278,29651,false,0.796893
15278,38585,false,0.229562
15278,44433,false,0.549395
15278,51256,false,0.290654
15279,36547,false,0.284451
15280,13690,false,0.27411
15280,27604,false,0.674083
15280,46802,false,0.836631
15281,25220,false,0.122531
15282,19398,false,0.833968
15282,21734,false,0.028599
15282,44221,false,0.449022
15283,49320,false,0.404289
15284,41426,false,0.637134
15284,50077,false,0.271104
15285,14984,false,0.223945
15285,30846,false,0.835386
15285,39756,false,0.014153
15286,24527,false,0.686596
15287,21983,false,0.969846
15287,27902,false,0.850885
15287,34098,false,0.318992
15287,34952,false,0.268924
15287,36586,false,0.449117
15288,43538,false,0.805646
15290,34975,false,0.366355
15290,43806,false,0.154721
15290,44663,false,0.934012
15290,47547,false,0.020239
15290,52897,false,0.308647
15290,59197,false,0.48092
15291,26225,false,0.674834
15291,36925,false,0.053827
15292,1663,true,0.788199
15292,28888,false,0.352831
15292,42235,false,0.766849
15294,13484,false,0.76683
15294,54130,false,0.133826
15295,12907,false,0.788318
15296,18446,false,0.905002
15296,32194,false,0.38486
15297,11610,false,0.456817
15297,31285,false,0.262109
15297,52678,false,0.643128
15298,1822,true,0.899558
15298,23089,false,0.895456
15298,33048,false,0.106636
15298,56566,false,0.118423
15299,31898,false,0.077599
15299,46956,false,0.545717
15300,25108,false,0.47214
15301,1121,true,0.535929
15301,1344,true,0.731117
15301,1684,true,0.958491
15301,28023,false,0.229708
15301,37935,false,0.196361
15301,54618,false,0.241834
15302,24042,false,0.324944
15302,47913,false,0.185172
15302,52417,false,0.504396
15303,13580,false,0.856113
15303,28127,false,0.74728
15303,29684,false,0.697851
15303,50123,false,0.861738
15304,52399,false,0.880037
15304,56499,false,0.665128
15306,1558,true,0.464117
15306,55739,false,0.600914
15307,43758,false,0.792946
15308,14205,false,0.599813
15308,30877,false,0.44088
15308,36898,false,0.832398
15309,41910,false,0.802705
15309,51453,false,0.179033
15310,1967,true,0.429972
15310,16145,false,0.231853
15310,21513,false,0.764598
15311,24628,false,0.80468
15311,45290,false,0.268454
15312,11374,false,0.259236
15312,17660,false,0.318883
15312,18920,false,0.63585
15312,21393,false,0.122938
15312,53210,false,0.603724
15313,1442,true,0.950107
15313,50453,false,0.737477
15313,56851,false,0.204425
15313,58041,false,0.902555
15314,1729,true,0.7416
15314,54821,false,0.171862
15315,1024,true,0.841581
15315,1955,true,0.57692
15315,11998,false,0.950741
15315,30516,false,6.41E-4
15315,36314,false,0.81375
15315,47438,false,0.393021
15316,18171,false,0.911092
15316,31866,false,0.859999
15317,20682,false,0.847447
15317,26716,false,0.649547
15317,51602,false,0.009073
15318,27587,false,0.077686
15318,44580,false,0.707927
15318,51823,false,0.13536
15319,1047,true,0.470177
15319,2005,true,0.526339
15319,14370,false,0.017175
15319,18729,false,0.868543
15319,46086,false,0.935414
15320,14585,false,0.701692
15321,27832,false,0.957065
15321,37401,false,0.053848
15321,41565,false,0.737958
15322,1354,true,0.400243
15322,21272,false,0.125672
15323,1867,true,0.1742
15323,31572,false,0.778928
15323,35695,false,0.08882
15323,42053,false,0.521019
15324,6263,true,0.336518
15324,6614,true,0.218322
15325,21747,false,0.437568
15326,12756,false,0.989631
15326,28007,false,0.936671
15326,30219,false,0.373905
15326,55382,false,0.555741
15326,59175,false,0.445126
15327,6216,true,0.508373
15327,6857,true,0.012187
15327,24370,false,0.642133
15327,43574,false,0.709188
15328,22487,false,0.982758
15328,54582,false,0.993077
15328,55792,false,0.21843
15329,15122,false,0.825041
15329,17909,false,0.793558
15329,21424,false,0.483457
15329,40688,false,0.139167
15329,53113,false,0.7621
15330,10538,false,0.676054
15330,22755,false,0.618777
15331,473,true,0.107712
15331,6977,true,0.836822
15331,14083,false,0.944258
15332,13461,false,0.569596
15332,24616,false,0.11873
15332,50267,false,0.939557
15333,6364,true,0.959294
15333,6675,true,0.627716
15333,6768,true,0.86522
15333,48670,false,0.453005
15334,26885,false,1.025037
15334,30286,false,0.423239
15336,6122,true,0.300139
15336,6627,true,0.123083
15336,6671,true,0.968982
15336,21114,false,0.036424
15336,39993,false,0.487291
15336,44465,false,0.573416
15337,21742,false,0.563253
15337,54712,false,0.726572
15338,31597,false,0.558265
15338,53056,false,0.707983
15339,20401,false,0.103921
15339,45731,false,0.739077
15340,33222,false,0.719833
15340,52339,false,0.697889
15341,23024,false,1.013818
15341,47943,false,0.110541
15343,17108,false,0.242975
15343,36717,false,0.971724
15343,55438,false,0.315911
15344,16431,false,0.371019
15345,51426,false,0.845845
15345,55398,false,0.65538
15346,19919,false,0.253145
15348,19229,false,0.457377
15348,28417,false,0.237624
15348,53504,false,0.593466
15349,18903,false,0.600562
15351,14395,false,0.745592
15351,16361,false,0.893384
15351,38864,false,0.855072
15352,46462,false,0.378434
15353,26660,false,0.395869
15353,49323,false,0.73612
15355,32752,false,0.220534
15357,50212,false,0.286667
15358,16222,false,0.433423
15358,41377,false,0.899379
15358,54026,false,0.782336
15359,15426,false,0.717991
15359,16766,false,0.978726
15360,41147,false,0.873687
15360,43054,false,0.401125
15360,44163,false,0.634714
15360,54398,false,0.660323
15361,25107,false,0.62991
15361,28419,false,0.383583
15361,42186,false,0.815473
15362,31465,false,0.455023
15363,30140,false,0.523432
15363,31104,false,0.96598
15363,51485,false,0.147618
15364,25529,false,0.286423
15366,13094,false,0.997613
15366,13519,false,0.340753
15366,38995,false,0.056968
15366,45735,false,0.407125
15367,24640,false,0.029655
15368,11385,false,0.269338
15369,6369,true,0.968686
15369,6536,true,0.397608
15369,6680,true,0.612579
15370,6624,true,0.538282
15370,21552,false,0.216227
15370,55617,false,0.250767
15370,55618,false,0.83575
15371,6428,true,0.405036
15371,10868,false,0.811095
15371,38670,false,0.682148
15371,43783,false,0.859962
15372,6525,true,0.901742
15372,22220,false,0.710613
15372,22667,false,0.724531
15372,51129,false,0.397809
15373,22183,false,0.861018
15373,29710,false,0.417009
15373,35922,false,0.549173
15373,47348,false,0.995895
15374,11971,false,0.986188
15374,18566,false,0.118756
15375,6939,true,0.649366
15375,46075,false,0.549025
15375,52577,false,0.721083
15376,6147,true,0.09204
15376,6190,true,0.604932
15376,6683,true,0.564254
15376,6692,true,1.013404
15376,6722,true,0.271339
15376,6932,true,0.999667
15377,28869,false,0.873444
15377,55761,false,0.767432
15378,23217,false,0.757507
15379,6556,true,0.08012
15379,6994,true,0.707163
15380,6010,true,1.054043
15380,6365,true,0.111443
15380,6694,true,0.959294
15380,31144,false,0.650701
15380,52585,false,0.930506
15380,53290,false,0.917421
15380,56835,false,0.199268
15381,23782,false,0.704628
15381,23981,false,0.485118
15381,36561,false,0.543971
15381,39591,false,0.68567
15382,6574,true,0.882523
15382,16641,false,0.558221
15383,1810,true,0.037713
15383,32281,false,0.573023
15383,57708,false,0.751914
15384,42215,false,0.398497
15385,1718,true,0.111287
15385,34043,false,0.61813
15385,45430,false,0.973769
15385,51406,false,0.109187
15386,1985,true,0.144695
15386,50441,false,0.421102
15387,31971,false,0.064101
15387,34246,false,0.897046
15387,38886,false,0.780493
15387,45080,false,0.842808
15387,59339,false,0.428655
15388,1602,true,0.738323
15388,1853,true,0.607964
15388,35929,false,0.458557
15390,34273,false,0.949313
15391,1424,true,0.155902
15391,14125,false,0.854799
15391,44038,false,0.715242
15391,56630,false,0.902313
15391,57854,false,0.269701
15393,17506,false,0.811706
15393,46608,false,0.35633
15393,58999,false,0.963291
15393,59097,false,0.579421
15394,38639,false,0.817935
15394,40698,false,0.132366
15395,18947,false,0.443973
15395,34359,false,0.946325
15395,46242,false,0.807483
15396,30665,false,0.802147
15397,1678,true,0.08804
15397,15453,false,0.580777
15397,49386,false,0.872929
15398,1126,true,0.291902
15398,1506,true,0.914185
15399,11944,false,0.00654
15399,15197,false,0.54812
15399,50756,false,0.363569
15399,55086,false,0.131952
15400,1628,true,0.455183
15400,19477,false,0.590693
15400,30648,false,0.744814
15400,37409,false,0.360921
15401,1232,true,0.961447
15401,26220,false,0.860736
15401,34883,false,0.576392
15401,38482,false,0.53275
15402,46043,false,0.937695
15403,22210,false,0.548547
15403,31130,false,0.441891
15403,31386,false,0.783504
15404,33231,false,0.26226
15405,1242,true,0.921173
15405,40965,false,0.150701
15406,1856,true,0.060272
15406,20212,false,0.430907
15407,22758,false,0.171822
15408,1455,true,0.808873
15408,1935,true,0.570019
15408,45634,false,0.817767
15408,57443,false,0.098575
15408,59875,false,0.127444
15409,22765,false,0.431852
15409,25406,false,0.038618
15409,25582,false,0.194547
15409,47058,false,0.188811
15410,48409,false,0.323548
15412,27089,false,0.642802
15412,40259,false,0.578836
15412,49440,false,0.267698
15412,53428,false,0.070251
15412,57456,false,0.688437
15413,1515,true,0.789209
15413,52068,false,0.791761
15414,35714,false,0.167029
15414,49941,false,0.141657
15415,1293,true,0.949983
15415,1846,true,0.798633
15415,1928,true,0.264718
15415,16506,false,0.817619
15415,38649,false,0.384304
15415,46759,false,0.04964
15416,10326,false,0.251049
15416,29311,false,0.292914
15416,30365,false,0.347296
15416,39340,false,0.475408
15417,1260,true,0.928966
15417,43158,false,0.949429
15417,55523,false,0.659223
15418,17326,false,0.336944
15419,49735,false,0.949597
15420,10732,false,0.675085
15420,30692,false,0.355959
15420,41737,false,0.082172
15420,54769,false,0.595256
15420,58186,false,0.854826
15421,1370,true,0.204296
15421,49125,false,0.899244
15421,49940,false,0.693249
15422,1431,true,0.42884
15422,1610,true,0.795478
15423,1392,true,0.92826
15423,13878,false,0.876998
15423,37578,false,0.215139
15423,46433,false,0.059222
15424,58937,false,0.72893
15425,40227,false,0.910178
15425,53515,false,0.710243
15426,14206,false,0.155953
15426,21777,false,0.615554
15426,51832,false,0.926841
15427,13780,false,0.819316
15427,38317,false,0.518946
15427,46977,false,0.645819
15428,1094,true,0.914597
15428,11099,false,0.732433
15428,14048,false,0.888612
15428,18276,false,0.62077
15428,36264,false,0.105534
15429,37489,false,0.739483
15430,28084,false,0.047711
15430,29620,false,0.820698
15431,1627,true,0.176086
15431,11725,false,0.695898
15431,16617,false,0.615088
15431,17975,false,0.097137
15431,34356,false,0.166706
15431,46173,false,0.074506
15431,56615,false,0.180021
15432,24571,false,0.873585
15432,32279,false,0.465112
15432,59759,false,0.754961
15433,1268,true,0.507568
15433,13507,false,0.836216
15433,22823,false,0.407735
15434,15319,false,0.244684
15434,32518,false,0.373343
15434,44498,false,0.281037
15434,47292,false,0.185995
15434,48350,false,0.93651
15434,53198,false,0.995334
15435,1993,true,0.980242
15435,12789,false,0.713372
15436,1378,true,0.009861
15436,32527,false,0.01919
15437,1700,true,0.440171
15437,48069,false,0.95164
15438,38394,false,0.838965
15439,1097,true,0.851983
15439,11642,false,0.001022
15439,41645,false,0.745006
15439,52755,false,0.545138
15440,1172,true,0.268661
15440,15801,false,0.735922
15440,16408,false,0.139911
15440,19675,false,0.690116
15440,27070,false,0.882115
15440,38571,false,0.192678
15440,54690,false,0.702449
15440,56964,false,0.352027
15440,57024,false,0.086151
15440,58630,false,0.981888
15441,15795,false,0.807758
15441,18224,false,0.916114
15442,12515,false,0.778254
15442,24345,false,0.44652
15442,26434,false,0.523289
15442,29048,false,0.721257
15442,39925,false,0.672523
15442,58243,false,0.955215
15443,19191,false,0.998667
15443,45780,false,0.060923
15444,22212,false,0.958918
15444,56496,false,0.946947
15445,1340,true,0.556821
15445,42207,false,0.75155
15446,1690,true,0.711333
15446,16862,false,0.532303
15446,20849,false,0.778514
15446,43888,false,0.979319
15446,46547,false,0.549734
15446,56824,false,0.43086
15447,19810,false,0.874444
15447,20271,false,0.506127
15447,21732,false,0.288395
15448,26040,false,0.685084
15448,51184,false,0.9477
15448,51299,false,0.862344
15450,1541,true,0.626596
15450,18940,false,0.387324
15451,2007,true,0.290677
15451,55056,false,0.001948
15452,17877,false,0.5527
15453,26396,false,0.162437
15454,16590,false,0.998774
15454,35191,false,0.618992
15455,1080,true,0.826516
15455,14745,false,0.165618
15455,49290,false,0.664296
15455,56873,false,0.698107
15456,15940,false,0.610337
15456,27061,false,0.601833
15457,12619,false,0.280235
15457,46808,false,0.03785
15458,16749,false,0.10838
15458,27603,false,0.16672
15458,34071,false,0.398547
15458,53746,false,0.492938
15459,28052,false,0.687736
15459,56240,false,0.022061
15461,27559,false,0.969335
15461,48078,false,0.757772
15462,23481,false,0.21079
15462,30085,false,0.089768
15462,39435,false,0.799913
15462,47298,false,0.70717
15463,17936,false,0.544608
15464,35856,false,0.352339
15465,19100,false,0.064035
15465,55247,false,0.109208
15466,1289,true,0.443013
15466,1642,true,0.08606
15466,27329,false,0.063818
15467,52079,false,0.652336
15468,42201,false,0.165212
15468,58068,false,0.903755
15468,58353,false,0.188385
15469,1138,true,0.456562
15470,1742,true,0.796354
15471,1545,true,0.967132
15471,1790,true,0.9738
15471,20889,false,0.23388
15471,25649,false,0.785922
15471,46772,false,0.04606
15472,1571,true,0.310405
15472,17411,false,0.584302
15472,25801,false,0.060749
15472,31964,false,0.513049
15473,33353,false,0.746769
15473,33476,false,0.276168
15473,59080,false,0.63132
15474,37225,false,0.751433
15474,50834,false,0.672285
15475,36456,false,0.128376
15475,40905,false,0.893866
15475,51466,false,0.311037
15475,52891,false,0.269147
15476,1418,true,0.835147
15476,1629,true,0.73454
15476,25655,false,0.581925
15476,27492,false,0.213854
15476,29931,false,0.493015
15477,45739,false,0.743647
15477,57695,false,0.798658
15478,13381,false,0.138343
15478,42190,false,0.601148
15478,58639,false,0.363507
15479,23784,false,0.596968
15480,21311,false,0.747221
15481,6505,true,0.628089
15481,6523,true,0.509122
15481,38118,false,0.636213
15481,51122,false,0.16624
15482,6087,true,0.675652
15482,6995,true,0.10057
15482,13644,false,0.498745
15482,48689,false,0.351083
15483,6167,true,0.31092
15483,6949,true,0.242897
15483,33016,false,0.141974
15483,37404,false,0.731957
15483,43725,false,0.333907
15484,6316,true,0.611654
15484,6633,true,0.537998
15484,35846,false,0.240356
15484,49907,false,0.142208
15485,6499,true,0.878578
15485,13100,false,0.523411
15485,32156,false,1.112924
15485,57131,false,0.518032
15486,45903,false,0.949732
15487,6239,true,0.905712
15487,17216,false,0.40196
15487,38330,false,0.48001
15487,40462,false,0.697332
15487,42138,false,0.596777
15488,27066,false,0.583698
15488,31323,false,0.507907
15488,35767,false,0.21571
15489,14368,false,0.887734
15489,20023,false,0.619822
15489,24656,false,0.127319
15489,28394,false,0.471786
15489,30019,false,0.65936
15489,30336,false,0.932134
15489,32100,false,0.414767
15490,18274,false,0.243994
15490,35218,false,0.382736
15491,6015,true,0.377806
15491,6901,true,0.649951
15491,32497,false,0.26987
15491,40709,false,0.386887
15491,53578,false,0.539515
15492,626,true,0.327927
15492,37987,false,0.896364
15493,13777,false,0.699574
15493,25327,false,0.453286
15493,31030,false,0.756348
15493,59647,false,0.883822
15494,114,true,0.694506
15494,143,true,0.369076
15494,6762,true,0.899888
15494,11467,false,0.529137
15494,28613,false,0.867393
15494,50061,false,0.358256
15495,12440,false,0.74917
15495,45802,false,0.96958
15496,6268,true,0.898717
15496,21209,false,0.462438
15496,24915,false,0.338735
15496,25020,false,0.256908
15497,6468,true,0.371643
15497,6883,true,0.582484
15497,14338,false,0.134163
15497,49069,false,0.092633
15497,56878,false,0.845377
15499,50112,false,1.025013
15500,29087,false,0.751479
15500,30973,false,0.428229
15500,46423,false,0.097076
15501,21073,false,0.143737
15503,31336,false,0.845308
15504,51335,false,0.286926
15505,36035,false,0.887351
15506,10499,false,1.003724
15506,42611,false,0.658095
15508,10189,false,0.587057
15508,19275,false,0.455595
15508,34809,false,0.338012
15508,58634,false,0.049823
15509,16815,false,0.034296
15509,23359,false,0.998967
15509,42787,false,1.037703
15509,45556,false,0.00377
15510,53546,false,0.575353
15511,39837,false,0.837629
15511,56898,false,0.471716
15512,16942,false,0.31793
15512,52701,false,0.858838
15512,57174,false,0.223436
15512,59328,false,0.262268
15513,32336,false,0.408222
15514,37673,false,0.856765
15515,18948,false,0.614034
15515,51040,false,0.538148
15516,47629,false,0.863449
15517,12300,false,0.761749
15517,55957,false,0.905088
15518,52752,false,0.485213
15519,30831,false,0.876649
15519,34006,false,0.666451
15520,11359,false,0.404277
15520,32897,false,0.417416
15520,38834,false,0.53216
15520,47634,false,0.466794
15521,10205,false,0.645904
15521,18759,false,0.296678
15521,25087,false,0.385795
15521,37253,false,0.307044
15521,44326,false,0.664296
15521,49374,false,0.891395
15521,53762,false,0.594731
15522,11293,false,0.147378
15522,13624,false,0.440721
15522,30236,false,0.535386
15522,41686,false,0.520746
15523,14432,false,0.792527
15523,40746,false,0.576055
15523,57635,false,0.001474
15524,15712,false,0.630886
15524,22640,false,0.722409
15524,25772,false,0.848533
15526,12163,false,0.328415
15526,32561,false,0.198587
15526,37989,false,0.941411
15527,14287,false,0.041906
15527,34371,false,0.306507
15527,40355,false,0.296153
15527,52089,false,0.396471
15528,59733,false,0.25903
15529,15658,false,0.421766
15529,43747,false,0.130959
15531,30505,false,0.580498
15531,31634,false,0.174172
15531,33148,false,0.449115
15531,34830,false,0.224897
15531,42024,false,0.053596
15531,44430,false,0.312436
15531,45424,false,0.397928
15532,18581,false,0.571117
15532,35599,false,0.254757
15532,57454,false,0.640577
15534,59106,false,0.263974
15535,13322,false,0.711176
15535,44385,false,0.030022
15536,11847,false,0.066799
15536,12720,false,0.756517
15536,24020,false,0.810279
15536,29338,false,0.559319
15536,41101,false,0.763112
15538,43097,false,0.986856
15540,18158,false,0.976898
15540,26052,false,0.92085
15540,28393,false,0.411324
15541,25126,false,0.195819
15542,15511,false,0.365838
15543,27658,false,0.471289
15544,14563,false,0.634625
15544,36221,false,0.220709
15545,16585,false,0.885665
15545,24067,false,0.349625
15545,25860,false,0.790575
15545,33349,false,0.559274
15545,43197,false,1.014111
15546,42838,false,0.524514
15546,47178,false,0.786784
15546,52955,false,0.448736
15547,22966,false,0.8746
15548,16016,false,1.030211
15548,18447,false,0.983281
15548,58948,false,0.097887
15549,35205,false,0.922968
15550,12529,false,0.551667
15550,14155,false,0.398067
15550,37297,false,0.503351
15550,57760,false,0.714439
15551,13103,false,0.252697
15551,20295,false,0.297994
15551,41801,false,0.470272
15551,56937,false,0.025616
15552,35019,false,0.598148
15552,59424,false,0.223362
15553,20764,false,0.434036
15553,33827,false,0.138438
15553,36028,false,0.872513
15553,37747,false,0.125369
15553,43018,false,0.99496
15553,45588,false,0.791469
15553,57178,false,0.791305
15554,11670,false,0.794027
15554,50588,false,0.061508
15555,14019,false,0.167793
15555,37085,false,0.852118
15556,10590,false,0.595816
15556,24312,false,0.736641
15556,56887,false,0.927139
15558,15574,false,0.556225
15558,31250,false,0.103122
15558,37810,false,0.002132
15558,42145,false,0.380928
15559,28563,false,0.25644
15560,25196,false,0.810632
15560,39953,false,0.724311
15560,55750,false,0.413864
15561,57879,false,0.842669
15561,59377,false,0.139634
15562,58786,false,0.908639
15563,16323,false,0.952311
15563,17642,false,0.939102
15563,33428,false,0.723493
15564,35586,false,0.438474
15565,16163,false,0.015303
15565,30944,false,0.749721
15565,54750,false,0.66373
15565,59337,false,0.658309
15566,49528,false,0.559801
15567,23135,false,0.223337
15567,33266,false,0.383974
15568,30079,false,0.376316
15568,38005,false,0.09306
15568,59363,false,0.573495
15569,13089,false,0.100146
15569,52469,false,0.815566
15570,11840,false,0.029546
15570,45397,false,0.384537
15571,57847,false,0.752311
15572,29336,false,0.297445
15572,32643,false,0.884578
15572,51906,false,0.756104
15573,16582,false,0.843452
15573,25589,false,0.824178
15573,39897,false,0.232356
15573,45454,false,0.398888
15574,21588,false,0.430505
15574,53474,false,0.512965
15575,11979,false,0.974387
15575,16426,false,0.447338
15575,26121,false,0.758489
15575,35796,false,0.88341
15575,52779,false,0.972908
15576,19742,false,0.312513
15576,33898,false,0.177149
15576,35193,false,0.589949
15578,17706,false,0.540655
15578,31009,false,0.361309
15578,50035,false,0.639508
15579,24783,false,0.431786
15579,46216,false,0.222333
15580,11492,false,0.906075
15580,44924,false,0.008653
15580,48995,false,0.041518
15582,36420,false,0.758298
15583,22498,false,0.085157
15584,37356,false,0.867426
15584,44767,false,0.657744
15584,53772,false,0.442398
15585,37307,false,0.471009
15586,27690,false,0.582641
15586,41821,false,0.399634
15587,19282,false,0.125826
15587,38134,false,0.532567
15587,58800,false,0.794545
15588,19230,false,0.838946
15589,24675,false,0.488971
15589,30567,false,0.216419
15590,32466,false,0.581159
15590,39915,false,0.758036
15590,44209,false,0.907373
15591,6911,true,0.562952
15591,18440,false,0.051988
15591,19419,false,0.93566
15591,55035,false,0.57031
15592,7000,true,0.568176
15592,44305,false,0.353985
15592,45535,false,0.173377
15593,6390,true,0.516568
15593,43544,false,0.979161
15594,37697,false,0.788478
15594,49635,false,0.304635
15595,6306,true,0.963936
15595,32974,false,0.84407
15596,30613,false,0.649035
15597,6097,true,0.025764
15597,34297,false,0.386551
15598,1911,true,0.737741
15598,12726,false,0.620291
15598,14381,false,0.618434
15598,33251,false,0.643393
15598,33971,false,0.16883
15598,37005,false,0.669513
15598,37379,false,0.33313
15598,44564,false,0.578983
15599,51377,false,0.307345
15599,58231,false,0.88465
15600,39643,false,0.928714
15600,40611,false,0.32909
15601,46614,false,0.530617
15601,50419,false,0.878744
15602,1865,true,0.95487
15602,13253,false,0.560161
15602,25268,false,0.222383
15603,1285,true,0.141648
15603,28128,false,0.579878
15603,40254,false,0.918784
15603,45076,false,0.49643
15604,44322,false,0.85422
15605,1272,true,0.531516
15605,22456,false,0.76013
15605,34673,false,0.056937
15605,44582,false,0.999949
15606,32176,false,0.411206
15606,51538,false,0.488455
15607,1746,true,0.975397
15607,59408,false,0.095073
15608,1580,true,0.29517
15608,45032,false,0.038785
15609,12942,false,0.669493
15609,34574,false,0.962958
15609,43681,false,0.276313
15611,1573,true,0.051878
15611,46490,false,0.949231
15611,57696,false,0.118774
15612,14776,false,0.750325
15612,16019,false,0.041683
15612,39672,false,0.699633
15612,52717,false,0.311117
15613,1803,true,0.047869
15613,33705,false,0.876275
15613,44811,false,0.954082
15613,49573,false,0.222147
15614,1897,true,0.913646
15614,15386,false,0.135757
15615,1697,true,0.629552
15615,36948,false,0.013323
15616,11278,false,0.808629
15616,22474,false,0.543613
15616,24756,false,0.54985
15616,53859,false,0.650465
15617,1917,true,0.409201
15617,34238,false,0.649964
15618,28944,false,0.728343
15618,50256,false,0.470753
15618,53325,false,0.477234
15619,30131,false,0.950615
15619,46841,false,0.25942
15620,43307,false,0.384339
15620,52868,false,0.308881
15621,44680,false,0.00669
15622,46596,false,0.327064
15622,47204,false,0.93151
15623,12376,false,0.303166
15625,35561,false,0.148714
15625,44059,false,0.233952
15625,49000,false,0.270347
15626,11059,false,0.349777
15626,35628,false,0.429907
15627,24273,false,0.104593
15627,31947,false,0.47741
15627,34920,false,0.251544
15627,44671,false,0.560972
15628,21021,false,0.869551
15628,47413,false,0.005998
15629,14837,false,0.396798
15629,17998,false,0.054778
15630,1726,true,0.617521
15630,1767,true,0.114625
15630,46961,false,0.929461
15630,48909,false,0.468175
15630,53570,false,0.834285
15631,47362,false,0.138796
15632,2000,true,0.4833
15632,20171,false,0.995493
15633,41679,false,0.800167
15634,1096,true,0.015949
15634,43880,false,0.810676
15634,44294,false,0.931462
15634,52440,false,0.145033
15635,12863,false,0.194002
15635,15040,false,0.707162
15635,23910,false,0.931725
15635,38972,false,0.993404
15635,50621,false,0.237056
15636,31719,false,0.454936
15637,1489,true,0.588128
15637,1868,true,0.332598
15637,33375,false,0.288403
15638,1280,true,0.922868
15638,10488,false,0.819537
15638,39447,false,0.978816
15638,50713,false,0.389207
15639,1252,true,0.991621
15639,1438,true,0.248388
15639,13105,false,0.430854
15639,39355,false,0.538783
15639,55665,false,0.312161
15640,1266,true,0.103351
15640,10264,false,0.817942
15640,55360,false,0.437519
15641,1384,true,0.893494
15641,12743,false,0.821877
15641,21672,false,0.029284
15641,26788,false,0.320557
15642,19031,false,0.415736
15642,44539,false,0.543445
15642,44913,false,0.586785
15643,6971,true,0.771525
15643,10782,false,0.633685
15643,19613,false,0.488601
15643,26704,false,0.464542
15643,46923,false,0.621509
15644,19540,false,0.866946
15644,23158,false,0.254937
15644,39132,false,0.506386
15644,39543,false,0.236528
15645,6495,true,0.296414
15645,52470,false,0.952287
15645,53236,false,0.564642
15646,37867,false,1.031478
15647,6202,true,0.395229
15647,6705,true,0.087621
15647,30964,false,0.761503
15648,6677,true,0.443511
15648,57023,false,0.78129
15648,57583,false,0.687016
15649,37832,false,0.45207
15649,40835,false,0.498036
15649,42699,false,0.498983
15649,49317,false,0.954857
15650,1275,true,0.190712
15650,35871,false,0.55289
15651,44200,false,0.212514
15652,29298,false,0.961369
15652,34691,false,0.835534
15652,35633,false,0.687085
15653,6732,true,0.752393
15653,21680,false,0.271597
15653,24514,false,0.428132
15653,44484,false,0.977136
15654,41005,false,0.328235
15654,48789,false,0.110743
15655,6532,true,0.349921
15656,54067,false,0.675739
15656,54875,false,0.781877
15657,6494,true,0.602275
15657,6689,true,0.858425
15657,42916,false,0.259653
15657,43919,false,0.439559
15659,1532,true,0.529025
15659,40534,false,0.7741
15659,46873,false,0.849463
15659,48387,false,0.628632
15660,1440,true,0.129813
15660,41743,false,0.027404
15660,52325,false,0.409067
15660,53872,false,0.054475
15660,56669,false,0.409064
15661,29055,false,0.474217
15661,46951,false,0.801953
15662,1530,true,0.540892
15662,54460,false,0.414237
15663,11752,false,0.01017
15663,34244,false,0.750091
15663,37421,false,0.576477
15663,41206,false,0.846042
15664,50384,false,0.233321
15665,22645,false,0.982039
15666,35579,false,0.237642
15666,52292,false,0.36799
15667,37799,false,0.947419
15667,51347,false,0.50622
15668,18598,false,0.372387
15668,56577,false,0.907697
15669,18769,false,0.182842
15669,38146,false,0.345745
15669,41754,false,0.747127
15669,52998,false,1.017262
15670,22915,false,0.498853
15671,12108,false,0.093864
15671,41590,false,0.735162
15672,11731,false,0.819186
15673,17548,false,0.472723
15673,48560,false,0.226622
15673,58122,false,0.150204
15674,21188,false,0.464831
15675,12491,false,0.010178
15675,27254,false,0.07677
15676,11422,false,0.827413
15676,26351,false,0.305903
15676,35053,false,0.702907
15676,35355,false,0.215725
15677,10546,false,0.670553
15678,15929,false,0.271781
15679,39957,false,0.150601
15680,47917,false,0.88967
15680,59203,false,0.446054
15681,19582,false,0.825771
15681,37757,false,0.078808
15682,18881,false,0.343543
15682,24243,false,0.378637
15682,32789,false,0.09736
15682,45164,false,0.437128
15682,48188,false,0.182927
15683,20151,false,0.074134
15683,28418,false,0.317246
15684,54523,false,0.511396
15684,59140,false,0.828425
15685,35524,false,0.149354
15686,11372,false,0.766367
15686,58856,false,0.31489
15687,18871,false,0.86403
15687,34284,false,0.676459
15687,35326,false,0.019104
15687,42753,false,0.220703
15687,55886,false,0.441168
15688,15431,false,0.865867
15688,24551,false,0.205317
15688,46139,false,0.178586
15689,13012,false,0.344271
15689,28290,false,0.780743
15689,57223,false,0.874959
15690,13957,false,0.058706
15690,14550,false,0.057097
15690,40419,false,0.701568
15690,48218,false,0.111593
15690,48352,false,0.30743
15691,11628,false,0.227322
15692,15398,false,0.129447
15692,26856,false,0.006095
15692,50359,false,0.627428
15692,51112,false,0.230553
15692,52364,false,0.049712
15692,53243,false,0.3439
15693,29478,false,0.250555
15693,30216,false,0.686111
15693,38489,false,0.120146
15693,45491,false,0.121928
15693,55275,false,0.7962
15693,56266,false,0.267314
15694,12132,false,0.706422
15694,16233,false,0.192528
15694,27026,false,0.686487
15695,37823,false,0.478648
15695,38218,false,0.432862
15695,41923,false,0.471944
15696,6311,true,0.549163
15697,13508,false,0.419094
15697,46445,false,0.616069
15698,50482,false,0.93852
15698,53157,false,0.96487
15699,11324,false,0.769688
15699,14150,false,0.803785
15699,20894,false,0.803937
15699,22357,false,0.811888
15699,30915,false,0.550164
15699,40281,false,0.441971
15701,21944,false,0.015093
15701,40850,false,0.310876
15701,49905,false,0.380862
15702,28956,false,0.214034
15702,40191,false,0.265457
15702,41250,false,0.298226
15702,42890,false,0.276893
15702,58612,false,0.361923
15703,40393,false,0.889459
15704,24854,false,0.244346
15704,49070,false,0.656862
15705,21258,false,1.018137
15705,44224,false,0.470644
15705,47854,false,0.297504
15706,21784,false,0.639747
15706,39421,false,0.686801
15706,40287,false,0.158961
15707,37894,false,0.625396
15708,57403,false,0.872331
15709,58165,false,0.684561
15710,39769,false,0.071233
15711,39260,false,0.841172
15711,51425,false,0.319771
15712,40653,false,0.273953
15712,59840,false,0.831518
15713,10722,false,0.026302
15713,20076,false,0.111107
15713,27446,false,0.731853
15714,19623,false,0.928818
15714,26612,false,0.441492
15714,37539,false,0.61411
15714,40732,false,0.364298
15715,13573,false,0.602026
15717,48851,false,0.46887
15717,53632,false,0.384791
15718,24064,false,0.453524
15718,24498,false,0.362321
15719,12234,false,0.539219
15719,36943,false,0.406711
15719,44167,false,0.793152
15719,45145,false,0.590187
15720,10081,false,0.264626
15720,11448,false,0.78678
15720,27444,false,0.355652
15720,47038,false,0.913959
15721,1409,true,0.617526
15721,1786,true,0.020822
15721,12800,false,0.690022
15721,12832,false,0.310985
15722,1168,true,0.951028
15722,1338,true,0.064692
15722,11653,false,0.976409
15722,36471,false,0.364382
15722,41360,false,0.060217
15723,26535,false,0.374349
15723,30992,false,0.582885
15723,31978,false,0.773488
15723,45656,false,1.002187
15723,50982,false,0.172359
15724,22801,false,0.641924
15724,31843,false,0.312578
15724,38776,false,0.928893
15724,59947,false,0.556229
15725,11576,false,0.017218
15725,14510,false,0.169058
15725,34382,false,0.085198
15725,53362,false,0.861094
15726,14688,false,0.454747
15726,23372,false,0.591771
15726,27114,false,0.903818
15726,27251,false,0.202886
15727,12308,false,0.59284
15727,41681,false,0.088195
15727,56661,false,0.952542
15728,6427,true,0.970308
15728,57318,false,0.247135
15729,36748,false,0.504376
15730,6850,true,0.528583
15730,16503,false,0.472138
15730,26522,false,0.450772
15731,6908,true,0.976614
15731,15731,false,0.251368
15731,24617,false,0.186642
15731,25441,false,0.570623
15731,30942,false,0.006317
15731,42624,false,0.37874
15732,47514,false,0.042081
15732,51161,false,0.220802
15733,6335,true,0.224473
15733,51420,false,1.009463
15734,44613,false,0.092597
15734,47361,false,0.07895
15735,24141,false,1.015367
15735,58077,false,0.064773
15735,58797,false,0.995447
15735,59658,false,0.888825
15736,2006,true,0.79448
15736,10941,false,0.153782
15736,24864,false,0.480367
15736,35808,false,0.262085
15736,58578,false,0.9105
15737,14026,false,0.900912
15737,15242,false,0.408456
15737,22007,false,1.044198
15737,41755,false,0.930444
15737,44466,false,0.421552
15737,54443,false,0.912232
15737,58147,false,0.354748
15738,1254,true,0.101732
15738,51101,false,0.205133
15738,57980,false,0.746731
15740,1361,true,0.55223
15740,21657,false,0.944693
15740,28058,false,0.022916
15741,43722,false,0.309089
15742,17951,false,0.760323
15743,1135,true,0.059667
15743,11554,false,0.255519
15743,56010,false,0.475794
15744,11159,false,0.607293
15745,10958,false,0.40622
15745,43954,false,0.017672
15746,34570,false,0.582628
15746,48306,false,0.316806
15746,53235,false,0.735216
15746,55142,false,0.003428
15746,57034,false,0.778078
15747,10040,false,0.302735
15747,40856,false,0.144359
15748,31027,false,0.687564
15749,40164,false,0.428109
15749,50369,false,0.134611
15750,51165,false,0.849665
15750,51838,false,0.746632
15751,13465,false,0.751273
15751,44849,false,0.320743
15752,1249,true,0.065828
15752,1576,true,0.880112
15752,24438,false,0.444467
15752,25114,false,0.387961
15752,51397,false,0.151094
15753,32861,false,0.752877
15754,11730,false,0.330229
15754,23976,false,0.652579
15754,47490,false,0.762456
15755,48797,false,0.202527
15756,10652,false,0.462323
15756,43109,false,0.349943
15756,58143,false,0.254989
15757,13698,false,0.642026
15757,31546,false,0.373862
15757,36776,false,0.614482
15757,42528,false,0.757586
15757,50952,false,0.32755
15757,51667,false,0.270937
15757,52800,false,0.785482
15758,16944,false,0.763099
15758,23934,false,0.654163
15758,24457,false,0.384123
15758,27780,false,0.262865
15758,44187,false,0.549513
15759,14227,false,0.130276
15759,50185,false,0.799232
15759,52824,false,0.957887
15760,29033,false,0.773983
15762,18475,false,0.455022
15762,33908,false,0.098403
15763,49660,false,1.019539
15764,16394,false,0.478815
15764,27666,false,0.860909
15764,36173,false,0.177799
15764,54382,false,0.387618
15765,6221,true,0.243621
15765,6780,true,0.137402
15765,17351,false,0.155698
15765,41373,false,0.902557
15766,43834,false,0.976274
15769,18502,false,0.997841
15769,26403,false,0.843995
15769,49296,false,0.989762
15769,49424,false,0.758339
15769,56232,false,1.001617
15770,6101,true,1.029877
15770,6138,true,0.249758
15770,6968,true,0.997909
15770,57121,false,0.335631
15771,6336,true,0.132705
15771,6661,true,0.509175
15771,6853,true,0.985729
15771,20799,false,0.378706
15772,6315,true,0.145795
15772,39364,false,0.11402
15772,57688,false,0.697314
15773,1402,true,0.819651
15773,1518,true,0.516634
15773,22208,false,0.326902
15773,44093,false,0.36804
15773,49555,false,0.495656
15773,50050,false,0.08398
15774,29408,false,0.176389
15774,29949,false,0.669289
15774,48044,false,0.791737
15775,1657,true,0.796848
15775,1825,true,0.030695
15775,36691,false,0.388188
15776,27969,false,0.771399
15777,43972,false,0.244472
15777,55706,false,0.585675
15778,29131,false,0.825671
15778,35347,false,0.297621
15779,17809,false,0.558153
15779,26592,false,0.410962
15779,57404,false,0.245733
15780,33863,false,0.572086
15781,36564,false,0.005066
15781,49755,false,0.30659
15781,52142,false,0.836468
15782,32801,false,0.650171
15782,42841,false,0.638046
15783,11934,false,0.373631
15783,19478,false,0.653693
15784,31793,false,0.164599
15785,41810,false,0.408012
15786,38897,false,0.631781
15787,16020,false,0.666229
15787,18483,false,0.29508
15787,41185,false,0.545945
15787,42920,false,0.717483
15788,15432,false,0.48534
15788,41934,false,0.966734
15788,50003,false,0.019165
15788,52255,false,0.848246
15789,15707,false,0.079221
15789,29428,false,0.076326
15789,53598,false,0.985692
15790,30226,false,0.735296
15790,42588,false,0.88555
15790,59778,false,0.828247
15791,11154,false,0.636531
15791,17454,false,0.135488
15792,17552,false,0.795285
15792,46971,false,0.455547
15793,25925,false,0.97877
15793,52433,false,0.267314
15794,27108,false,0.118215
15794,28013,false,0.199193
15795,12768,false,0.463448
15795,32499,false,0.078467
15795,59668,false,0.490178
15796,50544,false,0.117222
15797,34233,false,0.336469
15797,35463,false,0.871316
15797,41412,false,0.949211
15797,47890,false,0.248658
15797,49604,false,0.512764
15798,33716,false,0.14525
15798,46866,false,0.717277
15798,48146,false,0.460715
15799,43836,false,0.376966
15800,12782,false,0.166982
15801,20402,false,0.390408
15801,26454,false,1.13286
15801,46102,false,0.288785
15801,47135,false,0.148592
15802,18297,false,0.55138
15802,47315,false,0.713932
15804,10985,false,0.595039
15804,17206,false,0.078928
15805,31694,false,0.058627
15805,34147,false,0.952366
15805,39148,false,0.097742
15805,43028,false,0.022194
15805,45647,false,0.843092
15805,50707,false,0.368946
15806,31174,false,0.285768
15806,58702,false,0.898697
15807,12462,false,0.55861
15807,41603,false,0.949888
15808,31779,false,0.095022
15808,51883,false,0.737222
15809,23550,false,0.315113
15809,26115,false,0.534347
15809,37047,false,0.211932
15810,30597,false,0.618065
15812,32594,false,0.664253
15812,52090,false,0.699702
15813,55657,false,0.976198
15813,59247,false,0.344902
15814,28270,false,0.593445
15816,13959,false,0.954029
15816,54799,false,0.418164
15817,20332,false,0.555856
15817,26417,false,0.048197
15817,26864,false,0.558072
15817,27647,false,0.347066
15817,30192,false,0.219683
15818,12581,false,0.575567
15818,41665,false,0.480398
15819,40548,false,0.529086
15820,1936,true,0.996419
15821,1496,true,0.769097
15821,22408,false,0.930618
15821,50254,false,0.69188
15822,1190,true,0.061255
15822,1310,true,0.044172
15824,44840,false,0.463678
15825,46363,false,0.585791
15826,11802,false,0.789604
15826,22476,false,0.899138
15826,31561,false,0.709974
15826,32750,false,0.380407
15826,57677,false,0.628544
15826,59249,false,0.986544
15828,36750,false,0.194645
15828,38242,false,0.251729
15829,10089,false,0.312404
15829,42141,false,0.175975
15829,47228,false,0.733442
15830,13846,false,0.328102
15830,32507,false,0.662444
15831,13148,false,0.435304
15831,28555,false,0.848301
15832,13317,false,0.840646
15832,19438,false,0.527029
15832,30584,false,0.018134
15834,30701,false,0.557556
15834,40703,false,0.361983
15834,47924,false,0.830715
15835,22053,false,0.871743
15835,44726,false,0.077814
15836,20615,false,0.966691
15836,36638,false,0.39933
15836,45173,false,0.604987
15837,11668,false,0.322997
15837,39691,false,0.647157
15837,44630,false,0.446922
15838,20759,false,0.234081
15839,12691,false,0.435086
15839,23941,false,0.00383
15840,19293,false,0.411135
15840,26069,false,0.898654
15840,27220,false,0.417076
15840,41963,false,0.157953
15841,11924,false,0.407766
15842,38275,false,0.693969
15842,58754,false,0.502655
15843,12021,false,0.907575
15843,12527,false,0.487833
15843,18217,false,0.60908
15843,22249,false,0.794108
15843,37102,false,0.887469
15843,40680,false,0.341152
15843,41833,false,0.953025
15843,45436,false,0.574336
15843,48157,false,1.018471
15844,28993,false,0.459572
15844,51244,false,0.408448
15844,54774,false,0.508754
15845,18104,false,0.256475
15846,43804,false,0.626482
15847,59937,false,0.453077
15848,40878,false,0.995764
15848,52103,false,0.132841
15849,28679,false,0.408474
15849,52402,false,0.627449
15849,56258,false,0.314502
15850,1134,true,0.865012
15850,1451,true,0.442527
15850,1704,true,0.288565
15850,19688,false,0.328718
15850,29795,false,0.554379
15850,30426,false,0.385694
15850,34026,false,0.333285
15851,1692,true,0.71351
15851,36148,false,0.369762
15852,14640,false,0.313104
15852,16822,false,0.045167
15852,18209,false,0.677649
15852,33061,false,0.03032
15853,44567,false,0.96074
15853,47036,false,0.45667
15853,48654,false,0.918918
15854,39088,false,0.624965
15855,1903,true,0.387886
15855,23726,false,0.906799
15855,49793,false,0.010059
15856,36280,false,0.454877
15857,18576,false,0.64179
15857,30552,false,0.02161
15858,54835,false,0.289855
15858,58166,false,0.362399
15859,10047,false,0.67914
15859,19291,false,0.810758
15859,34738,false,0.385423
15859,40025,false,0.994469
15860,26384,false,0.264129
15861,22305,false,0.099824
15861,48283,false,0.624571
15862,33458,false,0.117909
15862,49197,false,0.861132
15863,37006,false,0.856679
15863,49598,false,0.046576
15864,10737,false,0.84246
15864,43134,false,0.966099
15864,49222,false,0.768592
15865,10529,false,0.783751
15866,31023,false,0.741573
15866,39477,false,0.075241
15867,26213,false,0.231787
15867,30412,false,0.87988
15867,45362,false,0.979583
15868,1582,true,0.984922
15868,28819,false,0.01893
15869,20193,false,0.484774
15869,39038,false,0.047154
15869,41991,false,0.858398
15869,58217,false,0.441246
15870,1243,true,0.568306
15870,28695,false,0.381493
15871,1501,true,0.610494
15872,13648,false,0.955755
15872,34923,false,0.520411
15872,41697,false,0.594431
15873,14301,false,0.505945
15873,27834,false,0.987465
15873,43461,false,0.037458
15874,42922,false,0.620135
15875,36879,false,0.925512
15875,41786,false,0.218983
15875,45216,false,0.024333
15875,45902,false,0.32519
15876,1444,true,0.286978
15876,23397,false,0.354372
15877,1235,true,0.390031
15877,39757,false,0.763736
15877,47963,false,0.337662
15878,12545,false,0.645097
15878,16362,false,0.142405
15878,36367,false,0.870928
15878,57728,false,0.446273
15879,1203,true,0.772646
15879,26758,false,0.162192
15879,32373,false,0.102473
15880,1318,true,0.060958
15880,28057,false,0.291147
15880,41720,false,0.266893
15880,51082,false,0.054698
15880,56503,false,0.662007
15881,31905,false,0.910987
15882,1793,true,0.417966
15882,1937,true,0.598666
15882,19888,false,0.98076
15882,36528,false,0.176751
15883,49835,false,0.827839
15884,1231,true,0.617912
15884,26866,false,0.191446
15884,42656,false,0.410338
15884,51969,false,0.857928
15885,11394,false,0.383063
15886,1978,true,0.29388
15886,10426,false,0.80781
15886,17826,false,0.2794
15886,48209,false,0.763807
15886,55426,false,0.410122
15887,17522,false,0.074939
15887,39265,false,0.840396
15887,48629,false,0.102677
15887,49375,false,0.080707
15887,56560,false,0.07916
15888,23846,false,0.583558
15888,32478,false,0.944689
15889,1057,true,0.850177
15889,35981,false,1.007636
15890,17264,false,0.123447
15891,1658,true,0.649408
15891,31619,false,0.016923
15891,43376,false,0.940462
15891,48667,false,0.140078
15892,1495,true,0.245418
15892,1816,true,0.016817
15893,1104,true,0.677682
15893,57934,false,0.765281
15894,27249,false,0.290517
15894,53268,false,0.07722
15895,1887,true,0.962558
15895,12932,false,0.503266
15895,31164,false,0.208121
15895,38045,false,0.120201
15895,42551,false,0.884083
15895,52128,false,0.826788
15895,52269,false,0.496047
15896,1320,true,0.71371
15896,16769,false,0.355253
15896,27893,false,0.76534
15896,33241,false,0.340701
15896,34938,false,0.111985
15897,59621,false,0.486934
15898,45560,false,0.029833
15899,30863,false,0.127197
15899,55007,false,0.546689
15900,12451,false,0.635139
15900,24731,false,0.169261
15900,48066,false,0.479523
15900,49782,false,0.512698
15902,38321,false,0.892033
15902,47590,false,0.563733
15903,47114,false,0.154266
15903,53013,false,0.528134
15904,21962,false,0.875411
15904,30519,false,0.630897
15905,29294,false,0.857492
15905,29528,false,0.691448
15906,15065,false,0.183705
15906,34159,false,0.80069
15908,13203,false,0.592173
15908,21997,false,0.092221
15908,27204,false,0.654397
15908,39218,false,0.60893
15908,39319,false,0.93446
15908,45559,false,0.471772
15908,50100,false,0.503165
15909,32814,false,0.765391
15910,15882,false,0.401368
15910,23578,false,0.102598
15910,37712,false,1.012085
15911,26035,false,0.045446
15911,52903,false,0.228369
15911,58056,false,0.794717
15912,10822,false,0.402105
15912,23049,false,0.777298
15912,29510,false,0.904745
15912,47980,false,0.953409
15913,14308,false,0.080248
15913,32758,false,0.588138
15913,59123,false,0.977611
15914,22070,false,0.996493
15914,24411,false,0.692225
15914,33676,false,0.996575
15914,53212,false,0.08366
15914,56741,false,0.708748
15915,15454,false,0.75274
15915,36822,false,0.401572
15916,21640,false,0.709968
15916,33104,false,0.229014
15916,40986,false,0.047557
15917,51806,false,0.874429
15918,14495,false,0.126488
15918,27588,false,0.983892
15918,44667,false,0.802024
15918,59453,false,0.801535
15919,17811,false,0.535203
15919,28639,false,0.438091
15919,39415,false,1.000656
15920,35598,false,0.374675
15920,36831,false,0.207159
15920,50342,false,0.505696
15921,34267,false,0.527994
15921,36283,false,0.325888
15921,36964,false,0.44877
15921,50266,false,0.21522
15923,34995,false,0.696222
15923,55586,false,0.243701
15925,43150,false,0.58911
15925,55336,false,0.628184
15926,13806,false,0.948924
15926,26976,false,0.432146
15926,31699,false,1.026578
15927,54461,false,1.029455
15928,14351,false,0.056322
15928,18843,false,0.279181
15928,32652,false,0.868293
15929,27455,false,0.846432
15929,38967,false,0.719698
15929,55019,false,0.047234
15930,21273,false,0.550456
15930,39320,false,0.031667
15931,23551,false,0.731919
15931,33336,false,0.773063
15932,35490,false,0.492663
15933,15397,false,0.903412
15933,16495,false,0.740481
15934,52949,false,1.016192
15935,6493,true,0.514083
15935,6589,true,0.377287
15935,6597,true,0.920196
15935,10161,false,0.369154
15936,54266,false,0.42365
15937,28643,false,0.269408
15937,39264,false,0.860283
15937,48640,false,0.219416
15938,11614,false,0.427476
15938,34225,false,0.797346
15938,57074,false,0.319959
15941,24396,false,0.395992
15941,31503,false,0.298889
15941,34776,false,0.141268
15941,44031,false,0.902501
15941,52018,false,0.627122
15942,31223,false,0.116816
15942,35323,false,0.901768
15942,43650,false,0.946951
15943,21472,false,0.139476
15944,18389,false,0.881047
15944,27166,false,0.310407
15944,50405,false,0.184984
15944,50897,false,0.660832
15944,53407,false,0.319417
15946,11109,false,0.618494
15946,32224,false,0.565316
15946,36865,false,0.910081
15946,47790,false,0.19258
15947,20386,false,0.60031
15947,22401,false,0.248645
15947,56601,false,0.299274
15948,1847,true,0.953913
15948,13861,false,0.104829
15948,20561,false,0.053592
15949,1071,true,0.988125
15949,22362,false,0.651739
15949,33421,false,0.478088
15949,36004,false,0.009753
15951,46325,false,0.700359
15951,46792,false,0.190698
15952,47345,false,0.783224
15952,59991,false,0.849567
15953,39465,false,0.830257
15953,50128,false,0.836054
15953,55981,false,0.16012
15954,12140,false,0.074263
15954,33755,false,0.781094
15954,39861,false,0.377584
15955,19663,false,0.750424
15956,51370,false,0.310396
15956,55220,false,0.018044
15957,30070,false,0.238395
15957,39655,false,0.071868
15957,54176,false,0.527836
15957,56017,false,0.365981
15957,59784,false,0.905591
15958,12402,false,0.595094
15959,10516,false,0.326989
15959,20730,false,0.373724
15959,21010,false,0.383732
15959,43940,false,0.076634
15959,50325,false,0.932706
15959,59675,false,0.545035
15960,41029,false,0.652938
15962,24807,false,0.524792
15962,37065,false,0.130646
15963,27065,false,0.176819
15964,18182,false,0.545148
15964,21961,false,0.507183
15964,35225,false,0.609152
15965,51573,false,0.464959
15966,52492,false,0.758721
15966,59064,false,0.69304
15967,11454,false,0.716712
15967,25964,false,0.451745
15967,33179,false,0.488846
15967,36146,false,0.968763
15967,37412,false,0.517973
15968,11282,false,0.52346
15969,13466,false,0.357122
15969,31985,false,0.012863
15970,49924,false,0.567574
15970,58538,false,0.576115
15971,39127,false,0.556775
15971,44247,false,0.655264
15971,44268,false,0.957829
15972,27463,false,0.74512
15972,30328,false,0.84856
15972,47669,false,0.484594
15972,47931,false,0.794735
15973,19312,false,0.892429
15973,23206,false,0.162478
15973,42818,false,0.335735
15973,51017,false,0.308542
15974,30515,false,0.675773
15974,30908,false,0.202352
15974,44474,false,0.495545
15976,59779,false,0.116109
15977,13598,false,0.415447
15978,20866,false,0.841367
15978,33506,false,0.74244
15978,46400,false,0.646761
15979,32266,false,0.689957
15980,11255,false,0.895973
15980,22675,false,0.579672
15980,33975,false,0.550919
15980,50918,false,0.477671
15980,57864,false,0.407027
15981,1858,true,0.767515
15981,22694,false,0.286554
15981,32159,false,0.205006
15981,41135,false,0.570062
15981,50959,false,0.813781
15982,1926,true,0.257958
15982,12869,false,0.76574
15982,38053,false,0.530065
15982,58270,false,0.919377
15983,42392,false,0.948949
15984,48326,false,0.98449
15986,1118,true,0.581666
15986,12403,false,0.633663
15986,25957,false,0.99749
15986,38610,false,0.780587
15986,39609,false,0.332051
15986,45050,false,0.985907
15987,1662,true,0.160336
15987,1781,true,0.837845
15987,1881,true,0.562393
15987,38829,false,0.033979
15987,44007,false,0.538796
15987,44340,false,0.841756
15987,51252,false,0.315364
15988,12275,false,0.669687
15988,36581,false,0.394485
15988,42345,false,0.672438
15988,42886,false,0.104694
15988,47938,false,0.231726
15988,51362,false,0.502272
15989,16223,false,0.08437
15989,17927,false,0.028434
15989,19096,false,0.865421
15989,29775,false,0.197093
15989,33831,false,0.144466
15989,49510,false,0.794535
15990,1549,true,0.754468
15990,23425,false,0.314026
15990,49850,false,0.205294
15991,13953,false,0.206155
15991,14499,false,0.532517
15991,17014,false,0.065132
15991,52578,false,0.633372
15991,59569,false,0.261594
15992,13655,false,0.747203
15992,26706,false,0.324544
15992,36517,false,0.037826
15993,29855,false,0.582627
15994,22561,false,0.547552
15994,37663,false,0.991034
15995,20290,false,0.233771
15995,28301,false,0.202544
15995,28820,false,0.643822
15995,38296,false,0.328797
15995,50321,false,0.166927
15995,51199,false,0.121559
15996,11722,false,0.088082
15996,33929,false,0.796457
15996,48653,false,0.926835
15996,53894,false,0.737863
15997,46848,false,0.778076
15998,18897,false,0.30309
15998,21805,false,0.07111
15998,27470,false,0.082131
15998,45326,false,1.002601
16000,33106,false,0.626225
16000,34201,false,0.796425
16000,59355,false,0.482117
16001,22952,false,0.686166
16001,26205,false,0.574055
16002,19302,false,0.829132
16002,58356,false,0.963307
16004,16478,false,0.920622
16004,41657,false,0.414095
16005,30281,false,0.026676
16005,52954,false,0.706412
16005,53376,false,0.451498
16005,55282,false,0.312732
16006,16187,false,0.576293
16006,36116,false,0.451379
16006,40862,false,0.155405
16007,11121,false,0.618764
16007,14384,false,0.252704
16007,19837,false,0.447615
16008,1425,true,0.522759
16008,1603,true,0.844702
16008,10709,false,0.578962
16008,10772,false,0.538742
16010,13378,false,0.100647
16010,21933,false,0.453899
16011,1709,true,0.738776
16011,22528,false,0.493062
16011,30590,false,0.511301
16011,40767,false,0.82365
16011,48603,false,0.39517
16011,59980,false,0.381421
16012,1996,true,0.33081
16012,27241,false,0.992176
16012,32405,false,0.187032
16012,45946,false,0.681485
16012,46025,false,0.702125
16013,16221,false,0.032537
16013,24440,false,0.541039
16013,40022,false,0.40943
16014,36696,false,0.050714
16014,46032,false,0.694239
16014,59245,false,0.609215
16015,29986,false,0.153734
16015,42161,false,0.119478
16017,1132,true,0.84287
16017,18614,false,0.553769
16017,28651,false,0.797855
16017,55384,false,0.915021
16018,1553,true,0.38791
16018,25876,false,0.06326
16019,1300,true,0.028495
16019,34388,false,0.947785
16019,48423,false,0.786997
16020,15050,false,0.14596
16020,18955,false,0.95189
16021,23566,false,0.552136
16021,37542,false,0.818662
16021,42504,false,0.147225
16021,51800,false,0.738375
16022,15416,false,0.873452
16023,11767,false,0.960501
16023,15983,false,0.539723
16023,36373,false,0.892756
16023,55296,false,0.5234
16025,18374,false,0.770524
16026,12560,false,0.212085
16026,34582,false,0.616316
16026,44940,false,1.006025
16026,58743,false,0.132714
16027,18781,false,1.036764
16027,36640,false,0.771961
16027,46711,false,0.987906
16028,16204,false,0.78576
16028,16807,false,0.307333
16028,54741,false,0.063115
16029,45943,false,0.432086
16029,48242,false,0.426451
16029,50700,false,0.200006
16029,55875,false,0.57058
16030,29943,false,0.725244
16030,47297,false,0.138946
16031,10645,false,0.02731
16031,20617,false,0.004046
16031,37807,false,0.919939
16031,37813,false,0.619172
16031,39292,false,0.848732
16031,42112,false,0.393746
16033,23687,false,0.157153
16033,33516,false,0.093391
16034,53818,false,0.641417
16035,46599,false,0.666873
16036,11618,false,0.570281
16036,45838,false,0.700749
16036,51498,false,0.234497
16037,15778,false,0.990716
16037,35749,false,0.364359
16037,36281,false,0.421279
16038,44486,false,0.493757
16039,12690,false,0.695818
16039,37254,false,0.542837
16040,11992,false,0.451122
16040,21925,false,0.26267
16040,28068,false,0.972439
16040,45941,false,0.806454
16040,51846,false,0.404417
16041,41814,false,0.98112
16041,49682,false,0.393526
16042,15278,false,0.701001
16042,15833,false,0.810983
16042,28780,false,0.263275
16042,36503,false,0.287586
16042,42097,false,0.033599
16043,17186,false,0.521486
16043,49455,false,0.740001
16044,17744,false,0.672086
16044,40566,false,0.954961
16044,53299,false,0.343382
16044,59019,false,0.444638
16045,12457,false,0.05305
16045,42169,false,0.368687
16045,47575,false,0.5394
16045,51506,false,0.644849
16046,12514,false,0.860731
16046,12754,false,0.567506
16046,16891,false,0.691056
16046,44351,false,0.943798
16046,45022,false,0.48523
16046,59960,false,0.087005
16047,31770,false,0.671342
16048,18925,false,0.961742
16049,24496,false,0.606361
16049,52381,false,0.47577
16049,53537,false,0.691333
16050,10880,false,0.703056
16050,22719,false,0.518266
16050,42001,false,0.203081
16050,57301,false,0.871042
16051,45642,false,0.467173
16052,19714,false,0.440424
16052,27372,false,0.51301
16052,35436,false,0.080344
16052,37988,false,0.74397
16052,56059,false,0.611617
16053,17521,false,0.911031
16053,21700,false,0.149559
16053,24782,false,0.216905
16053,56948,false,0.803089
16054,10636,false,0.515998
16054,21601,false,0.932084
16054,29705,false,0.050483
16054,42122,false,0.634515
16054,56904,false,0.837782
16055,14965,false,0.117309
16055,29418,false,0.395799
16055,53720,false,0.257962
16055,55138,false,0.802065
16056,47025,false,0.148251
16056,54171,false,0.096068
16057,16125,false,0.220338
16057,24891,false,0.714894
16057,41852,false,0.873759
16058,57289,false,0.805652
16059,53092,false,0.359032
16059,54826,false,0.037179
16060,48476,false,0.563434
16061,47743,false,0.505818
16061,56744,false,0.673736
16062,38288,false,0.739717
16063,15959,false,0.671429
16063,56634,false,0.488649
16064,22684,false,0.802155
16064,37034,false,0.80167
16064,39108,false,0.122306
16064,40524,false,0.104671
16065,21361,false,1.005047
16066,18486,false,0.408169
16066,30990,false,0.093932
16066,31571,false,0.066846
16066,32443,false,0.437635
16068,30758,false,0.630065
16068,42042,false,0.960596
16069,25143,false,0.330858
16070,56497,false,0.499742
16071,42146,false,1.055328
16072,14881,false,0.039887
16072,21131,false,0.669751
16072,49711,false,0.87898
16072,58364,false,0.197626
16073,46451,false,0.618431
16074,10204,false,0.609593
16075,15237,false,0.272489
16075,16597,false,1.031585
16075,35241,false,0.501533
16075,51662,false,0.928979
16076,46884,false,0.60845
16077,52994,false,0.333596
16078,18933,false,0.841597
16078,30589,false,0.389358
16079,14299,false,0.678338
16079,43526,false,0.304672
16079,46257,false,0.167621
16079,55084,false,0.988274
16080,25173,false,0.432669
16081,51637,false,0.925854
16082,23940,false,0.557318
16082,49002,false,0.887498
16082,52822,false,1.00692
16083,51249,false,0.376715
16084,12252,false,0.804229
16086,22221,false,0.363584
16086,52742,false,0.726191
16086,57440,false,0.169079
16087,41668,false,0.539456
16087,46832,false,0.246866
16087,59757,false,0.532442
16088,17404,false,0.01431
16088,48240,false,0.985388
16088,55217,false,0.231233
16089,20138,false,0.840672
16090,55535,false,0.44025
16091,15628,false,0.479256
16091,33259,false,0.488963
16092,29401,false,0.313852
16093,15810,false,0.58156
16093,58000,false,0.552205
16094,16918,false,0.163098
16094,17173,false,0.388885
16094,22213,false,0.370873
16094,27980,false,0.028732
16094,34074,false,0.700939
16095,15494,false,0.682552
16095,15951,false,0.019485
16095,27821,false,0.958527
16096,21084,false,0.893083
16096,38337,false,0.149194
16096,49432,false,0.192154
16097,14297,false,0.644026
16097,47925,false,0.177439
16098,16432,false,0.901599
16098,48217,false,0.143974
16098,49439,false,0.677283
16098,57407,false,0.970878
16099,23302,false,0.001492
16099,40322,false,0.857811
16100,32376,false,0.164502
16101,30579,false,0.461418
16101,31064,false,0.368338
16101,33891,false,0.848438
16101,40642,false,0.972381
16102,42546,false,0.137973
16103,31356,false,0.818198
16103,38315,false,0.927078
16103,46413,false,0.205091
16103,56149,false,0.482846
16104,26309,false,0.380274
16104,50477,false,0.756533
16105,11048,false,0.171728
16105,55725,false,0.526312
16106,18376,false,0.720476
16106,21958,false,0.075586
16106,59828,false,0.189032
16107,14655,false,0.962295
16107,39325,false,0.238758
16107,46071,false,0.648247
16108,21421,false,0.446826
16109,26369,false,0.25926
16109,54365,false,0.76838
16110,14886,false,0.10722
16110,25247,false,0.030007
16110,26008,false,0.696813
16110,37017,false,0.482048
16110,38577,false,0.267919
16110,40005,false,0.175542
16111,20829,false,0.635586
16111,34210,false,0.452698
16112,55094,false,0.640496
16113,24694,false,0.437904
16114,27168,false,0.147716
16114,35743,false,0.368767
16114,38201,false,0.458684
16115,24663,false,0.973309
16115,48672,false,0.879583
16116,58629,false,0.392279
16117,37031,false,0.956016
16117,58149,false,0.472946
16119,15366,false,0.32553
16120,23171,false,0.42721
16120,26591,false,0.610171
16120,34926,false,0.348742
16120,39795,false,0.175677
16120,49093,false,0.264157
16121,11332,false,0.884621
16121,45497,false,0.454386
16121,47328,false,0.229102
16122,24211,false,0.291039
16122,32935,false,0.65043
16123,42159,false,0.21829
16123,44367,false,0.5164
16124,34816,false,0.29814
16124,53858,false,0.63456
16125,13470,false,0.81585
16125,23893,false,0.681794
16125,27807,false,0.694145
16125,28896,false,0.507168
16125,29631,false,0.928536
16125,57809,false,0.07359
16126,38388,false,0.954153
16127,18113,false,0.240094
16128,40790,false,0.125913
16129,33554,false,0.211662
16129,42820,false,0.816427
16129,54621,false,0.048385
16130,30620,false,0.685519
16131,23284,false,0.679941
16131,33055,false,0.799848
16132,30945,false,0.054403
16132,37123,false,0.956846
16132,55818,false,0.001196
16133,39291,false,0.424594
16134,18413,false,0.118173
16134,23050,false,0.72118
16134,41559,false,0.157869
16135,1473,true,0.177614
16135,1923,true,0.316817
16135,16708,false,0.9771
16135,19795,false,0.041325
16135,48273,false,0.159466
16135,59480,false,0.013564
16136,12362,false,0.785481
16136,40867,false,0.359479
16136,49230,false,0.731917
16136,56368,false,0.654333
16137,26935,false,0.866942
16137,58476,false,0.97294
16138,20980,false,0.247674
16138,34125,false,0.511311
16139,13527,false,0.434567
16140,1969,true,0.499452
16141,29364,false,0.916966
16141,39760,false,0.622471
16142,18332,false,0.933983
16142,20892,false,0.346599
16142,24662,false,0.060327
16143,1539,true,0.814037
16143,34505,false,0.23906
16144,1165,true,0.03569
16144,1189,true,0.162004
16144,22375,false,0.208647
16144,49946,false,0.203895
16144,59934,false,0.297643
16146,22848,false,0.340787
16146,57697,false,0.74486
16147,14371,false,0.525572
16147,14551,false,0.086238
16147,16734,false,0.481157
16148,10441,false,0.36848
16148,41165,false,0.854618
16149,23181,false,0.598512
16149,24763,false,0.308759
16150,16551,false,0.376966
16150,32906,false,0.520043
16150,39495,false,0.351678
16150,57764,false,0.487535
16151,22651,false,0.062376
16151,35902,false,0.74015
16152,27719,false,0.919551
16152,57651,false,0.373587
16153,26691,false,0.939673
16154,43188,false,0.00934
16154,50353,false,0.853936
16154,56801,false,0.154207
16154,58156,false,0.005322
16155,16951,false,0.208995
16155,29759,false,0.480545
16155,33532,false,0.374708
16155,53014,false,0.557326
16155,59616,false,0.294884
16156,20273,false,0.207293
16156,34104,false,0.49979
16156,43360,false,0.642777
16157,11648,false,0.803501
16157,12913,false,0.162311
16158,19796,false,0.490524
16158,52778,false,0.334325
16159,51682,false,0.673983
16160,1458,true,0.381602
16160,19764,false,0.06879
16160,31165,false,0.831713
16161,22310,false,0.988103
16161,46896,false,0.692378
16161,48511,false,0.056452
16161,52455,false,0.988973
16162,1633,true,0.039461
16162,1831,true,0.7589
16162,14909,false,0.323577
16162,19931,false,0.60635
16163,1408,true,0.129975
16163,53649,false,0.847428
16164,1998,true,0.330654
16164,19676,false,0.098284
16164,23476,false,0.198363
16164,25816,false,1.002377
16164,30558,false,0.530373
16164,47889,false,0.648281
16165,33468,false,0.725324
16165,38204,false,1.009843
16165,57044,false,0.328098
16166,17817,false,0.613732
16166,21334,false,0.811856
16166,44517,false,0.618338
16167,1983,true,0.132969
16167,13221,false,0.131668
16167,22545,false,0.11415
16167,27379,false,0.578257
16167,28988,false,0.30861
16167,32345,false,0.193387
16167,54267,false,0.353178
16168,1764,true,0.283199
16168,42906,false,0.088663
16169,1326,true,0.072356
16169,42353,false,0.392538
16169,44520,false,0.659273
16169,51732,false,0.051758
16170,35444,false,0.910413
16170,46353,false,0.71724
16170,54757,false,0.82023
16171,1225,true,0.976067
16171,1511,true,0.938865
16171,1827,true,0.777583
16171,38303,false,0.923616
16171,47902,false,0.079219
16172,1578,true,1.00587
16172,10196,false,0.080928
16172,36855,false,0.218678
16173,25569,false,0.660511
16174,1631,true,0.742457
16174,1859,true,0.455686
16174,19069,false,0.966209
16174,44491,false,0.170001
16174,50205,false,0.360598
16175,1754,true,0.022845
16175,30504,false,0.022456
16176,10591,false,0.683766
16176,13211,false,0.338816
16176,43743,false,0.646996
16176,45360,false,0.876552
16177,24759,false,0.940677
16177,30228,false,0.001449
16177,32039,false,0.978232
16178,59065,false,0.927275
16179,51987,false,0.809703
16180,26951,false,0.021299
16180,29457,false,0.805161
16180,56670,false,0.467745
16182,34347,false,0.50359
16183,1199,true,0.917292
16183,12599,false,0.908435
16183,45810,false,0.416381
16184,18128,false,0.006665
16184,27311,false,0.040518
16185,46820,false,0.416126
16186,19599,false,0.984292
16186,29305,false,0.472748
16186,57661,false,0.500144
16187,18173,false,0.398851
16187,30795,false,0.473112
16188,20916,false,0.890139
16188,48221,false,0.097077
16189,11497,false,0.899646
16189,32098,false,0.542752
16189,34765,false,0.792578
16189,43119,false,0.630593
16189,51237,false,0.69442
16190,32097,false,0.282641
16191,1799,true,0.937501
16191,16417,false,0.054501
16191,42377,false,0.350659
16191,47910,false,0.988983
16193,21170,false,0.802372
16193,50977,false,0.149155
16194,13536,false,0.567772
16194,36057,false,0.330532
16194,58001,false,0.513542
16195,11259,false,0.401448
16195,13700,false,0.717765
16195,19655,false,0.629736
16195,19993,false,0.789115
16195,43190,false,0.219373
16195,46110,false,0.438896
16195,53116,false,0.670728
16196,47814,false,0.546443
16198,18596,false,0.568405
16198,30476,false,0.705499
16198,42684,false,0.703528
16198,51296,false,0.239282
16198,54218,false,0.853455
16198,57520,false,0.979334
16199,26317,false,0.795955
16199,47258,false,0.957002
16200,1306,true,0.572973
16200,1745,true,1.000173
16200,43434,false,0.293263
16201,1351,true,0.240279
16201,18166,false,0.815397
16201,23299,false,0.800219
16201,36083,false,0.707801
16201,37156,false,0.633059
16202,24393,false,0.607003
16203,25546,false,0.2772
16203,41610,false,6.81E-4
16203,46376,false,0.672503
16204,16674,false,0.644747
16204,18715,false,0.806678
16204,34224,false,0.555103
16204,38500,false,0.070907
16205,54197,false,0.37003
16206,14742,false,0.773896
16206,18885,false,0.799314
16206,37257,false,0.377064
16206,42173,false,0.287813
16207,18779,false,0.273237
16207,35106,false,0.589479
16207,41990,false,0.689483
16207,59044,false,0.10617
16208,1412,true,0.596591
16208,1734,true,0.516781
16208,13249,false,0.618386
16208,49838,false,0.956375
16209,1595,true,0.897696
16209,16159,false,0.954589
16210,1209,true,0.826332
16210,34768,false,0.074399
16210,44001,false,0.785958
16212,10416,false,0.842535
16212,55070,false,0.29087
16212,56777,false,0.954484
16213,13053,false,0.745791
16213,59720,false,0.948585
16214,47981,false,0.441551
16214,48013,false,0.167723
16214,53068,false,0.49307
16215,28687,false,1.002475
16215,36482,false,0.940837
16216,21314,false,0.012102
16216,23788,false,0.151464
16216,26400,false,0.049831
16216,38693,false,0.85096
16217,15952,false,0.123296
16217,39321,false,0.007905
16217,45660,false,0.130529
16218,20755,false,0.025107
16218,46360,false,0.044079
16218,47340,false,0.050235
16219,29805,false,0.111986
16219,33309,false,1.004306
16219,39611,false,0.674885
16219,43881,false,0.549104
16219,51962,false,0.777309
16220,18516,false,0.050549
16220,56150,false,0.645806
16221,42309,false,0.461078
16222,59281,false,0.036853
16223,18253,false,0.900083
16223,26377,false,0.953843
16224,30400,false,0.918912
16224,38304,false,0.764371
16224,39102,false,0.246308
16224,53589,false,0.402226
16225,26638,false,0.004728
16225,28876,false,0.3499
16226,21323,false,0.328306
16226,32092,false,0.67882
16226,47683,false,0.704524
16228,1477,true,0.312077
16229,40731,false,0.258502
16229,53735,false,0.861606
16230,22454,false,0.647004
16230,24093,false,0.284106
16230,48682,false,0.544117
16231,1621,true,0.835509
16231,35073,false,0.495342
16231,53228,false,0.336202
16231,57035,false,0.688949
16232,21856,false,0.922357
16232,26360,false,0.09881
16232,28054,false,0.202165
16232,37995,false,0.917243
16232,52842,false,0.913856
16233,1589,true,0.250791
16233,21741,false,0.184092
16233,46565,false,0.205571
16233,52170,false,0.493033
16234,1298,true,0.794344
16234,1653,true,0.337052
16234,18326,false,0.169224
16234,28491,false,0.542863
16235,13836,false,0.179203
16235,15766,false,0.693214
16235,52636,false,0.289854
16235,55174,false,0.185693
16236,57618,false,0.039422
16237,1449,true,0.516673
16237,26139,false,0.155637
16238,46346,false,0.537702
16238,57885,false,0.913774
16239,29011,false,0.301351
16240,1720,true,0.611542
16240,44220,false,0.993042
16241,10610,false,0.348487
16241,15443,false,0.219556
16241,44734,false,0.561393
16241,52571,false,0.061792
16241,55879,false,0.658928
16242,1428,true,0.919984
16242,19941,false,0.213685
16242,31784,false,0.218225
16243,12629,false,0.648268
16243,26980,false,0.137017
16243,43999,false,0.535594
16243,50000,false,0.889764
16244,41560,false,0.055817
16244,51488,false,0.329311
16244,54545,false,0.542888
16244,56234,false,0.465423
16245,21214,false,0.134146
16245,40577,false,0.098044
16245,44071,false,0.860644
16246,30786,false,0.623089
16246,55273,false,0.793342
16246,57185,false,0.528013
16247,39859,false,0.819726
16248,32840,false,0.406345
16248,34944,false,0.446174
16248,40367,false,0.725054
16248,44832,false,0.929587
16248,57262,false,0.04357
16248,58002,false,0.324625
16249,56561,false,0.326878
16250,13961,false,0.041898
16250,18311,false,0.893258
16250,18318,false,0.11985
16250,19794,false,0.74364
16250,36521,false,0.883008
16250,44227,false,0.287813
16250,48077,false,0.713165
16251,19743,false,0.717739
16251,30341,false,0.795535
16251,38343,false,0.970461
16251,49183,false,0.947989
16252,13425,false,0.381421
16252,21132,false,0.256857
16252,22370,false,0.190839
16252,52217,false,0.906947
16252,55721,false,0.678504
16254,1712,true,0.227618
16254,41392,false,0.685373
16255,44420,false,0.694189
16257,13725,false,0.633418
16257,18950,false,0.991116
16257,22432,false,0.277832
16257,33053,false,0.326892
16257,34888,false,0.561711
16257,39224,false,0.00348
16258,13965,false,0.820743
16258,15696,false,0.434932
16258,33071,false,0.617154
16258,40027,false,0.755985
16258,42427,false,0.778832
16258,45240,false,0.247574
16258,45276,false,0.22713
16259,23906,false,0.386248
16259,45795,false,0.445788
16259,48035,false,0.090934
16261,20747,false,0.900971
16261,25029,false,0.138754
16261,33937,false,0.642419
16262,11858,false,0.984658
16262,40683,false,0.296005
16262,46616,false,0.806542
16263,44971,false,0.836456
16264,42977,false,0.782135
16265,39746,false,0.957671
16265,54699,false,0.234869
16266,17422,false,0.20443
16266,50024,false,0.399901
16266,54647,false,0.900565
16267,23090,false,0.105457
16267,46851,false,0.389678
16269,13875,false,0.860108
16269,31822,false,0.851293
16269,56783,false,0.39327
16270,16941,false,0.502402
16271,19879,false,0.206859
16271,26056,false,0.792468
16271,26509,false,0.292303
16273,41931,false,0.724284
16273,45407,false,0.686558
16273,54768,false,0.608844
16274,21822,false,0.117595
16274,21908,false,1.007705
16274,32797,false,0.569348
16274,36550,false,0.248375
16274,41483,false,0.090285
16275,10051,false,0.957012
16275,41287,false,0.72471
16277,21024,false,0.50748
16277,26958,false,0.661316
16277,49637,false,0.305516
16278,49595,false,0.91999
16279,24772,false,0.760192
16279,51657,false,0.757525
16280,17792,false,0.58072
16280,48891,false,0.244698
16281,31245,false,0.64384
16281,34797,false,0.198648
16282,13503,false,0.229417
16282,14233,false,0.182798
16282,51157,false,0.127604
16282,52075,false,0.00952
16284,25010,false,0.735212
16284,42414,false,0.536999
16284,46716,false,0.302143
16284,52365,false,0.250546
16284,54723,false,1.010742
16285,18688,false,0.316193
16285,23061,false,0.436638
16285,51128,false,0.600496
16286,48082,false,0.821212
16287,13761,false,0.810298
16287,16114,false,0.605939
16287,39400,false,0.218129
16287,58305,false,0.389926
16288,39237,false,0.346833
16291,27535,false,0.993479
16291,34192,false,0.796918
16292,56707,false,0.857153
16293,24980,false,0.584935
16293,45083,false,0.129526
16294,17268,false,0.326521
16294,51543,false,0.983964
16295,17717,false,0.224922
16295,38668,false,0.581068
16295,42740,false,0.459414
16295,56636,false,0.211274
16296,37655,false,0.300854
16297,18536,false,0.581172
16297,45848,false,1.023449
16298,28710,false,0.84752
16299,20199,false,0.26626
16299,47491,false,0.277268
16300,14889,false,0.64485
16300,24648,false,0.868321
16301,22255,false,0.183661
16301,58216,false,0.449391
16301,59252,false,0.269321
16302,12714,false,0.223698
16302,22721,false,0.89547
16303,11775,false,0.680052
16303,13805,false,0.351571
16303,26919,false,0.952677
16304,55346,false,0.253628
16304,57605,false,0.956597
16305,20658,false,0.249447
16305,30658,false,0.483926
16306,27029,false,0.369124
16307,20289,false,0.863693
16307,59983,false,0.384274
16308,10630,false,0.130898
16309,15963,false,0.833449
16309,19769,false,0.914883
16310,47588,false,0.705972
16311,28733,false,1.001915
16311,59911,false,0.405431
16312,47451,false,1.013671
16313,17360,false,0.042436
16313,32846,false,0.465153
16314,35591,false,0.12467
16315,35769,false,0.76678
16316,12247,false,0.31362
16316,33764,false,0.680656
16316,38031,false,0.352465
16316,48116,false,0.206314
16317,16927,false,0.606939
16317,48867,false,0.552225
16317,53892,false,0.830937
16318,11170,false,0.505592
16318,54828,false,0.347882
16319,10954,false,0.969781
16319,14285,false,0.034652
16319,51904,false,0.354641
16320,11256,false,0.245685
16320,11539,false,0.00525
16320,29020,false,0.855976
16320,30995,false,0.011197
16320,32619,false,0.348101
16320,41797,false,0.856571
16321,16498,false,0.324284
16321,37930,false,0.329579
16321,45740,false,0.20313
16321,59169,false,0.868614
16323,40972,false,0.279773
16323,51191,false,0.244887
16324,11194,false,1.022751
16324,56717,false,0.651381
16325,25692,false,0.471615
16326,25824,false,0.066247
16326,34646,false,0.225518
16326,40351,false,0.851205
16327,10957,false,0.722397
16327,13003,false,0.139623
16327,38739,false,0.600879
16328,56414,false,0.487266
16328,59776,false,0.819831
16329,46732,false,0.719963
16329,47991,false,0.486975
16330,18047,false,0.646226
16330,18108,false,0.451105
16330,26279,false,0.990013
16330,29069,false,0.643304
16330,49870,false,0.098598
16330,54664,false,0.50147
16331,25563,false,0.532448
16331,48178,false,0.929025
16331,54495,false,0.906846
16332,15650,false,0.451323
16332,27471,false,0.442146
16332,58266,false,0.045609
16333,19854,false,0.769926
16333,25407,false,0.630362
16333,27539,false,0.582437
16333,52905,false,0.655898
16334,14275,false,0.113513
16334,21564,false,0.751244
16334,49643,false,0.644717
16335,42986,false,0.184354
16335,47988,false,0.151464
16335,53588,false,0.866027
16335,57435,false,0.808743
16336,30351,false,0.719466
16336,33961,false,0.462974
16336,57873,false,0.631761
16337,18678,false,0.461037
16337,20996,false,0.522065
16337,27737,false,0.407278
16337,30653,false,0.911365
16337,40624,false,0.307972
16338,24569,false,1.001657
16338,25449,false,0.616064
16338,48984,false,0.795563
16339,12523,false,0.314877
16340,26971,false,0.351512
16340,42895,false,0.123768
16342,12817,false,0.81676
16342,37716,false,0.526806
16342,43375,false,0.593487
16343,32308,false,0.108509
16343,39062,false,0.6663
16343,56405,false,0.630758
16344,17781,false,0.8585
16344,30724,false,0.659047
16345,59727,false,0.871388
16346,11263,false,0.581652
16346,40464,false,0.167519
16347,24850,false,0.964971
16347,32709,false,0.102362
16348,18827,false,1.000774
16348,35449,false,0.38334
16348,36825,false,0.845067
16348,39136,false,0.119993
16349,24552,false,0.105814
16349,36830,false,0.260336
16349,42225,false,0.265221
16350,27384,false,0.712263
16350,34357,false,0.854304
16351,39539,false,0.906744
16351,43760,false,0.649155
16351,53251,false,0.914941
16352,12427,false,0.492585
16352,52797,false,0.835852
16352,53308,false,0.869546
16352,58556,false,0.89629
16353,15096,false,0.752093
16353,42418,false,0.917036
16353,48978,false,0.143967
16354,10201,false,0.228476
16354,17048,false,0.285807
16354,48930,false,0.289742
16355,15441,false,0.951167
16355,53163,false,0.36422
16355,57014,false,0.544681
16356,30082,false,0.535426
16357,15919,false,0.391376
16357,21830,false,0.300794
16357,33128,false,0.395117
16357,48546,false,0.231336
16358,11449,false,0.889036
16358,20837,false,0.313637
16358,22300,false,0.579717
16358,29120,false,0.46472
16358,31565,false,0.42186
16358,36731,false,0.968721
16359,25929,false,0.592242
16359,30208,false,0.997608
16359,55839,false,0.531284
16361,45610,false,0.446203
16361,48253,false,0.761041
16361,50058,false,0.83809
16362,21407,false,0.06899
16362,39552,false,0.150199
16362,51363,false,0.350612
16363,23512,false,0.582422
16363,42317,false,0.659915
16364,45921,false,0.962448
16364,56684,false,0.362255
16365,18979,false,0.469715
16365,19393,false,0.364424
16365,58191,false,0.086549
16367,24376,false,0.878577
16367,29635,false,0.957504
16367,42082,false,1.011008
16367,48814,false,0.105953
16368,15322,false,0.070495
16368,16542,false,0.581787
16369,40546,false,0.455045
16369,48701,false,0.713375
16370,50262,false,0.340157
16371,13922,false,0.617989
16371,46557,false,0.033861
16371,58062,false,0.134044
16373,27726,false,0.749404
16373,31515,false,0.001834
16373,33249,false,1.007653
16373,37072,false,0.662808
16373,56243,false,0.049841
16374,30553,false,0.13789
16375,14500,false,0.616886
16375,15666,false,0.919672
16375,16564,false,0.359837
16375,18506,false,0.107953
16375,30986,false,0.067481
16375,38501,false,0.051792
16375,43428,false,0.402391
16376,38818,false,0.065566
16377,14728,false,0.121101
16377,21717,false,0.990197
16378,40067,false,0.191005
16379,10829,false,0.467814
16379,44213,false,0.405238
16379,51843,false,0.698991
16380,21773,false,0.011227
16382,28835,false,0.529308
16382,58811,false,0.638862
16383,10440,false,0.313892
16383,39223,false,0.956938
16384,19596,false,0.015829
16384,32190,false,0.741827
16384,32227,false,0.636463
16384,38485,false,0.747512
16385,46767,false,1.00897
16386,47003,false,0.307645
16386,56485,false,0.698174
16387,18527,false,0.492342
16387,27390,false,0.674029
16387,48696,false,0.108353
16387,58932,false,0.2302
16387,59138,false,0.244395
16389,28513,false,0.035473
16389,36050,false,0.130119
16389,41184,false,0.936939
16389,44410,false,0.522554
16390,41546,false,0.423479
16390,53458,false,0.475519
16391,38991,false,0.895733
16392,50470,false,0.211608
16393,18075,false,0.090931
16393,21048,false,0.18263
16393,34433,false,0.370494
16393,47622,false,0.733119
16395,35918,false,0.833184
16395,59930,false,0.271768
16396,44042,false,0.14634
16396,53526,false,0.63865
16397,12476,false,0.917081
16398,21646,false,0.471806
16398,34173,false,0.024634
16398,56070,false,0.838367
16399,16867,false,0.583818
16399,29774,false,0.633449
16399,46056,false,0.877956
16400,25962,false,1.000781
16401,14436,false,0.142194
16401,23196,false,0.540101
16401,52360,false,0.072268
16401,57002,false,0.578956
16402,12994,false,0.750725
16402,17872,false,0.67869
16402,44825,false,0.909001
16403,35852,false,0.459716
16404,10595,false,0.406577
16404,12893,false,0.231208
16405,15025,false,0.123454
16405,37067,false,0.793618
16405,39418,false,0.753822
16406,15112,false,0.79498
16406,15580,false,0.909719
16406,26598,false,0.899182
16406,36164,false,0.142785
16407,20053,false,0.355371
16408,10294,false,0.718972
16408,55967,false,0.320272
16409,26599,false,0.668909
16409,52587,false,0.577559
16409,58607,false,0.847165
16410,37678,false,0.244558
16411,28406,false,0.037107
16411,46442,false,0.713921
16411,58967,false,0.397665
16412,46914,false,0.542497
16413,26184,false,0.284766
16414,13160,false,0.398018
16414,25727,false,1.003392
16414,55148,false,0.887541
16416,33574,false,0.014268
16416,37520,false,0.185
16418,17741,false,0.25851
16418,21335,false,0.397372
16418,31775,false,0.781347
16418,38220,false,0.513474
16418,40806,false,0.473508
16419,23028,false,0.201306
16419,40687,false,0.480401
16419,56181,false,0.988162
16420,17788,false,0.936741
16420,30026,false,0.864562
16421,25711,false,0.31635
16421,39480,false,0.196568
16421,49120,false,0.485707
16422,29757,false,0.434255
16422,49162,false,0.767014
16423,31287,false,0.962203
16427,43659,false,0.013027
16427,46044,false,0.98393
16428,1069,true,0.384537
16428,40753,false,0.776709
16429,21745,false,0.657066
16429,55134,false,0.508934
16430,15266,false,0.622823
16430,16482,false,0.004319
16430,39936,false,0.529117
16431,25913,false,0.433672
16432,13866,false,0.686276
16432,14596,false,0.853776
16432,42480,false,0.350548
16433,26359,false,0.107346
16433,38891,false,0.486943
16434,1606,true,0.806012
16434,12597,false,0.053453
16434,35065,false,0.500635
16434,54073,false,0.987637
16435,19651,false,0.349087
16435,21159,false,0.200816
16435,38810,false,0.140836
16435,53698,false,0.092147
16436,13744,false,0.047137
16437,21227,false,0.948195
16437,38041,false,0.65073
16437,43173,false,0.574294
16437,43348,false,0.704851
16437,44711,false,0.372062
16438,37483,false,0.178416
16438,55302,false,0.3421
16439,18387,false,0.908527
16439,25604,false,0.485542
16439,30152,false,0.68562
16439,37841,false,0.145119
16441,49203,false,0.623062
16441,54003,false,0.47761
16443,40404,false,0.885959
16444,17859,false,0.554443
16444,40438,false,0.013161
16445,25123,false,0.425464
16445,32419,false,0.351743
16445,36036,false,0.644986
16446,17712,false,0.585226
16446,32639,false,0.255763
16446,41779,false,0.67267
16446,44523,false,0.315817
16447,30405,false,0.622327
16447,32642,false,0.612043
16447,38771,false,0.518176
16448,27520,false,0.045397
16448,29958,false,0.208684
16448,53946,false,0.992903
16448,59699,false,0.310575
16449,40231,false,0.807088
16450,21387,false,0.722509
16450,21998,false,0.511245
16450,56734,false,0.577305
16452,11513,false,0.970572
16454,27153,false,0.885718
16454,49718,false,0.425671
16454,59100,false,0.45235
16455,32168,false,0.022954
16455,33635,false,0.868201
16456,34346,false,0.724368
16457,12010,false,0.907117
16457,18154,false,0.376604
16457,50781,false,0.112591
16458,17071,false,0.458113
16458,30763,false,0.387831
16458,35937,false,0.573841
16459,32800,false,0.157242
16459,53125,false,0.585062
16460,10867,false,0.706355
16460,12717,false,0.916474
16460,24386,false,0.533997
16460,29629,false,0.961528
16460,30564,false,0.034581
16461,16449,false,0.034134
16461,31048,false,0.114
16461,31196,false,0.322647
16461,46705,false,0.957543
16462,17892,false,0.766105
16462,23901,false,0.470624
16462,30938,false,0.017572
16462,33796,false,0.6135
16463,11309,false,0.034706
16463,22889,false,0.526325
16463,24038,false,0.76133
16463,27684,false,0.829292
16463,33371,false,0.3605
16464,10267,false,0.660204
16465,14627,false,0.462734
16465,41898,false,0.952856
16466,14416,false,0.405909
16466,57584,false,0.395122
16467,29108,false,0.232198
16468,36082,false,0.725237
16469,38842,false,0.299329
16469,46656,false,0.103158
16470,17318,false,0.893004
16470,21168,false,0.713229
16470,28015,false,0.003371
16470,39489,false,0.349968
16470,41935,false,0.867561
16470,50901,false,0.889336
16473,14544,false,0.239051
16473,45866,false,0.168534
16474,40647,false,0.633372
16474,43984,false,0.051616
16476,55141,false,0.861437
16477,18591,false,0.834805
16477,20021,false,0.031417
16477,20241,false,0.045041
16477,32116,false,0.88149
16477,37526,false,0.717022
16477,57497,false,0.771628
16478,14770,false,0.400569
16478,40306,false,0.326799
16478,53359,false,0.746611
16479,21559,false,0.803561
16479,36607,false,0.477819
16479,52930,false,0.446193
16480,25032,false,0.236716
16480,44794,false,0.745026
16481,28525,false,0.677649
16481,31874,false,0.650931
16481,42488,false,1.030736
16482,10976,false,0.102944
16482,59711,false,0.475826
16484,15044,false,0.77589
16484,35105,false,0.663374
16484,55579,false,0.628309
16485,33352,false,0.700159
16485,56506,false,0.387551
16485,59062,false,0.050912
16486,10535,false,0.439171
16486,17993,false,0.148383
16486,51697,false,0.180317
16486,56138,false,0.168449
16486,56411,false,0.973819
16486,59559,false,0.637794
16487,17653,false,0.50998
16488,10735,false,0.316103
16488,16234,false,0.329683
16488,19881,false,0.741511
16488,33220,false,0.237496
16488,40509,false,0.996857
16488,55992,false,0.835769
16489,16832,false,0.143197
16489,32520,false,0.420248
16489,40163,false,0.802842
16489,48104,false,0.007645
16490,46311,false,0.173659
16493,13430,false,0.969264
16493,32946,false,0.887285
16493,54888,false,0.392263
16494,42482,false,0.122783
16494,51829,false,0.726927
16496,17680,false,0.535082
16496,44341,false,0.832624
16497,14234,false,0.548987
16497,23303,false,0.615343
16497,40963,false,0.267367
16497,47339,false,0.621521
16498,20915,false,0.979895
16498,21570,false,0.585434
16499,30633,false,0.1774
16500,17499,false,0.860946
16501,14662,false,0.815885
16501,55550,false,0.907246
16502,29416,false,1.009877
16502,46580,false,0.283912
16503,32243,false,0.281864
16503,39027,false,0.605413
16504,33381,false,0.166033
16504,52211,false,0.051903
16505,41828,false,0.327763
16506,25701,false,0.057675
16507,47722,false,0.029943
16507,50805,false,0.26733
16508,26232,false,0.726522
16510,19006,false,0.950047
16510,31342,false,0.855097
16510,35853,false,0.021096
16512,26185,false,0.269085
16513,16283,false,0.468833
16513,20788,false,0.099856
16513,35093,false,0.625085
16513,56724,false,0.589079
16514,19602,false,0.648978
16514,43889,false,0.350993
16514,57098,false,0.518372
16515,6039,true,0.98276
16515,6449,true,0.237873
16515,6875,true,0.074561
16515,12980,false,0.781957
16515,17457,false,0.568936
16515,37585,false,0.203418
16515,40950,false,0.865116
16516,6870,true,0.708308
16516,47208,false,0.461626
16516,53976,false,0.221889
16517,6086,true,0.936431
16517,6412,true,0.137365
16517,6616,true,0.623087
16517,16086,false,0.419633
16517,58852,false,0.175725
16518,13716,false,0.771118
16518,36862,false,0.369435
16519,29149,false,0.574133
16521,19103,false,0.027369
16521,44816,false,1.006849
16522,20009,false,0.362091
16522,29435,false,0.450495
16523,30772,false,0.164606
16523,31861,false,0.289742
16523,56257,false,0.768031
16524,34744,false,0.861762
16524,39221,false,0.903655
16524,45250,false,0.387744
16526,49217,false,0.8004
16526,52228,false,0.433457
16527,24071,false,0.67524
16527,26446,false,0.131388
16527,42171,false,0.599964
16528,15114,false,0.258863
16528,56222,false,0.568028
16529,20091,false,0.723245
16529,38103,false,0.909927
16529,51862,false,0.249176
16530,19927,false,0.829082
16531,54251,false,0.948829
16533,47029,false,0.709235
16533,55069,false,0.939547
16533,55486,false,0.404793
16535,24908,false,0.431618
16536,37322,false,0.388777
16536,52574,false,0.372418
16537,13534,false,0.232698
16537,51163,false,0.472629
16538,18587,false,0.327585
16538,26771,false,0.504148
16538,44697,false,0.718789
16539,11843,false,0.761841
16539,17061,false,0.552827
16539,18849,false,0.460235
16539,23110,false,0.10375
16539,25005,false,0.233621
16539,25966,false,0.42851
16539,37936,false,0.722026
16540,17890,false,0.308885
16540,22987,false,0.395259
16540,36147,false,0.315998
16540,51449,false,0.716761
16540,53375,false,0.84948
16541,53770,false,0.082209
16542,47970,false,0.488802
16543,36489,false,0.566654
16543,48124,false,0.448035
16543,54308,false,0.921786
16544,10482,false,0.302893
16544,16257,false,0.217633
16544,43649,false,0.118568
16545,17123,false,0.73125
16545,32976,false,0.532
16545,47381,false,0.448101
16545,53595,false,0.464165
16547,13638,false,0.405239
16547,16640,false,0.441224
16547,33417,false,0.608676
16549,26241,false,0.40485
16549,42768,false,0.336174
16550,21325,false,0.08834
16550,21722,false,0.279171
16550,38867,false,0.565083
16550,41386,false,0.915859
16550,47225,false,0.660773
16550,59552,false,0.932496
16551,35063,false,0.537978
16551,49499,false,0.092418
16552,16308,false,0.268313
16552,34243,false,0.449846
16554,10711,false,0.963424
16554,28984,false,0.458688
16554,32889,false,0.283561
16555,26176,false,0.036332
16555,38375,false,0.401479
16557,12949,false,0.396053
16557,20455,false,0.10207
16557,25756,false,0.277473
16557,48802,false,0.62117
16557,53027,false,0.43441
16557,53262,false,0.160709
16558,35939,false,0.293131
16559,52342,false,0.706328
16560,16070,false,0.929914
16560,27116,false,0.418193
16560,29778,false,0.84564
16561,14876,false,0.646116
16561,29947,false,0.836124
16562,33323,false,0.199922
16562,52713,false,0.71924
16563,26106,false,1.003684
16563,33586,false,0.557895
16563,58054,false,0.681666
16564,13433,false,0.661627
16564,15418,false,0.518295
16564,23963,false,0.449143
16564,25643,false,0.627987
16564,50899,false,0.594449
16565,55093,false,0.434532
16565,59365,false,0.569869
16566,35584,false,0.150243
16568,23915,false,0.583958
16568,58957,false,0.498767
16569,10964,false,0.693251
16569,45709,false,0.453005
16571,36165,false,0.719238
16571,52987,false,0.298714
16574,15247,false,0.738892
16574,46689,false,0.459931
16574,59689,false,0.12663
16576,42591,false,0.177609
16578,53088,false,0.637282
16579,48544,false,0.850609
16579,48736,false,0.091608
16579,48848,false,0.529054
16579,58604,false,0.906715
16580,42127,false,0.859522
16582,10143,false,0.20288
16582,23622,false,0.158377
16582,25852,false,0.801345
16582,26489,false,0.863331
16582,58391,false,0.375844
16583,30976,false,0.89477
16583,53106,false,0.458792
16585,17777,false,0.44637
16586,31490,false,0.503624
16586,36755,false,0.058652
16586,46649,false,0.38516
16586,48708,false,0.357943
16587,14795,false,0.496174
16587,20372,false,0.320807
16587,23494,false,0.432439
16587,25125,false,0.268087
16587,47444,false,0.225048
16588,55653,false,0.96346
16589,30041,false,0.014695
16590,27312,false,0.951755
16591,12543,false,0.751678
16591,36073,false,0.156857
16591,54893,false,0.939731
16592,22763,false,0.658526
16592,23601,false,0.997403
16592,24536,false,0.967441
16592,41405,false,1.009404
16592,55654,false,0.164662
16593,42664,false,0.430323
16593,46620,false,0.002346
16593,48360,false,0.280582
16594,14542,false,0.068516
16594,59975,false,0.63084
16595,10974,false,0.972803
16596,17373,false,0.489593
16596,23778,false,0.532055
16596,42880,false,0.517495
16597,22772,false,0.396214
16598,35029,false,0.790049
16598,47156,false,0.941056
16600,14524,false,0.112515
16601,22196,false,1.005622
16601,41763,false,0.545454
16602,15241,false,0.771607
16602,35472,false,0.455227
16603,22894,false,0.045827
16603,38830,false,0.467629
16603,43546,false,0.622393
16603,57362,false,0.695962
16603,59066,false,0.341856
16604,17913,false,0.071014
16604,20081,false,0.430746
16604,20994,false,0.804982
16604,23801,false,0.822573
16604,25622,false,0.111402
16604,33951,false,0.051264
16605,20568,false,0.292496
16605,39214,false,0.864358
16605,57491,false,0.151005
16606,16302,false,0.917356
16606,23205,false,0.421034
16606,28284,false,0.274055
16606,38628,false,0.007132
16606,58895,false,0.873992
16607,50924,false,0.149679
16608,19774,false,0.780614
16608,31680,false,0.724133
16608,49055,false,0.171378
16608,58106,false,0.948625
16609,10381,false,0.018802
16609,22150,false,0.155146
16609,25431,false,0.226429
16609,29992,false,0.246993
16609,52894,false,0.530247
16610,43355,false,0.074922
16610,49533,false,0.48946
16611,45311,false,0.075245
16611,49697,false,0.550044
16612,15522,false,0.951085
16612,30838,false,0.093448
16613,10928,false,0.422534
16613,18618,false,0.754328
16613,20655,false,0.713914
16613,37300,false,0.343565
16614,14399,false,0.432778
16614,26263,false,0.396946
16614,30146,false,0.21119
16614,34255,false,0.176487
16615,10552,false,0.724663
16616,14752,false,0.346442
16616,41940,false,0.638611
16617,17514,false,0.536409
16618,29598,false,0.768732
16618,36575,false,0.189276
16618,49215,false,0.535432
16619,53804,false,0.541224
16621,40682,false,0.345819
16622,14933,false,0.552201
16622,45077,false,1.001391
16622,52526,false,0.400947
16623,43855,false,0.982042
16624,58432,false,0.203629
16625,10548,false,0.946113
16625,12194,false,0.975003
16625,45626,false,0.880398
16625,50341,false,0.853609
16626,20667,false,0.720728
16626,34913,false,0.269368
16626,35739,false,0.877207
16626,45330,false,0.922471
16626,50929,false,0.449546
16626,57820,false,0.035233
16627,33994,false,0.956524
16627,49289,false,0.389239
16628,47674,false,0.887571
16628,52149,false,0.398697
16629,12773,false,0.648522
16629,26297,false,0.666971
16629,27080,false,0.903307
16630,11639,false,0.400179
16630,49096,false,0.096226
16631,22662,false,0.785509
16631,45236,false,0.503412
16631,47077,false,0.066613
16631,48517,false,0.891906
16633,33339,false,0.963035
16633,33356,false,0.262723
16633,35625,false,0.660455
16633,56197,false,0.686908
16634,13033,false,0.029568
16634,21235,false,0.746158
16635,21308,false,0.796464
16635,47342,false,0.503492
16636,56547,false,0.967668
16637,20638,false,0.812043
16637,35055,false,0.568949
16637,36405,false,0.180977
16637,45037,false,0.471632
16638,22692,false,0.550552
16638,47784,false,0.078453
16638,53149,false,0.775466
16638,56886,false,0.054366
16639,54118,false,0.799494
16640,38090,false,0.105446
16640,38878,false,0.625007
16640,57477,false,0.382806
16641,16612,false,0.297471
16641,43436,false,0.567891
16641,45970,false,0.747657
16642,28110,false,0.431922
16642,34867,false,0.97888
16642,44801,false,0.353795
16644,20187,false,0.538601
16644,37060,false,0.478998
16645,13432,false,0.777306
16645,50306,false,0.242279
16646,18633,false,0.626927
16646,46485,false,0.268622
16647,11146,false,0.049975
16647,45219,false,0.603095
16648,21405,false,1.010527
16648,24795,false,0.241493
16648,51664,false,0.250448
16649,23165,false,0.42401
16649,24593,false,0.573662
16649,26365,false,0.117119
16649,26465,false,0.844298
16649,41744,false,0.326553
16649,58092,false,0.663684
16650,30845,false,0.688119
16650,47498,false,0.990575
16650,50084,false,0.199133
16650,51758,false,0.847947
16651,33636,false,0.091888
16653,15942,false,0.18243
16653,46443,false,0.725104
16653,49759,false,0.077191
16654,13639,false,0.987368
16654,33513,false,0.716467
16655,16076,false,0.293303
16656,44151,false,0.207579
16656,49932,false,0.573271
16656,54219,false,0.258283
16657,18469,false,0.685946
16657,51283,false,0.85856
16657,52081,false,0.741024
16657,57756,false,0.017172
16658,11594,false,0.897437
16658,18863,false,0.669601
16658,39329,false,0.957467
16658,46678,false,0.320777
16658,51350,false,0.833398
16658,59917,false,0.312191
16659,27344,false,0.673903
16659,49623,false,0.688846
16660,14401,false,0.999419
16661,11279,false,0.419347
16661,27005,false,0.988304
16661,32206,false,0.729736
16662,12441,false,0.443274
16662,15690,false,0.751398
16662,19329,false,0.436148
16662,38175,false,0.122432
16663,36088,false,0.37976
16663,45349,false,0.801996
16664,10967,false,0.877387
16664,52464,false,0.03858
16664,54557,false,0.278254
16664,58359,false,0.785846
16665,42974,false,0.319953
16665,48683,false,0.896328
16665,56963,false,0.418143
16667,16291,false,0.689788
16667,35802,false,0.806271
16667,37735,false,0.606745
16667,46250,false,0.041597
16668,26442,false,0.112272
16668,38780,false,0.370461
16669,21713,false,0.200699
16670,33284,false,0.095875
16670,35851,false,0.82788
16670,44122,false,0.462062
16672,16272,false,0.59599
16672,40993,false,0.122208
16673,15911,false,0.86784
16673,32009,false,0.949422
16673,35575,false,0.871867
16673,43326,false,0.315369
16674,27410,false,0.486908
16674,47633,false,0.04235
16675,30734,false,0.97045
16675,44230,false,0.121918
16675,45801,false,0.084086
16675,52278,false,0.939408
16677,26024,false,0.573079
16678,17956,false,0.544008
16678,23612,false,0.323864
16679,12236,false,0.4826
16679,20985,false,0.939968
16680,33992,false,0.255108
16681,55106,false,0.798753
16681,59276,false,0.412879
16683,30561,false,0.635263
16683,44003,false,0.624236
16683,47638,false,0.879273
16684,27685,false,0.876564
16684,43930,false,0.372095
16684,48957,false,0.416954
16685,14623,false,0.119541
16685,25809,false,0.739107
16685,30139,false,0.763889
16686,31721,false,0.319502
16686,38231,false,0.639715
16687,11024,false,0.738301
16687,12772,false,0.593662
16687,13464,false,0.581235
16688,55470,false,0.303145
16689,11758,false,0.090068
16690,10780,false,0.439984
16691,47068,false,0.153572
16692,35639,false,0.403153
16693,31454,false,0.638572
16694,31601,false,0.048654
16695,19348,false,0.911288
16695,20977,false,0.500815
16695,33105,false,0.455695
16695,38591,false,0.448612
16695,47309,false,0.320281
16695,55215,false,0.458445
16696,29207,false,0.379843
16697,24334,false,0.680335
16697,38353,false,0.7029
16698,13788,false,0.59215
16698,21838,false,0.041751
16698,32096,false,0.215051
16698,50709,false,0.993317
16698,51212,false,0.37393
16699,13854,false,0.947464
16699,44073,false,0.155226
16699,48452,false,0.502365
16699,50260,false,0.172777
16700,24734,false,0.816942
16700,57201,false,0.65654
16701,24456,false,0.706706
16701,38105,false,0.026345
16701,44764,false,0.377938
16701,47047,false,0.277521
16701,56816,false,0.520384
16701,59770,false,0.005195
16702,28990,false,0.049756
16702,57093,false,0.021569
16703,17079,false,0.091149
16704,15881,false,0.895441
16704,32352,false,0.246777
16704,51787,false,0.73951
16704,51950,false,0.33172
16705,16791,false,0.121108
16707,17594,false,0.645245
16707,19737,false,0.485975
16707,32809,false,0.525014
16707,44535,false,0.887076
16708,22093,false,0.564565
16708,55168,false,1.001208
16708,57686,false,0.205367
16709,16858,false,0.438975
16709,16897,false,0.111153
16710,38395,false,0.774037
16711,24325,false,0.577061
16712,17236,false,0.875676
16712,24898,false,0.295917
16712,25947,false,0.950521
16712,28997,false,0.09975
16712,40245,false,0.468261
16712,51429,false,0.247333
16712,59037,false,0.813139
16713,12013,false,1.030561
16713,29242,false,0.327424
16713,42451,false,0.10924
16714,44743,false,0.133086
16714,50258,false,0.990358
16714,56529,false,0.780297
16715,20170,false,0.149916
16715,38382,false,0.689611
16715,55021,false,0.261784
16715,58609,false,0.683972
16716,17852,false,0.616144
16716,23800,false,0.160616
16716,32356,false,0.295066
16716,33714,false,0.994698
16716,36592,false,0.583318
16717,39586,false,0.207818
16718,54234,false,0.145738
16719,18904,false,0.544225
16719,26422,false,0.818579
16719,38298,false,0.1466
16719,49285,false,0.158357
16719,59927,false,0.423189
16720,50348,false,0.790343
16720,55115,false,0.321581
16721,21666,false,0.582181
16721,35951,false,0.18788
16722,30802,false,0.929927
16722,32745,false,0.558736
16723,25793,false,0.966505
16723,53230,false,0.001039
16724,36247,false,0.102722
16724,39018,false,0.693051
16724,41264,false,0.853689
16724,45572,false,0.0494
16724,45976,false,0.102832
16724,54944,false,0.137604
16724,57437,false,0.732044
16725,30703,false,0.853108
16725,36046,false,0.140445
16725,52944,false,0.483351
16726,34089,false,0.333688
16726,40077,false,0.89835
16726,41707,false,0.721218
16726,51437,false,0.58874
16727,20036,false,0.986815
16727,53102,false,0.965492
16728,37691,false,0.712508
16728,39050,false,0.911093
16730,48737,false,0.160885
16730,59432,false,0.200282
16731,12314,false,0.300667
16731,33794,false,0.381531
16731,35517,false,0.791606
16732,31489,false,0.151754
16732,42888,false,0.642609
16732,44958,false,0.810997
16732,45389,false,0.059987
16734,29382,false,0.639177
16734,34229,false,1.010946
16734,36648,false,0.442655
16735,21670,false,0.641966
16736,17132,false,0.383142
16736,28610,false,0.043189
16736,38566,false,0.351026
16736,43809,false,0.390797
16736,59474,false,0.624901
16737,23430,false,0.292039
16737,39512,false,0.088974
16737,53893,false,0.591324
16738,11834,false,0.083382
16738,39863,false,0.226212
16738,48825,false,0.343092
16738,56732,false,0.515944
16740,23109,false,0.290782
16740,49270,false,0.404662
16740,51265,false,0.408067
16741,32651,false,0.248976
16741,45095,false,0.039425
16743,56255,false,0.674444
16744,22831,false,0.734101
16744,23229,false,0.742174
16744,25810,false,0.037324
16744,55529,false,0.635617
16745,46065,false,0.46621
16746,29630,false,0.559512
16746,53863,false,0.412198
16747,32610,false,0.013641
16747,53007,false,0.150318
16749,26978,false,0.092941
16749,53760,false,0.473622
16750,32411,false,0.368481
16752,41774,false,0.136452
16753,18289,false,0.771528
16753,33253,false,0.829315
16753,41636,false,0.671773
16754,57737,false,0.54544
16755,13042,false,0.971189
16755,18212,false,0.227305
16755,23660,false,0.934954
16755,37635,false,0.130508
16756,25789,false,0.523989
16756,45836,false,0.259664
16756,52141,false,0.319286
16757,36407,false,0.313812
16757,55728,false,0.584441
16759,21316,false,1.012714
16759,25553,false,0.966544
16759,45650,false,0.481115
16761,15865,false,0.361402
16761,35177,false,0.295273
16762,58844,false,0.703519
16763,24452,false,0.71274
16763,28320,false,0.343536
16763,38374,false,0.760054
16763,44546,false,0.499488
16764,11375,false,0.990551
16764,24719,false,0.165261
16764,45217,false,0.069561
16765,20038,false,0.579915
16765,38161,false,0.449639
16765,58020,false,0.329634
16766,15771,false,0.816934
16766,28012,false,0.742979
16767,24142,false,0.369528
16767,25986,false,0.325026
16767,45058,false,0.178512
16768,14081,false,0.860917
16768,38148,false,0.232641
16768,51771,false,0.037319
16769,25256,false,0.183726
16769,42490,false,0.981696
16769,44994,false,0.803346
16769,50493,false,0.739361
16770,32351,false,0.177042
16770,47838,false,0.307383
16771,13190,false,0.870352
16771,18471,false,0.561127
16771,25879,false,0.239954
16771,45183,false,0.950555
16771,51139,false,0.233559
16771,56532,false,0.239443
16772,10886,false,0.774108
16772,20079,false,0.648731
16772,30466,false,0.257023
16772,32285,false,0.962923
16773,17667,false,0.619225
16773,21398,false,0.212325
16774,38318,false,0.426093
16774,46487,false,0.388234
16775,15308,false,0.852533
16775,19634,false,0.507703
16775,25507,false,0.423739
16776,29348,false,0.807027
16776,44782,false,0.077007
16776,51565,false,1.004055
16777,13443,false,0.230546
16777,41046,false,0.762887
16777,59719,false,0.02724
16778,33442,false,0.02824
16778,34580,false,0.65918
16778,46215,false,0.098377
16778,58109,false,0.316352
16779,57422,false,0.643139
16780,12102,false,0.2059
16780,27224,false,0.8135
16781,31834,false,0.400416
16781,44272,false,0.706565
16781,50720,false,0.288975
16781,53728,false,0.317502
16782,33843,false,0.562059
16782,46769,false,0.001469
16782,51194,false,0.511418
16783,19334,false,0.801654
16783,33871,false,0.172603
16785,12500,false,0.025275
16786,29139,false,0.789273
16786,32012,false,0.400381
16786,36533,false,0.496956
16786,46429,false,0.242985
16786,49557,false,0.511233
16786,51554,false,0.744001
16786,59579,false,0.343678
16787,19253,false,0.2178
16787,52747,false,0.54126
16788,15729,false,0.012731
16788,20801,false,0.751523
16788,49567,false,0.261928
16788,49873,false,0.095462
16789,40155,false,0.399118
16789,53998,false,0.806348
16790,41529,false,0.330708
16790,44653,false,0.712393
16790,55128,false,0.528078
16791,11930,false,0.385099
16791,14002,false,0.13469
16791,23894,false,0.248919
16791,25897,false,0.66336
16791,57194,false,0.726515
16792,18380,false,0.558356
16792,24841,false,0.593614
16793,19587,false,0.671454
16793,21488,false,0.802576
16793,43429,false,0.024134
16793,54320,false,0.769898
16794,39985,false,0.924385
16794,48088,false,0.468469
16795,26730,false,0.799025
16795,34670,false,0.541875
16795,56166,false,0.780199
16796,22808,false,0.69461
16797,32050,false,0.504406
16797,44590,false,0.837232
16798,35412,false,0.848946
16798,46523,false,0.120746
16799,26461,false,0.532338
16799,49999,false,0.360337
16800,15217,false,0.709231
16800,43366,false,0.899377
16800,56314,false,0.572588
16800,57886,false,0.094766
16801,41241,false,0.980479
16801,44188,false,0.443827
16801,47015,false,0.994355
16802,16669,false,0.007921
16803,24506,false,0.548688
16804,11723,false,0.84569
16804,38909,false,0.092476
16804,51038,false,0.801055
16804,54594,false,0.610587
16805,32602,false,0.293579
16805,54652,false,0.362333
16806,17734,false,0.34409
16806,24762,false,0.04544
16806,30844,false,0.052877
16808,12230,false,0.557578
16808,30818,false,0.520389
16808,50449,false,0.7895
16808,57134,false,0.10822
16809,16075,false,0.786484
16809,42105,false,0.596653
16809,47515,false,0.605455
16810,21537,false,0.156598
16810,42351,false,0.293452
16810,48883,false,0.356615
16811,29334,false,0.305025
16811,46099,false,0.159258
16811,49663,false,0.347958
16812,22459,false,0.208007
16813,52132,false,0.711177
16814,32173,false,0.091966
16814,38640,false,0.892504
16815,16232,false,0.326332
16815,50362,false,0.813431
16816,10589,false,0.396009
16816,27042,false,0.882385
16816,47720,false,0.530661
16817,11566,false,0.980842
16817,51964,false,0.992471
16817,55218,false,0.708611
16818,14335,false,0.584695
16818,21895,false,0.103088
16818,24700,false,0.780762
16818,31803,false,0.96116
16818,41842,false,0.991584
16819,44217,false,0.965053
16819,55984,false,0.353241
16820,44051,false,0.800063
16820,44290,false,0.02919
16821,16305,false,0.418562
16821,17966,false,0.777324
16822,11808,false,0.15515
16822,22620,false,0.729005
16822,23646,false,0.156955
16823,24992,false,0.910778
16823,42284,false,0.223979
16825,15817,false,0.091992
16825,21702,false,0.84305
16825,32225,false,0.00552
16825,59056,false,0.778746
16826,10651,false,0.868742
16826,35204,false,0.148993
16826,41022,false,0.077037
16826,48753,false,0.107032
16826,53229,false,0.863396
16826,56105,false,0.65388
16826,57120,false,0.48762
16827,25469,false,0.640398
16827,51943,false,0.086735
16827,58916,false,0.709546
16828,14626,false,0.40472
16828,50922,false,0.533198
16829,28037,false,0.156456
16829,42533,false,0.147322
16830,28523,false,0.53878
16830,38836,false,0.321673
16830,44309,false,0.225295
16831,18396,false,0.203725
16831,51939,false,0.599465
16834,39114,false,0.551523
16834,43422,false,0.344334
16834,45835,false,0.021385
16834,57646,false,0.840296
16836,17470,false,0.18641
16836,18264,false,0.08856
16836,45380,false,0.997242
16837,13541,false,0.73816
16837,18170,false,0.927933
16837,37850,false,0.525374
16837,51774,false,0.774284
16837,59512,false,0.683659
16838,53029,false,0.417938
16839,18077,false,0.589104
16839,24587,false,0.428097
16839,26070,false,0.013927
16839,30510,false,0.197486
16839,47041,false,0.622509
16840,15977,false,0.674496
16840,47396,false,0.531127
16840,57912,false,0.245062
16841,26531,false,0.697885
16841,37455,false,0.940593
16841,42907,false,0.609596
16842,27962,false,0.386575
16842,34230,false,0.91983
16842,41366,false,0.644562
16843,27756,false,0.606475
16843,47555,false,0.681016
16844,17592,false,0.319874
16844,39868,false,0.507435
16845,17750,false,0.738407
16845,54716,false,0.645687
16846,36180,false,0.730518
16846,39206,false,0.312915
16847,14733,false,0.526618
16847,18241,false,0.915585
16847,25506,false,0.679937
16848,30359,false,0.31271
16849,20958,false,0.194031
16849,23623,false,0.83851
16850,14119,false,0.389511
16850,21658,false,0.245074
16850,22948,false,0.672756
16850,39103,false,0.351114
16850,54287,false,0.769783
16850,59467,false,0.800757
16851,12738,false,0.778556
16851,19038,false,0.909649
16851,35478,false,0.541426
16851,50908,false,0.287894
16851,58975,false,0.619105
16852,31831,false,0.723906
16852,32835,false,0.840817
16852,33529,false,0.615247
16852,49140,false,0.963608
16852,52629,false,0.919696
16852,55587,false,0.980232
16853,24818,false,0.688224
16853,42361,false,0.843003
16853,49583,false,0.643036
16854,17155,false,0.329411
16854,24845,false,0.211136
16854,52503,false,0.209369
16855,10952,false,0.269812
16855,19897,false,0.538156
16855,20685,false,0.328798
16855,31766,false,0.060362
16857,20539,false,0.432506
16858,18749,false,0.552253
16858,34723,false,0.598323
16859,40510,false,0.164402
16860,31684,false,0.461998
16860,35700,false,0.602339
16861,46482,false,0.95337
16862,31227,false,0.677923
16862,43408,false,0.319065
16862,47138,false,0.700142
16862,47235,false,0.505634
16862,50183,false,0.82722
16863,11854,false,0.90175
16863,13992,false,0.881773
16864,15632,false,0.682259
16864,50190,false,0.919055
16865,22595,false,0.93106
16865,31096,false,0.003837
16865,33429,false,0.439983
16865,37467,false,0.691682
16865,40458,false,0.948115
16865,52476,false,0.052008
16866,10364,false,0.338669
16866,20173,false,0.859833
16867,16583,false,0.720183
16867,28230,false,0.593813
16867,40113,false,0.25232
16867,43988,false,0.474811
16868,16762,false,0.374179
16868,22066,false,0.813637
16868,37644,false,0.282599
16869,24881,false,0.937639
16870,53629,false,0.439288
16872,19328,false,0.151916
16873,40358,false,0.233595
16873,55091,false,0.748979
16874,18918,false,0.093995
16874,24804,false,0.370672
16874,53734,false,0.690212
16875,24358,false,0.743831
16875,36523,false,0.214687
16875,49227,false,0.630611
16876,37755,false,0.650894
16876,45188,false,0.860188
16876,50243,false,0.791726
16876,56459,false,0.166777
16877,21922,false,0.982404
16879,21327,false,0.856193
16879,23944,false,0.344789
16879,34002,false,0.006146
16879,58606,false,0.245857
16880,53824,false,0.079186
16881,32910,false,0.90651
16882,24427,false,0.25251
16884,23749,false,0.981014
16884,36095,false,0.008104
16884,43689,false,0.009835
16885,43296,false,0.903009
16885,48583,false,0.501559
16887,17125,false,0.855503
16887,18774,false,0.992464
16887,37122,false,0.975737
16887,37337,false,0.546058
16888,25904,false,0.609624
16889,45621,false,0.061739
16891,12215,false,0.946487
16891,51593,false,0.437535
16892,28231,false,0.43108
16892,29358,false,0.662208
16892,37593,false,0.680836
16892,51334,false,0.806102
16893,32284,false,0.21136
16893,39236,false,0.398875
16894,18522,false,0.015602
16894,39853,false,0.987474
16894,51901,false,0.888266
16895,10154,false,0.976287
16896,11037,false,0.834877
16897,21901,false,0.991353
16897,58025,false,0.957893
16898,36905,false,0.467303
16898,45580,false,0.284586
16898,54541,false,0.116127
16898,56633,false,0.800602
16898,59690,false,0.559851
16899,1899,true,0.563907
16899,23802,false,0.102992
16899,23896,false,0.62443
16899,59300,false,0.363132
16900,13607,false,0.856202
16900,23637,false,0.978754
16900,37393,false,0.677906
16901,1314,true,0.186452
16902,16657,false,0.762036
16902,51779,false,0.425302
16903,1055,true,0.053476
16903,48950,false,0.260744
16903,50903,false,0.053052
16904,1257,true,0.420021
16904,42301,false,0.250987
16905,1210,true,0.79721
16905,28787,false,0.948729
16905,34985,false,0.671741
16906,30850,false,0.150361
16906,47675,false,0.174138
16907,53699,false,0.378678
16908,1860,true,0.199128
16908,22480,false,0.529524
16909,31600,false,0.906328
16909,49950,false,0.465665
16909,54860,false,0.175745
16910,13923,false,0.697366
16910,21790,false,0.808236
16911,36361,false,0.917638
16911,44416,false,0.15795
16911,50225,false,0.702984
16911,54190,false,0.483655
16912,21613,false,1.00635
16913,20488,false,0.696536
16913,29523,false,0.014957
16914,14272,false,0.258806
16914,37364,false,0.570354
16915,31220,false,0.515894
16916,27270,false,0.361187
16916,33077,false,0.160214
16916,37223,false,0.292239
16916,47304,false,0.967891
16916,52181,false,0.243325
16917,43549,false,0.799821
16917,50215,false,1.005241
16918,31963,false,0.568185
16919,6668,true,0.263189
16919,20605,false,0.302585
16919,25804,false,0.6263
16919,39708,false,0.046806
16919,51120,false,0.381173
16920,11168,false,0.994271
16920,18959,false,1.048417
16920,31945,false,0.110286
16920,40088,false,0.29103
16921,6894,true,0.275615
16921,27670,false,0.946089
16921,41613,false,0.032005
16921,48260,false,0.876759
16922,26915,false,0.353857
16922,35527,false,0.423402
16922,41508,false,0.941857
16922,58124,false,0.842494
16923,27192,false,0.955903
16924,21226,false,0.486586
16924,28543,false,0.033313
16924,53832,false,0.682834
16925,31504,false,0.828424
16925,40389,false,0.196864
16926,20352,false,0.77133
16926,28135,false,0.904352
16926,36593,false,0.482407
16926,48125,false,0.047438
16927,11726,false,0.074467
16927,16819,false,0.950204
16927,34336,false,0.213263
16928,23182,false,0.467743
16929,19817,false,0.19489
16929,34021,false,0.772168
16929,34439,false,0.996185
16929,55758,false,0.769679
16929,55845,false,0.580813
16929,56563,false,0.268288
16930,13485,false,0.129793
16930,18008,false,0.6499
16930,43911,false,0.88163
16931,40797,false,0.731228
16932,17623,false,0.777824
16932,34302,false,0.111183
16934,18532,false,0.863439
16934,45756,false,0.984176
16935,11757,false,0.605213
16935,24770,false,0.16147
16935,43786,false,0.787921
16936,20354,false,0.976936
16936,23552,false,0.358002
16936,33986,false,0.778817
16936,35008,false,0.294667
16937,47879,false,0.73645
16938,15094,false,0.997103
16938,34793,false,0.418139
16938,35000,false,0.884831
16938,46670,false,0.795162
16939,32121,false,0.476932
16939,32785,false,0.665886
16939,56200,false,0.965926
16941,17094,false,0.41392
16941,31586,false,0.619356
16942,15090,false,0.555379
16942,17278,false,0.774151
16942,39036,false,0.237092
16943,17714,false,0.305418
16943,31875,false,0.899269
16943,53482,false,0.465311
16943,59925,false,0.109529
16944,52225,false,0.5614
16944,56907,false,0.568126
16945,25025,false,0.884454
16946,10377,false,0.514691
16946,19639,false,0.183194
16946,59015,false,0.363732
16947,29508,false,0.122564
16948,10077,false,0.093481
16948,16704,false,0.746431
16948,26844,false,0.537852
16948,37756,false,0.777062
16948,38498,false,0.847422
16948,47250,false,0.70046
16949,44336,false,0.898536
16949,50542,false,0.161912
16950,38625,false,0.217523
16950,46544,false,0.432683
16950,46588,false,0.587814
16951,39182,false,0.308793
16952,37502,false,0.07877
16952,41662,false,0.681195
16953,43808,false,0.659179
16953,52858,false,0.539624
16954,28725,false,0.595883
16955,22397,false,0.799253
16955,35758,false,0.718431
16955,35956,false,0.506937
16955,46698,false,0.71424
16955,47705,false,0.474525
16955,52137,false,0.989673
16956,23393,false,0.170617
16956,40431,false,0.06229
16956,43500,false,0.29876
16958,21635,false,0.23887
16958,24907,false,0.138876
16958,25657,false,0.352501
16958,37274,false,0.129779
16958,42293,false,0.39007
16959,36391,false,0.435749
16959,41387,false,0.855002
16959,56975,false,0.314492
16960,16875,false,0.990955
16960,20248,false,0.883879
16960,51520,false,0.299455
16960,51807,false,0.463259
16961,15603,false,0.911487
16961,43249,false,0.019607
16961,47648,false,0.727666
16961,59838,false,0.300763
16962,14782,false,0.778791
16962,20230,false,0.434206
16962,38592,false,0.99214
16963,38521,false,0.357021
16963,58777,false,0.355386
16964,47223,false,0.931491
16965,11880,false,0.628352
16965,34068,false,0.845386
16965,52626,false,0.875867
16966,11907,false,0.065064
16967,11000,false,0.576951
16967,39786,false,0.570936
16967,40853,false,0.054554
16968,22147,false,0.139881
16968,58491,false,0.583229
16969,16550,false,0.540484
16969,35187,false,0.965639
16969,37541,false,0.522229
16970,18210,false,0.169472
16970,48840,false,0.165361
16971,15726,false,0.663142
16971,48332,false,0.233402
16974,12245,false,0.07259
16974,23133,false,0.968963
16974,27260,false,0.736681
16974,28483,false,0.868311
16974,44454,false,0.831139
16974,50158,false,0.500218
16975,14890,false,0.612243
16975,22267,false,0.076845
16975,48715,false,0.396894
16977,13184,false,0.554379
16977,19955,false,0.08533
16978,27796,false,0.182371
16978,50753,false,0.106076
16978,50953,false,0.647928
16979,45967,false,0.483592
16979,48470,false,0.645671
16979,57736,false,0.025775
16980,31482,false,0.004774
16980,47356,false,0.117987
16980,53369,false,0.138906
16981,36196,false,0.841028
16981,40226,false,0.937394
16981,49777,false,0.83396
16981,53450,false,0.437622
16981,55127,false,0.411424
16982,11652,false,0.863168
16982,26107,false,0.687922
16983,23655,false,0.872251
16983,24016,false,1.009993
16983,36678,false,0.098968
16984,36591,false,0.19973
16984,51951,false,0.946446
16985,52821,false,0.785174
16986,19829,false,0.489794
16986,39917,false,0.874341
16986,52657,false,0.379433
16987,56966,false,0.183862
16988,16501,false,0.898862
16988,34226,false,0.846255
16988,52996,false,0.752177
16988,54356,false,0.069813
16989,42561,false,0.041579
16990,34515,false,0.846304
16990,36833,false,0.554465
16991,36968,false,0.023065
16992,23324,false,0.599946
16992,43142,false,0.756433
16992,46791,false,0.224435
16993,14868,false,0.951394
16993,27021,false,0.487214
16993,39571,false,0.579198
16993,55917,false,0.030604
16994,14321,false,0.456175
16994,14347,false,0.5629
16994,14628,false,0.69124
16994,23236,false,0.989913
16994,49410,false,0.719383
16994,51133,false,0.082819
16994,57706,false,0.160712
16995,17540,false,0.040935
16995,56812,false,0.318831
16996,24262,false,0.702405
16996,28792,false,0.166133
16996,31428,false,0.210416
16996,57925,false,0.841265
16997,41233,false,0.84403
16997,55071,false,0.860368
16998,30859,false,0.023234
16999,11590,false,0.910476
16999,38014,false,0.634487
16999,55005,false,0.409534
17000,47270,false,0.960182
17001,35845,false,0.791171
17001,49605,false,0.81781
17001,52012,false,0.510581
17001,54179,false,0.475371
17001,57615,false,0.152881
17002,20132,false,0.496082
17002,32704,false,0.396535
17002,58753,false,0.653046
17003,16435,false,0.591272
17003,16699,false,0.190399
17004,13492,false,0.353907
17004,51616,false,0.679422
17004,56586,false,0.338336
17005,23360,false,0.673595
17005,24278,false,0.775285
17005,37831,false,0.857314
17005,49046,false,0.067452
17006,40539,false,0.049458
17006,40990,false,0.885859
17007,36226,false,0.217236
17007,47203,false,0.707034
17007,51459,false,0.278804
17008,42573,false,0.309162
17008,50240,false,0.790115
17008,56410,false,0.048171
17009,19597,false,0.343914
17009,22414,false,0.466619
17009,25638,false,0.370079
17009,36545,false,0.58146
17009,55607,false,0.788533
17010,14422,false,0.126709
17010,16110,false,0.082914
17011,13067,false,0.719087
17012,31349,false,0.158586
17012,39741,false,0.629508
17012,45371,false,0.71013
17013,38817,false,1.0118
17013,40553,false,0.417428
17013,45372,false,0.446781
17014,15674,false,0.138895
17014,32390,false,0.967826
17014,45287,false,0.726998
17014,48141,false,0.162573
17014,58862,false,0.605128
17015,13293,false,0.325616
17015,18042,false,0.713668
17015,29174,false,0.758249
17016,14487,false,0.826663
17019,10408,false,0.559008
17019,10787,false,0.723645
17019,40020,false,0.041535
17020,43843,false,0.159311
17020,51564,false,0.859467
17021,20249,false,0.335275
17021,26366,false,0.2296
17022,16043,false,0.09921
17022,18255,false,0.065942
17022,24047,false,0.862274
17022,29577,false,0.142538
17022,39323,false,0.603538
17023,19654,false,0.851852
17023,30610,false,0.616916
17023,33022,false,0.082
17023,49014,false,0.943612
17024,14039,false,0.567387
17025,30960,false,0.954744
17026,34717,false,0.328319
17026,36163,false,0.558534
17027,25217,false,0.856514
17027,58008,false,0.13688
17029,26972,false,0.06362
17030,11476,false,0.303879
17030,20853,false,0.944512
17030,21648,false,0.467305
17031,10638,false,0.425793
17031,11690,false,0.539098
17031,14535,false,0.788297
17031,24669,false,0.907786
17031,32775,false,0.987636
17033,52676,false,0.718566
17034,43181,false,0.465483
17034,43966,false,0.463134
17034,50104,false,0.941678
17034,51345,false,0.487172
17035,46493,false,0.457503
17035,57577,false,0.359648
17036,14369,false,0.447472
17036,49413,false,0.791219
17036,51203,false,0.641939
17036,56574,false,0.167504
17037,51724,false,0.571265
17038,12182,false,0.755912
17038,16796,false,0.632909
17038,49665,false,0.006182
17039,38945,false,0.716036
17039,50301,false,0.801468
17039,57273,false,0.158628
17039,59772,false,0.593893
17040,30287,false,0.331494
17041,16756,false,0.322502
17041,27073,false,0.698324
17041,28530,false,0.801668
17041,57304,false,0.506428
17042,13545,false,0.456077
17042,45031,false,0.465906
17042,49866,false,1.008554
17042,50794,false,0.032175
17042,56775,false,0.790603
17043,34078,false,0.159142
17043,45486,false,0.374973
17043,58455,false,0.776172
17044,31801,false,0.302918
17045,39481,false,0.834639
17046,12509,false,0.473471
17046,14280,false,0.428986
17046,22269,false,0.455473
17046,30183,false,0.695038
17047,10070,false,0.656798
17047,26376,false,0.332388
17047,43098,false,0.141627
17048,58905,false,0.892284
17050,57594,false,0.102789
17051,21554,false,0.877881
17051,28783,false,0.538685
17052,40662,false,0.986096
17052,46370,false,0.181524
17053,25081,false,0.973626
17053,42724,false,0.52396
17053,50476,false,0.286699
17054,15920,false,8.03E-4
17054,23624,false,0.554031
17054,32006,false,0.257024
17054,38120,false,0.46902
17054,43336,false,0.413204
17054,48080,false,0.458983
17055,12323,false,0.767909
17055,59096,false,0.926273
17056,10023,false,0.989373
17056,18115,false,0.093168
17056,54662,false,0.924561
17056,56648,false,0.905657
17057,27156,false,0.526828
17057,37983,false,0.248941
17058,47564,false,0.102501
17059,23952,false,0.906094
17060,23935,false,0.942945
17060,25961,false,0.888528
17060,43133,false,0.551307
17060,51790,false,0.083352
17061,34214,false,1.001221
17061,49656,false,0.462702
17062,52248,false,0.833401
17063,32845,false,0.094048
17063,53214,false,0.817028
17063,55479,false,0.824568
17063,55492,false,0.369711
17064,19002,false,0.402545
17064,27144,false,0.127981
17065,48497,false,0.344091
17065,50744,false,0.947138
17066,36253,false,0.328009
17066,39468,false,0.93152
17066,41739,false,0.361275
17067,19944,false,0.201369
17067,45744,false,0.132852
17067,56012,false,0.452383
17068,12284,false,0.465748
17068,12627,false,0.088225
17068,42441,false,0.232842
17068,47697,false,0.284987
17069,15605,false,0.886863
17069,28063,false,0.810698
17069,58295,false,0.113657
17070,28493,false,0.712968
17070,33235,false,0.623336
17071,23382,false,0.941009
17071,35352,false,0.440705
17071,46170,false,0.288306
17072,15921,false,0.468844
17072,21939,false,0.670727
17072,44392,false,0.905239
17072,47487,false,0.760752
17073,10244,false,0.822236
17073,17651,false,0.717477
17073,31828,false,0.475667
17073,48765,false,0.564837
17073,50851,false,0.435394
17073,51540,false,0.942008
17074,46960,false,0.77076
17075,44990,false,0.007149
17076,10531,false,0.029551
17076,55784,false,0.561384
17076,57827,false,0.455771
17077,12566,false,0.918334
17077,18578,false,0.72564
17077,31314,false,0.423768
17077,44769,false,0.168326
17078,40234,false,0.584635
17078,41395,false,0.588408
17078,46644,false,0.472226
17078,46765,false,0.400944
17079,10616,false,0.029469
17079,27899,false,0.094359
17079,40889,false,0.140244
17080,10213,false,0.33738
17080,16728,false,0.833801
17080,28515,false,0.404342
17080,47044,false,0.725542
17081,25492,false,0.608896
17081,26985,false,0.943929
17082,54265,false,0.120541
17083,17630,false,0.496539
17083,39871,false,0.047475
17083,48028,false,0.825152
17084,30882,false,0.141399
17084,34562,false,0.27194
17085,11908,false,0.149291
17085,23241,false,0.533261
17085,32126,false,0.443896
17085,41499,false,0.538139
17086,12590,false,0.118912
17086,22424,false,0.579758
17086,45624,false,0.759639
17086,53150,false,0.582611
17087,10331,false,0.768122
17088,11937,false,0.539928
17088,12626,false,0.264811
17088,25661,false,0.96795
17088,44333,false,0.898198
17088,57280,false,0.098257
17089,24681,false,0.159453
17089,55187,false,0.538787
17090,44554,false,0.728897
17091,41120,false,0.281597
17091,44527,false,0.397684
17091,55995,false,0.797365
17091,56139,false,0.528141
17092,32108,false,0.88494
17093,22899,false,0.083675
17093,45952,false,0.149684
17093,49248,false,0.744198
17093,51714,false,0.523695
17093,52953,false,0.881654
17094,36106,false,0.68559
17094,45625,false,0.843981
17094,47725,false,0.046588
17095,29887,false,0.078061
17096,37731,false,0.222354
17097,13372,false,0.881735
17097,13781,false,0.305031
17097,27184,false,0.152272
17098,26092,false,0.139934
17099,14438,false,0.461465
17099,15618,false,0.63398
17099,20325,false,0.053724
17099,32883,false,0.875127
17100,25015,false,0.06689
17100,37078,false,0.713491
17101,38937,false,0.327876
17101,55301,false,0.856439
17102,53480,false,0.278888
17103,51267,false,0.515532
17103,57785,false,0.242089
17104,26053,false,0.420753
17105,12924,false,0.223068
17105,14858,false,0.552255
17105,21119,false,0.595929
17105,22646,false,1.045025
17105,37369,false,0.632404
17105,43459,false,0.688991
17106,37402,false,1.001982
17106,48430,false,0.734474
17107,31933,false,0.10531
17108,11071,false,0.382658
17108,21866,false,0.546922
17108,41549,false,0.722424
17109,41713,false,0.826062
17109,42632,false,0.554347
17109,59826,false,0.706525
17110,51178,false,0.210512
17111,27097,false,0.542288
17111,30401,false,0.650339
17112,28975,false,0.483628
17112,59880,false,0.751408
17113,41359,false,0.731999
17113,44303,false,0.49041
17114,21652,false,0.917047
17114,44117,false,0.699464
17114,54119,false,0.486297
17115,28155,false,0.956195
17115,42549,false,0.062838
17116,17483,false,0.31464
17116,27759,false,0.298738
17116,34124,false,0.986533
17116,50312,false,0.196214
17117,26536,false,0.763582
17117,40457,false,0.752671
17117,44225,false,0.215859
17117,52811,false,0.435332
17117,54668,false,0.175133
17118,18699,false,0.583204
17118,19689,false,0.485034
17118,20126,false,0.248489
17119,35079,false,0.783567
17119,56188,false,0.306613
17120,51861,false,0.391008
17120,54413,false,0.5188
17121,11862,false,0.153842
17121,48018,false,0.982953
17122,44880,false,0.570463
17123,12342,false,0.632681
17123,51929,false,0.89515
17124,22347,false,0.966045
17124,23982,false,0.596542
17124,28576,false,0.808883
17124,34377,false,0.979423
17124,42870,false,0.421766
17125,11832,false,0.614138
17125,16128,false,0.039162
17125,21799,false,0.329643
17125,30420,false,0.30782
17125,44637,false,1.007189
17126,44970,false,0.246708
17127,42139,false,0.335424
17128,13939,false,0.290178
17128,25696,false,0.55316
17128,28331,false,0.436538
17128,42487,false,0.381256
17128,50355,false,0.640639
17129,50549,false,0.564981
17130,55320,false,0.651515
17130,57740,false,0.388417
17131,25072,false,0.859084
17132,33704,false,0.596371
17132,49902,false,0.790423
17132,54184,false,0.536689
17133,56281,false,0.857924
17133,58847,false,0.033811
17134,23822,false,0.339915
17134,38257,false,0.516696
17134,41007,false,0.376162
17134,42640,false,0.424545
17135,18664,false,0.542252
17135,31585,false,0.365861
17138,18117,false,0.542965
17138,26013,false,0.42587
17138,49535,false,0.905296
17139,37383,false,0.277129
17140,34354,false,0.396906
17140,36661,false,0.269754
17141,25290,false,0.013944
17141,35890,false,0.981133
17141,42100,false,0.449359
17144,28040,false,0.581297
17145,11927,false,0.99608
17145,39642,false,0.1094
17145,50103,false,0.008401
17146,10769,false,0.331925
17146,41097,false,0.03358
17147,25619,false,0.351147
17147,59317,false,0.739123
17149,37180,false,0.364065
17151,27397,false,0.826119
17152,12306,false,0.847957
17152,14697,false,0.091886
17152,36763,false,0.923595
17153,15916,false,0.380618
17153,19497,false,0.069708
17153,28277,false,0.823363
17153,51529,false,0.741675
17154,30823,false,0.625982
17154,34950,false,0.291157
17156,19028,false,0.254591
17156,36994,false,0.912448
17156,42404,false,0.829629
17157,25892,false,0.991227
17158,41558,false,0.793865
17158,51465,false,0.065337
17159,16091,false,0.723119
17159,30912,false,0.377636
17159,35179,false,0.36098
17159,39554,false,0.49157
17159,42983,false,0.46308
17160,15883,false,0.781269
17160,47452,false,0.915064
17161,28228,false,0.462444
17161,44496,false,0.289978
17161,55024,false,0.854486
17162,15022,false,0.494033
17162,27003,false,0.876424
17163,14816,false,0.128773
17163,39128,false,0.162526
17164,34046,false,0.180328
17164,56957,false,0.21529
17166,56434,false,0.962558
17167,26094,false,0.759725
17168,12494,false,0.191698
17168,35312,false,0.851071
17168,41654,false,0.202069
17169,16179,false,0.816091
17169,18584,false,0.284498
17169,26524,false,0.354357
17169,34112,false,0.807886
17170,18623,false,0.220357
17170,26711,false,0.853952
17170,37981,false,0.195427
17171,12674,false,0.457038
17171,37477,false,0.411934
17171,58207,false,0.981571
17172,17277,false,0.577291
17172,18306,false,0.845653
17172,20547,false,0.35385
17173,57349,false,0.755465
17174,15049,false,0.458013
17174,40265,false,0.267323
17175,10137,false,0.371146
17175,11709,false,0.515275
17175,19353,false,0.61049
17175,20917,false,0.15783
17175,55518,false,0.46964
17176,10672,false,0.888426
17176,54129,false,0.647883
17177,44605,false,0.776937
17177,47421,false,0.916984
17178,19116,false,0.314829
17178,39883,false,0.844009
17178,58750,false,0.198002
17179,14117,false,0.945081
17179,14920,false,0.022397
17180,49778,false,0.637248
17182,19968,false,0.185747
17183,13983,false,0.104454
17183,35305,false,0.537823
17184,32542,false,0.219377
17186,58987,false,0.371312
17187,30166,false,0.704486
17188,16320,false,0.950362
17188,17720,false,0.581209
17188,35648,false,1.058746
17188,44204,false,0.514307
17189,28857,false,0.81751
17190,13276,false,0.843317
17190,18603,false,0.758519
17191,19152,false,0.442256
17191,36450,false,0.496525
17192,16976,false,0.347384
17192,17195,false,0.856967
17192,23727,false,0.608814
17192,41615,false,0.014977
17193,51090,false,0.060683
17194,43831,false,0.472972
17194,44172,false,0.703561
17195,34559,false,0.066544
17195,52373,false,0.894286
17196,19967,false,0.234133
17196,21493,false,0.534247
17197,18006,false,0.992379
17197,33036,false,0.21135
17197,45890,false,0.912293
17198,11658,false,0.305436
17199,40129,false,0.97468
17199,58938,false,0.492606
17200,11735,false,0.041556
17200,27030,false,0.254095
17201,26642,false,0.993178
17201,29996,false,0.925966
17201,45352,false,0.269881
17202,12058,false,0.168509
17202,20124,false,0.25533
17202,20214,false,0.321924
17202,55232,false,0.547149
17203,11699,false,0.97707
17203,42247,false,0.55932
17203,45762,false,0.47113
17203,49450,false,0.57492
17204,23179,false,0.954625
17204,51880,false,0.801577
17204,56956,false,0.3312
17205,30144,false,0.426603
17205,41525,false,0.138027
17205,54238,false,0.58463
17205,55443,false,0.21761
17206,12281,false,0.693889
17206,36315,false,0.180727
17206,39269,false,0.682977
17206,48311,false,0.29972
17206,53067,false,0.488755
17206,55897,false,0.734471
17207,37302,false,0.016833
17208,24013,false,0.687937
17208,31630,false,0.605323
17208,56049,false,0.841481
17209,50831,false,0.801208
17210,25617,false,0.026166
17211,17219,false,0.619891
17211,52926,false,0.08004
17212,16686,false,0.526082
17212,23374,false,0.189472
17212,41534,false,0.803138
17212,50680,false,0.349266
17213,28672,false,0.673012
17213,32522,false,0.026962
17213,46453,false,0.759732
17213,55228,false,0.335363
17214,31635,false,0.871963
17215,26933,false,0.977281
17216,42009,false,0.711433
17217,20364,false,0.970855
17217,36923,false,0.855619
17218,21074,false,0.594172
17218,50686,false,0.424839
17219,18452,false,0.712211
17220,22168,false,0.841912
17220,52058,false,0.366877
17220,57996,false,0.869178
17221,43079,false,0.374945
17221,52838,false,0.388102
17223,18379,false,0.541276
17223,38329,false,0.423988
17223,39494,false,0.902415
17223,47241,false,1.003549
17224,15910,false,0.593183
17224,55317,false,0.399419
17225,23336,false,0.938435
17225,26814,false,0.199533
17226,19725,false,0.628276
17227,11993,false,0.349195
17227,36774,false,0.424619
17227,39289,false,0.303185
17228,29831,false,0.42922
17229,22162,false,0.606915
17229,59021,false,0.163106
17230,13129,false,0.873738
17230,43664,false,0.469201
17231,13171,false,0.612905
17231,27400,false,0.078126
17231,45147,false,0.461318
17232,18943,false,0.165206
17234,11347,false,0.156167
17234,54514,false,0.650517
17235,11025,false,0.16097
17235,25621,false,0.047106
17235,51041,false,0.819391
17236,37105,false,0.114475
17237,27196,false,0.876357
17237,33376,false,0.197732
17237,33999,false,0.020906
17238,15413,false,0.091873
17238,44591,false,0.24288
17239,14071,false,0.305476
17239,25324,false,0.404051
17239,31884,false,0.579965
17239,38606,false,0.733636
17239,45129,false,0.14917
17239,47433,false,0.398733
17239,51403,false,0.311751
17240,23635,false,0.888192
17240,52205,false,0.455047
17242,16938,false,1.010096
17243,40181,false,0.092542
17243,49961,false,0.217846
17243,53968,false,0.719991
17244,48849,false,0.949247
17245,27631,false,0.395231
17245,30750,false,0.296155
17245,32609,false,0.746518
17246,29569,false,0.393058
17246,34589,false,0.309278
17246,57537,false,0.364569
17247,24402,false,0.453693
17247,25354,false,0.618229
17247,31567,false,0.961794
17247,32977,false,0.543116
17249,21438,false,0.678913
17249,22942,false,0.06486
17249,39781,false,0.934578
17249,53680,false,0.284629
17250,28516,false,0.558685
17250,40400,false,0.92144
17251,51146,false,0.09221
17251,53463,false,0.163348
17252,23828,false,0.294585
17252,31829,false,0.809207
17253,35209,false,0.279179
17254,17572,false,0.95578
17255,10218,false,0.855706
17255,11624,false,0.11057
17255,31860,false,0.873997
17255,37051,false,0.536901
17255,37382,false,0.312734
17256,16907,false,0.967542
17256,40252,false,0.969971
17257,28130,false,0.907782
17257,47130,false,0.521386
17258,19307,false,0.466564
17258,26149,false,0.759472
17260,15602,false,0.23067
17260,48049,false,0.02051
17261,20724,false,0.806513
17261,31466,false,0.134677
17262,29128,false,0.805844
17263,59081,false,0.023634
17264,18608,false,0.605969
17265,22685,false,0.123351
17265,34017,false,0.376693
17266,44845,false,0.203186
17267,18531,false,0.927215
17267,37406,false,0.074284
17267,58793,false,0.369892
17269,16358,false,0.643684
17269,19200,false,0.263903
17269,22299,false,0.038153
17269,37908,false,0.889793
17269,51043,false,0.664165
17269,54333,false,0.259285
17270,49973,false,0.79915
17270,55418,false,0.479002
17272,44054,false,0.736247
17272,46031,false,0.74451
17272,56885,false,0.266858
17273,18525,false,0.042104
17274,46291,false,0.64307
17275,30326,false,0.721994
17275,46532,false,0.029786
17275,50919,false,0.133407
17276,31584,false,0.23778
17277,17468,false,0.127281
17278,12171,false,0.97564
17278,30385,false,0.264349
17280,38605,false,0.243004
17280,50638,false,0.24597
17281,14537,false,0.856776
17281,32490,false,0.930649
17281,50704,false,0.444047
17282,40685,false,0.341264
17282,42397,false,0.467732
17283,22855,false,0.871861
17283,32414,false,0.253138
17284,17629,false,0.471143
17284,24018,false,0.939344
17284,33473,false,0.456732
17286,43602,false,0.20357
17286,58131,false,0.988783
17287,16395,false,0.185108
17287,32620,false,0.54165
17288,36054,false,0.578466
17288,37104,false,0.330964
17288,57395,false,0.639364
17290,36481,false,0.17394
17291,12896,false,0.057117
17291,15538,false,0.91602
17291,55184,false,0.50129
17292,10986,false,0.115906
17292,13721,false,0.129643
17292,14462,false,0.799432
17292,59273,false,0.495418
17293,53517,false,0.5639
17294,10171,false,0.82046
17294,30536,false,0.974011
17294,31404,false,0.323281
17294,35882,false,0.20376
17294,37603,false,0.760695
17295,30520,false,0.814609
17295,38410,false,0.529588
17295,47251,false,0.076406
17295,58336,false,0.80758
17296,39499,false,0.608312
17296,45419,false,0.057307
17296,56912,false,0.352336
17297,13197,false,0.553636
17297,38905,false,0.12935
17297,55740,false,0.544997
17298,28213,false,0.004854
17298,28904,false,0.350479
17298,38002,false,0.663066
17299,20353,false,0.454693
17299,49792,false,0.927459
17299,54459,false,0.250012
17300,23615,false,0.949042
17300,27002,false,0.954649
17300,40821,false,0.821515
17301,29430,false,0.674113
17301,30627,false,0.751738
17301,34812,false,0.386077
17301,41209,false,0.408376
17301,46149,false,0.740824
17301,49571,false,0.729828
17302,16975,false,0.74656
17302,21750,false,0.971845
17303,52061,false,0.58091
17303,55920,false,0.872437
17305,36947,false,0.62972
17305,41819,false,0.147039
17305,52929,false,0.046805
17306,32881,false,0.238477
17306,41980,false,0.34416
17307,59958,false,0.997588
17308,57904,false,0.778956
17310,20042,false,0.062309
17310,56916,false,0.234199
17311,17895,false,0.964333
17311,20738,false,0.077976
17311,26485,false,0.335391
17311,34393,false,0.116313
17311,45686,false,0.2737
17312,11519,false,0.527292
17312,33111,false,0.161688
17312,38899,false,0.495667
17313,15925,false,0.67036
17313,31676,false,0.419832
17314,17207,false,0.804122
17314,24984,false,0.30788
17314,39147,false,0.636622
17314,40561,false,0.023113
17315,25497,false,0.94429
17316,29628,false,0.873799
17316,54490,false,0.473559
17317,21763,false,0.955092
17318,12710,false,0.096455
17318,19700,false,0.007412
17318,24555,false,0.634844
17318,41355,false,0.793058
17319,23557,false,0.856195
17319,34044,false,0.259484
17319,36646,false,0.922593
17320,26352,false,0.508277
17320,27897,false,0.108896
17320,37442,false,0.81275
17320,41200,false,0.972045
17321,14310,false,0.143071
17322,17934,false,0.112574
17323,27508,false,0.882652
17323,36965,false,0.437346
17325,33301,false,0.970772
17325,41032,false,0.409525
17325,42634,false,0.457172
17325,59603,false,0.979938
17326,22130,false,0.796455
17326,26863,false,0.419417
17327,22352,false,0.084358
17327,28492,false,0.873871
17327,30333,false,0.250657
17327,44501,false,0.290254
17327,44631,false,0.088762
17328,14196,false,0.174289
17328,28572,false,0.679447
17328,39010,false,0.362427
17328,50737,false,0.949053
17329,12143,false,0.2876
17329,49204,false,0.361222
17330,12263,false,0.20534
17330,32392,false,0.790358
17331,36679,false,0.8726
17332,16073,false,0.198779
17332,30886,false,0.597155
17333,47053,false,0.423595
17333,54527,false,0.428557
17333,55946,false,0.493971
17334,37514,false,0.712144
17334,46357,false,0.383289
17334,46359,false,0.449488
17335,31095,false,0.465763
17336,55100,false,0.508347
17337,34390,false,0.001369
17337,58413,false,0.946264
17338,21824,false,0.499274
17338,38074,false,0.315032
17339,24169,false,0.831129
17339,24967,false,0.200986
17339,55096,false,0.033601
17340,12843,false,0.104113
17340,47112,false,1.3E-4
17341,41079,false,0.228932
17341,43431,false,0.637545
17344,19047,false,0.912798
17344,42693,false,0.996914
17346,12184,false,0.038052
17346,22013,false,0.020726
17347,26188,false,0.337935
17347,30491,false,0.367619
17348,32516,false,0.41059
17349,11221,false,0.26187
17349,40591,false,0.373627
17350,11265,false,0.073033
17350,23238,false,0.909458
17350,27693,false,0.687283
17350,55166,false,0.655707
17351,10448,false,0.018401
17351,22263,false,0.157741
17352,54098,false,0.756231
17354,26210,false,0.871856
17354,52088,false,0.660061
17355,29564,false,0.927971
17355,49799,false,0.552838
17356,50951,false,0.474659
17356,56651,false,0.249053
17357,19925,false,0.769428
17357,43955,false,0.271692
17358,40054,false,0.321604
17358,55726,false,0.512355
17360,12821,false,0.862544
17361,26068,false,0.295037
17361,26967,false,0.49291
17361,58960,false,0.177677
17362,51415,false,0.121511
17362,58013,false,0.433972
17363,18340,false,0.789358
17363,33770,false,0.476762
17363,56108,false,0.920142
17364,22924,false,1.00485
17364,46745,false,0.019747
17365,17997,false,0.026149
17365,20867,false,0.091216
17365,22607,false,0.608516
17365,53743,false,0.720988
17366,42816,false,0.23923
17366,45616,false,0.054359
17368,21473,false,0.86464
17368,32031,false,0.479583
17369,49982,false,0.761075
17369,56092,false,0.037885
17370,40747,false,8.36E-4
17370,52506,false,0.380965
17371,17767,false,0.858575
17371,29737,false,0.520809
17372,13438,false,0.935272
17372,41597,false,0.959543
17373,23202,false,0.533504
17373,32898,false,0.42401
17374,13046,false,0.739481
17374,25547,false,0.299389
17375,19505,false,0.860766
17375,26748,false,0.520669
17375,27767,false,0.241573
17375,50510,false,0.969937
17376,24031,false,0.853218
17376,36231,false,0.836374
17376,54948,false,0.55442
17377,16881,false,0.024164
17378,21984,false,0.635775
17378,25656,false,0.888786
17378,42653,false,0.077672
17378,54882,false,0.942328
17378,55805,false,0.086624
17379,31982,false,0.368803
17379,52611,false,0.436379
17380,11269,false,0.013745
17380,14407,false,0.189157
17380,51795,false,0.591635
17381,19397,false,0.450828
17381,40983,false,0.085227
17381,51419,false,0.460555
17381,57528,false,0.861478
17381,59938,false,0.05351
17382,22850,false,0.102388
17382,37814,false,0.446249
17383,22970,false,0.638143
17383,43077,false,0.58876
17384,30200,false,0.876968
17385,16684,false,0.211119
17385,21162,false,0.223205
17385,30344,false,0.98716
17385,54360,false,0.112041
17387,10195,false,0.773234
17387,10323,false,0.661574
17387,15202,false,0.684381
17387,21536,false,0.773555
17388,11231,false,1.043378
17389,53374,false,0.754001
17390,14757,false,0.700879
17390,45832,false,0.205773
17391,10912,false,0.928894
17391,57210,false,0.489386
17392,19797,false,0.995721
17392,41318,false,0.826458
17393,50727,false,0.664681
17393,56508,false,0.180118
17394,15818,false,0.292893
17394,30309,false,0.630004
17394,33860,false,0.743625
17395,26918,false,0.452352
17395,45982,false,0.425291
17396,46312,false,0.106671
17397,11916,false,0.464047
17397,43842,false,0.614844
17397,44710,false,0.323685
17397,54166,false,0.234628
17398,18980,false,0.895349
17398,33018,false,0.162558
17398,36365,false,0.507444
17398,46274,false,0.025585
17400,30879,false,0.103564
17400,30953,false,0.352922
17400,33363,false,0.69406
17400,52361,false,0.976462
17401,13205,false,0.223483
17401,13379,false,0.389167
17402,34796,false,0.219773
17402,42675,false,0.434029
17402,43120,false,0.502666
17402,44137,false,0.933632
17403,18846,false,0.398365
17403,19668,false,0.727732
17403,23838,false,0.363205
17403,32300,false,0.7037
17403,40900,false,0.760704
17403,42582,false,0.983823
17403,42979,false,0.322685
17403,46324,false,0.894389
17404,40193,false,0.132797
17405,14946,false,0.827794
17405,22322,false,0.7255
17405,40303,false,0.883491
17406,50640,false,0.890805
17407,33769,false,0.476011
17407,37922,false,0.319137
17407,45698,false,0.331055
17408,22526,false,0.652997
17408,44037,false,0.663749
17408,55135,false,0.044431
17409,35760,false,0.697355
17410,21499,false,0.697709
17410,25202,false,0.941948
17411,40272,false,0.5506
17412,32882,false,0.210936
17413,23107,false,0.743254
17413,24764,false,0.014661
17413,38943,false,0.309991
17414,16312,false,0.817754
17414,35690,false,0.283158
17414,38333,false,0.883994
17414,41462,false,0.011946
17414,53963,false,0.68568
17415,33162,false,0.014049
17415,46015,false,0.985397
17415,49268,false,0.294813
17417,44126,false,0.330617
17418,14659,false,0.335877
17418,46456,false,0.691696
17419,41307,false,0.445801
17420,42536,false,0.56798
17420,44632,false,0.793126
17420,50349,false,0.750383
17420,52695,false,0.468838
17421,10779,false,0.691741
17421,23149,false,0.645169
17422,25867,false,0.697178
17423,28160,false,0.013826
17423,52706,false,0.54955
17425,13978,false,0.986693
17425,19227,false,0.194294
17425,21449,false,0.876772
17426,24025,false,0.187118
17426,29445,false,0.033868
17427,20805,false,0.029081
17427,42444,false,0.483609
17428,12679,false,0.493386
17428,18373,false,0.08797
17428,33141,false,0.04763
17428,34126,false,0.842309
17428,35827,false,0.991084
17428,42407,false,0.974938
17428,51642,false,0.625291
17428,52210,false,0.266946
17429,36324,false,0.141142
17429,52773,false,0.701066
17430,34139,false,0.449641
17431,19901,false,0.754375
17431,30716,false,0.867766
17431,30883,false,0.342274
17431,36722,false,0.307504
17431,36771,false,0.943527
17433,24634,false,0.638044
17433,45423,false,0.661854
17433,50393,false,0.036312
17433,52393,false,0.186793
17433,54008,false,0.967003
17434,26586,false,0.753031
17435,10125,false,0.943349
17435,26260,false,0.407855
17435,29914,false,0.557886
17436,27890,false,0.008842
17437,16366,false,0.924691
17437,46192,false,0.267777
17438,32832,false,0.302238
17438,58179,false,0.918732
17439,21644,false,0.190088
17439,26439,false,0.425878
17439,36565,false,0.735654
17440,28102,false,0.998112
17440,30644,false,0.400535
17441,23625,false,0.068281
17441,36962,false,0.818721
17441,37736,false,0.398001
17441,50176,false,0.857995
17442,30231,false,0.692001
17442,54517,false,0.587498
17442,59567,false,0.90842
17443,14590,false,0.315445
17443,32040,false,0.514111
17444,20075,false,0.448351
17444,26870,false,0.996163
17445,40794,false,0.443292
17445,41585,false,0.667055
17446,13816,false,0.22295
17446,32271,false,0.27391
17446,36108,false,0.49376
17446,36713,false,0.061066
17446,54152,false,0.158785
17446,57910,false,0.834867
17448,20113,false,0.059306
17449,44581,false,0.860678
17450,55195,false,0.662661
17451,36227,false,0.108841
17452,14468,false,0.795157
17452,39546,false,0.005255
17452,53075,false,0.745209
17452,56260,false,0.901311
17454,14771,false,0.404837
17454,29993,false,0.768701
17454,48650,false,0.309685
17455,35125,false,0.117682
17455,40718,false,0.238882
17455,47355,false,0.551497
17455,51110,false,0.972101
17456,39811,false,0.015807
17457,24184,false,0.637112
17458,27551,false,0.23788
17458,38784,false,0.716749
17458,52074,false,0.65356
17459,12577,false,0.140008
17459,17252,false,0.043793
17459,42941,false,0.108265
17459,43080,false,0.904099
17460,13813,false,0.967575
17460,55677,false,0.24433
17461,20798,false,0.432959
17461,22113,false,0.969157
17461,24338,false,0.711878
17461,31574,false,0.30425
17461,33858,false,0.127483
17461,43913,false,0.427015
17461,57414,false,0.38086
17462,22906,false,0.740588
17462,25588,false,0.499003
17462,48383,false,0.697617
17463,57448,false,0.476565
17464,14947,false,0.790995
17464,17929,false,0.409168
17464,34425,false,0.850582
17465,47760,false,0.304192
17466,43607,false,0.701212
17466,50991,false,0.071163
17467,11387,false,0.4474
17467,15012,false,0.57148
17467,36634,false,0.170699
17467,55562,false,0.242134
17468,40363,false,0.911508
17468,50143,false,0.186019
17469,30317,false,0.875205
17469,43102,false,0.261311
17470,10505,false,0.739982
17470,17838,false,0.566703
17470,44905,false,0.653389
17471,10221,false,0.748053
17471,20701,false,0.484894
17471,41694,false,0.739714
17471,52883,false,0.475254
17471,54754,false,0.168334
17472,29383,false,0.312003
17472,30903,false,0.6295
17472,36279,false,0.157954
17472,48001,false,0.788283
17473,10563,false,0.907105
17473,32915,false,0.654876
17474,27787,false,0.661668
17474,52473,false,0.799436
17477,11339,false,0.20406
17477,34335,false,0.092807
17478,37139,false,0.87075
17479,15170,false,0.510972
17479,53064,false,0.381671
17480,20147,false,0.990183
17480,23581,false,0.224846
17481,14386,false,0.09775
17481,37621,false,0.061189
17482,18384,false,0.647628
17482,26492,false,0.175539
17482,43712,false,0.899515
17483,30920,false,0.490158
17483,44327,false,0.003266
17483,49804,false,0.352194
17484,22878,false,0.847917
17484,46819,false,0.173982
17485,31029,false,0.822099
17486,38539,false,0.165368
17487,24483,false,0.123958
17487,25252,false,0.674623
17487,58701,false,0.204878
17488,24319,false,0.702374
17488,44106,false,0.518144
17489,51755,false,0.206271
17489,56201,false,0.022587
17490,15455,false,0.413694
17490,29388,false,0.223771
17490,37792,false,0.022464
17491,30138,false,0.944382
17491,31209,false,0.087771
17491,47667,false,0.012482
17492,20266,false,0.207086
17492,31647,false,0.285951
17492,36658,false,0.690907
17492,53567,false,0.662219
17493,18220,false,0.157617
17493,30998,false,0.359685
17493,57347,false,0.25116
17494,49459,false,0.543548
17495,13711,false,0.965434
17495,17950,false,0.736842
17495,21411,false,0.221244
17495,32091,false,0.434491
17496,21731,false,0.262477
17496,48417,false,0.810158
17496,54889,false,0.051106
17498,26499,false,0.070106
17498,42273,false,0.766877
17498,48317,false,0.483842
17499,23370,false,0.103096
17499,39111,false,0.593098
17499,39598,false,0.962364
17501,15860,false,0.270265
17501,20743,false,0.99813
17501,22197,false,0.701994
17501,34537,false,0.011267
17501,50452,false,0.011409
17502,15354,false,0.163134
17502,33092,false,0.483031
17502,47539,false,0.71348
17503,43504,false,6.8E-5
17503,54077,false,0.828409
17504,14490,false,0.080602
17504,17281,false,0.970747
17504,26694,false,0.303477
17504,37422,false,0.611241
17504,42449,false,0.704447
17504,54075,false,0.583759
17505,39971,false,0.920018
17505,42026,false,0.947026
17506,16126,false,0.908842
17507,16593,false,0.796434
17507,49159,false,0.650962
17508,16264,false,0.025251
17508,38535,false,0.562075
17509,51381,false,0.516075
17510,11137,false,0.848848
17510,36983,false,0.206583
17510,48833,false,0.341096
17510,49237,false,0.547884
17510,50552,false,0.212371
17511,54855,false,0.875704
17512,27139,false,0.934308
17512,37475,false,0.928626
17513,34312,false,0.199774
17513,38707,false,0.774363
17513,59850,false,0.214489
17514,39375,false,0.437501
17514,52281,false,0.33403
17514,59810,false,0.706029
17515,10641,false,0.874896
17515,32811,false,0.167193
17517,21457,false,0.443008
17517,24847,false,0.668277
17517,38883,false,0.148544
17518,49173,false,0.292312
17519,45402,false,0.56849
17520,36843,false,0.256166
17521,46842,false,0.34741
17521,52430,false,0.231162
17523,20851,false,0.660905
17523,25532,false,0.95513
17523,43004,false,0.481705
17524,38852,false,0.714375
17524,59815,false,0.116277
17525,11521,false,0.492055
17525,46986,false,0.14789
17525,51471,false,0.058022
17525,55340,false,0.870779
17526,11371,false,0.34101
17526,17355,false,0.508596
17526,20096,false,0.698422
17527,16737,false,0.063388
17527,35069,false,0.498163
17527,47157,false,0.263524
17528,10175,false,0.168363
17528,16845,false,1.006974
17529,16477,false,0.179769
17529,25491,false,0.48094
17529,29898,false,1.007973
17530,13313,false,0.317284
17530,43522,false,0.557042
17531,12435,false,0.754389
17532,21330,false,0.443073
17532,24406,false,0.986701
17532,48911,false,0.073898
17532,52545,false,0.020263
17532,54017,false,0.959288
17532,57245,false,0.127125
17533,10198,false,1.000192
17533,17359,false,0.196976
17533,36754,false,0.75558
17533,50603,false,0.606708
17533,50957,false,0.034666
17534,41605,false,0.637425
17536,15409,false,0.621964
17536,50110,false,0.129673
17537,19141,false,0.376973
17538,11284,false,0.661315
17538,39955,false,0.704164
17538,41644,false,0.417832
17538,47599,false,0.726241
17539,32986,false,0.75432
17539,38508,false,0.322345
17539,56128,false,0.363198
17540,47601,false,0.028555
17540,54409,false,0.441682
17541,22402,false,0.29946
17541,30614,false,0.616287
17542,46746,false,0.805265
17542,58693,false,0.485782
17543,13590,false,0.127527
17543,31698,false,0.471885
17543,37448,false,0.892345
17544,13486,false,0.51279
17544,39977,false,0.513214
17548,18325,false,0.245585
17548,25845,false,0.915714
17548,45856,false,0.595315
17548,48496,false,0.047053
17548,56119,false,0.605606
17549,16400,false,0.791325
17549,37853,false,0.776978
17550,19770,false,0.597417
17551,23240,false,0.513657
17551,33557,false,0.668528
17552,22354,false,0.324874
17552,47011,false,0.296828
17552,56042,false,0.220855
17552,57565,false,0.36266
17552,58286,false,0.474716
17553,20979,false,0.860343
17554,25234,false,0.228907
17557,20431,false,0.810863
17557,53518,false,0.710208
17558,21094,false,0.48642
17561,15720,false,0.036487
17561,40210,false,0.359314
17561,40772,false,0.616245
17561,55900,false,0.923966
17562,14566,false,0.975006
17562,37136,false,0.197097
17562,45689,false,0.576797
17563,18839,false,0.316849
17564,25792,false,0.860312
17564,27521,false,0.990373
17564,34472,false,0.264993
17564,55123,false,0.569141
17565,33707,false,0.593685
17565,34936,false,0.632548
17565,43611,false,0.830181
17565,49063,false,0.880521
17567,13060,false,0.33118
17567,27627,false,0.422043
17568,39293,false,0.577986
17568,39934,false,0.032024
17568,59256,false,0.700022
17569,18144,false,0.428462
17570,33229,false,0.137675
17570,57730,false,1.00638
17571,14221,false,0.513201
17571,42465,false,0.084287
17571,44573,false,0.111031
17571,57020,false,0.202326
17572,40526,false,0.286486
17572,45909,false,0.012689
17572,48263,false,0.100638
17573,13477,false,0.023226
17573,20116,false,0.816236
17573,55010,false,0.796947
17573,55862,false,0.459459
17574,35247,false,0.401017
17574,44421,false,0.634821
17575,29782,false,0.947953
17575,47310,false,0.025198
17575,53620,false,0.845765
17575,56913,false,0.176551
17576,57392,false,0.870693
17577,12198,false,0.581093
17577,22497,false,0.782893
17578,12267,false,0.14597
17578,18592,false,0.760358
17578,29565,false,0.104086
17579,39431,false,0.985885
17580,40368,false,0.13261
17581,10512,false,0.849731
17581,32562,false,0.176161
17582,25391,false,0.256922
17582,42343,false,0.906017
17583,16197,false,0.550261
17583,40251,false,0.420479
17583,54884,false,0.148186
17584,28444,false,0.014226
17585,25987,false,0.613078
17585,41023,false,1.000645
17585,41261,false,0.993346
17586,13117,false,1.004865
17586,48935,false,1.012844
17587,39497,false,0.85762
17588,43907,false,0.123345
17589,19194,false,0.585788
17589,46535,false,0.244432
17590,14670,false,0.904411
17590,27374,false,0.349675
17590,44304,false,0.875827
17592,30209,false,0.23646
17592,47548,false,0.82789
17593,33926,false,0.999
17593,38855,false,0.483091
17594,12797,false,0.598204
17594,15106,false,0.307599
17594,22473,false,0.5861
17594,58114,false,0.751227
17595,32581,false,0.559942
17595,53003,false,0.034438
17595,57450,false,0.345155
17596,29012,false,0.302191
17596,37694,false,0.91061
17596,39620,false,0.682173
17597,22382,false,0.479509
17597,40735,false,0.503562
17598,29994,false,0.4945
17598,30837,false,0.774923
17598,30894,false,0.509565
17598,31510,false,0.936014
17598,37025,false,0.487189
17598,42078,false,0.482935
17598,49257,false,0.705425
17598,59325,false,0.898681
17599,24000,false,0.439273
17599,27361,false,0.03774
17599,30984,false,0.769033
17600,19441,false,0.025277
17600,54258,false,0.671999
17601,12389,false,0.909773
17601,12779,false,0.001032
17601,27668,false,0.708277
17601,45468,false,0.230411
17602,18406,false,0.181668
17602,21346,false,0.971225
17602,24775,false,0.078731
17602,36909,false,0.316697
17602,58152,false,0.710861
17603,27262,false,0.362171
17603,45807,false,0.942808
17603,54958,false,0.600563
17604,23572,false,0.184374
17604,45680,false,0.239447
17605,50287,false,0.135669
17606,53216,false,0.776295
17607,15224,false,0.633116
17607,19287,false,0.674739
17607,21510,false,0.296164
17607,39926,false,0.849525
17609,24832,false,0.783305
17609,29395,false,0.07705
17609,38364,false,0.25388
17609,56776,false,0.199857
17610,26789,false,0.623062
17611,13626,false,0.651988
17611,17700,false,0.854525
17611,18973,false,0.858606
17611,40719,false,0.866829
17612,11306,false,0.731375
17612,27377,false,0.821102
17612,32676,false,0.924398
17612,33099,false,0.144357
17612,46403,false,0.569943
17613,24114,false,0.749892
17614,10390,false,0.898358
17614,12803,false,0.561779
17614,48794,false,0.566351
17614,53171,false,0.09478
17615,51076,false,0.497844
17615,51221,false,0.015072
17615,53466,false,0.57592
17616,40466,false,0.81913
17616,54910,false,0.272143
17616,59831,false,0.997554
17617,16281,false,0.598609
17617,48832,false,0.637143
17617,56361,false,0.353553
17617,56733,false,0.28743
17618,11320,false,1.076338
17618,34507,false,0.496671
17618,42679,false,0.260762
17618,51379,false,0.709711
17619,29192,false,0.823048
17619,29729,false,0.566103
17619,40135,false,0.652078
17620,43729,false,0.393411
17621,16306,false,0.7711
17621,21502,false,0.334242
17622,10260,false,0.032915
17622,12172,false,0.435546
17622,14427,false,0.478415
17622,40479,false,0.62689
17622,56348,false,0.250173
17622,58531,false,0.273126
17623,21935,false,0.39526
17623,53979,false,0.359498
17623,59259,false,0.874412
17624,38407,false,0.676954
17624,45017,false,0.024495
17625,13045,false,0.805391
17625,18206,false,0.020588
17625,27143,false,0.731192
17625,32093,false,0.666989
17626,15408,false,0.769914
17626,15982,false,0.286227
17627,17764,false,0.770855
17628,31016,false,1.002237
17628,44014,false,0.455783
17628,58112,false,0.567527
17629,20897,false,0.530465
17630,32587,false,0.046818
17630,58489,false,0.692752
17631,17822,false,0.828798
17631,36384,false,0.372705
17631,39492,false,0.111542
17631,40008,false,0.207074
17631,51860,false,0.277339
17632,32086,false,0.447765
17632,44908,false,0.617514
17633,12732,false,0.810015
17633,40824,false,0.590547
17634,26559,false,0.358246
17634,35547,false,0.836529
17635,20954,false,0.069539
17635,24086,false,0.737401
17635,27055,false,0.390702
17635,40898,false,0.308996
17637,39650,false,0.297676
17637,39761,false,0.706166
17637,40879,false,0.287527
17638,34269,false,0.49732
17638,49689,false,0.295539
17638,54758,false,0.603936
17638,58162,false,0.311505
17639,14853,false,0.386938
17639,31225,false,0.351116
17640,37026,false,0.544247
17640,57251,false,0.732506
17641,31177,false,0.323314
17641,51684,false,0.079819
17642,31384,false,0.146689
17642,38950,false,0.558422
17643,17963,false,0.107877
17643,22861,false,0.013907
17643,40320,false,0.601867
17643,43381,false,0.195247
17643,47944,false,0.571546
17644,24428,false,0.062011
17644,30121,false,0.151494
17645,17090,false,0.98929
17645,20252,false,0.147012
17646,14726,false,0.904181
17646,16742,false,0.751409
17646,39921,false,0.014577
17647,29941,false,0.31971
17647,42704,false,0.547853
17647,49287,false,0.534093
17649,32122,false,0.065419
17649,35684,false,0.195875
17649,43182,false,0.556273
17649,54645,false,0.799031
17650,18899,false,0.875159
17650,26529,false,0.363189
17650,37729,false,0.316324
17652,23777,false,0.20375
17652,43865,false,0.494336
17654,20786,false,0.672056
17654,27805,false,0.868118
17654,53864,false,0.424784
17655,28568,false,0.275578
17655,55165,false,0.472474
17656,11013,false,0.892031
17656,11559,false,0.747388
17656,16184,false,0.37667
17657,10140,false,0.595765
17657,55517,false,0.14758
17657,58901,false,0.542342
17658,39096,false,0.662029
17658,47724,false,0.684417
17659,11489,false,0.933839
17659,25599,false,0.482737
17660,18514,false,0.858584
17660,21064,false,0.009592
17660,23007,false,0.043216
17660,30196,false,0.708665
17660,42532,false,0.851559
17661,12698,false,0.903442
17661,19807,false,0.325577
17661,33564,false,0.325219
17661,43026,false,0.005048
17661,47837,false,0.995038
17662,33210,false,0.822077
17662,38499,false,0.517348
17662,59127,false,0.476066
17663,10309,false,0.033744
17663,21264,false,0.651716
17663,43092,false,0.364988
17663,46427,false,0.238378
17664,43989,false,0.157797
17664,49713,false,0.046241
17664,51924,false,0.896787
17664,55453,false,0.422132
17666,35199,false,0.621429
17667,12997,false,0.479265
17667,14856,false,0.120116
17667,31996,false,0.650581
17667,32297,false,0.240861
17667,54588,false,0.332392
17668,10378,false,0.805625
17668,51430,false,0.357224
17669,42641,false,0.840657
17670,11970,false,0.681661
17671,20906,false,0.297252
17672,56609,false,0.120405
17673,15273,false,0.143976
17673,18324,false,0.162848
17673,18399,false,0.793599
17673,21992,false,0.157438
17673,28708,false,0.016274
17673,29031,false,0.465883
17673,38556,false,0.749134
17673,58069,false,0.427325
17674,10567,false,0.78045
17674,25351,false,0.14587
17674,28625,false,0.052481
17674,35096,false,0.586189
17674,52447,false,0.216526
17675,37355,false,0.417212
17675,50859,false,0.218547
17675,51651,false,0.060302
17676,35183,false,0.116677
17676,44108,false,0.985467
17676,56377,false,0.492547
17676,56820,false,0.41214
17677,14775,false,0.634131
17677,20140,false,0.30037
17677,32018,false,0.894789
17678,24825,false,0.922512
17679,10857,false,0.953717
17679,21030,false,0.612102
17680,13348,false,0.552142
17680,47653,false,0.777181
17681,16818,false,0.012041
17681,25900,false,0.032105
17682,15541,false,0.653953
17682,25120,false,0.445264
17682,33383,false,0.273518
17683,32943,false,0.402399
17683,44259,false,0.713359
17683,54795,false,1.003433
17683,56932,false,0.765219
17684,27263,false,0.287669
17685,33410,false,0.566432
17685,48567,false,0.435073
17686,10899,false,0.487081
17686,14636,false,0.733359
17686,17333,false,0.912239
17686,40634,false,0.275906
17688,21318,false,0.91186
17688,27729,false,0.502155
17688,32340,false,0.063655
17689,43325,false,0.729736
17691,12270,false,0.042532
17691,23291,false,0.898012
17692,54102,false,0.321367
17692,54673,false,0.673001
17693,53055,false,0.782876
17694,29653,false,0.577042
17694,32393,false,0.168115
17694,37765,false,0.821222
17694,42613,false,0.403146
17695,27705,false,0.429852
17695,39337,false,0.746927
17695,58717,false,0.832985
17696,52941,false,0.848083
17697,19620,false,0.504731
17698,14254,false,0.496414
17698,40626,false,0.124653
17698,40644,false,0.985295
17698,59909,false,0.026147
17699,19781,false,0.656226
17700,40248,false,0.079655
17700,54532,false,0.387984
17701,33624,false,0.207572
17701,44105,false,0.777853
17701,52352,false,0.911762
17702,29081,false,0.710964
17703,17757,false,0.17663
17703,36043,false,0.14064
17703,42072,false,0.797943
17704,15287,false,0.557803
17704,25310,false,0.63453
17704,34581,false,0.781188
17704,44756,false,0.61268
17705,43498,false,0.028683
17706,29722,false,0.665519
17706,32355,false,0.55567
17706,56551,false,0.325267
17707,56640,false,0.653198
17708,18432,false,0.423219
17708,58221,false,0.80413
17709,14638,false,0.582984
17709,34512,false,0.83488
17710,12787,false,0.75784
17710,21512,false,0.482999
17710,49238,false,0.55277
17711,11848,false,1.014225
17711,28630,false,0.717996
17711,38562,false,0.575523
17712,39688,false,0.723949
17712,42969,false,0.732032
17713,15893,false,0.936209
17713,24855,false,0.560556
17713,45932,false,0.578011
17714,10291,false,0.944577
17714,33551,false,0.128984
17714,57058,false,0.846395
17715,58272,false,0.789793
17716,14439,false,0.717217
17716,17005,false,0.096783
17716,46428,false,0.2165
17716,54773,false,0.470137
17717,12224,false,0.7701
17717,40784,false,0.011148
17718,15367,false,0.363258
17718,34530,false,0.950456
17720,16563,false,0.201969
17720,47949,false,0.353632
17720,59142,false,0.731196
17722,11216,false,0.610623
17722,48000,false,0.005025
17723,20210,false,0.904159
17723,37205,false,0.129157
17725,52920,false,0.444379
17726,33320,false,0.669997
17727,10680,false,0.471814
17727,47570,false,0.226773
17728,45881,false,0.746839
17729,42798,false,0.013544
17729,59495,false,0.708382
17730,41121,false,0.625065
17730,55194,false,0.012782
17731,19506,false,0.340832
17731,33078,false,0.204008
17731,52848,false,0.497281
17732,4523,true,0.824517
17732,48206,false,0.767035
17732,59270,false,0.158454
17733,4466,true,0.361255
17733,20766,false,0.249957
17733,26436,false,0.076009
17733,56588,false,0.696475
17734,4864,true,0.776258
17734,21752,false,0.923571
17734,34527,false,0.33891
17734,40332,false,0.234448
17735,43462,false,0.016696
17735,51845,false,0.340578
17736,44882,false,0.945009
17736,47131,false,0.126193
17737,31781,false,0.81498
17737,35321,false,0.750256
17737,41863,false,1.025111
17737,54996,false,0.751637
17738,12836,false,0.251118
17738,21163,false,0.133841
17738,25455,false,0.125505
17741,47143,false,0.908402
17741,51179,false,0.801181
17741,52831,false,0.115926
17742,39531,false,0.108721
17743,16939,false,0.092143
17743,18098,false,0.279712
17744,20774,false,0.438214
17744,24228,false,0.868925
17744,44949,false,0.27117
17745,42153,false,0.625304
17745,49861,false,0.795984
17745,53330,false,0.069195
17745,59649,false,0.046524
17747,25056,false,0.092233
17747,50303,false,0.86563
17748,34954,false,0.406854
17748,46062,false,0.288555
17748,48391,false,0.359475
17749,50272,false,0.584591
17749,57681,false,0.903412
17750,11945,false,0.650004
17750,38953,false,0.837262
17751,12339,false,0.090663
17751,22044,false,0.81133
17751,43605,false,0.453291
17751,44968,false,0.211668
17752,12596,false,0.222422
17752,28947,false,0.897458
17752,29529,false,0.141416
17752,40095,false,0.42945
17754,14611,false,0.468882
17754,25446,false,0.127746
17754,27894,false,0.205751
17755,37507,false,0.134264
17755,49090,false,0.46442
17757,10995,false,0.571093
17757,15966,false,0.0049
17757,16558,false,0.538512
17757,43143,false,0.995288
17757,43654,false,0.92536
17758,10158,false,0.797215
17758,20737,false,0.790995
17758,23911,false,0.564392
17759,41254,false,0.844139
17759,43824,false,0.186302
17760,15321,false,0.186745
17760,28798,false,0.683165
17760,55293,false,0.622008
17760,59858,false,0.864351
17761,14459,false,0.392088
17761,26447,false,0.016967
17761,39639,false,0.051084
17762,48460,false,0.785307
17765,16500,false,0.648555
17765,49912,false,0.294308
17765,55008,false,0.054733
17766,13583,false,0.939978
17766,50655,false,0.368673
17767,21204,false,0.93431
17767,25462,false,0.569728
17768,4239,true,0.093503
17768,11329,false,0.582837
17768,53404,false,0.399215
17769,12429,false,0.975869
17769,15089,false,0.597013
17769,24387,false,0.665206
17769,26745,false,0.049671
17769,36193,false,0.412811
17769,39702,false,0.634736
17769,56191,false,0.965785
17769,59584,false,0.21336
17770,17638,false,0.017032
17771,51677,false,0.853579
17773,40258,false,0.53714
17774,11636,false,0.7466
17774,22372,false,0.081875
17774,27152,false,0.409776
17776,28355,false,0.908802
17776,45288,false,0.146875
17776,49311,false,0.280974
17776,49825,false,0.974412
17777,28396,false,0.764996
17778,42185,false,0.717307
17778,58551,false,0.75839
17779,16137,false,0.158013
17779,19934,false,0.835047
17779,53793,false,0.850021
17780,13360,false,0.941171
17780,21145,false,0.958398
17780,33118,false,0.473241
17780,33844,false,0.315557
17781,31101,false,0.830848
17782,10391,false,0.851157
17782,11975,false,0.634895
17782,17353,false,0.134444
17782,54417,false,0.13282
17783,29110,false,0.137985
17784,33583,false,0.198288
17784,53161,false,0.574359
17784,59698,false,0.523095
17785,25082,false,0.354554
17785,38523,false,0.511375
17785,48402,false,0.539393
17786,33797,false,0.913516
17786,55334,false,0.981818
17787,19434,false,0.537379
17788,18558,false,0.208507
17788,38451,false,0.927816
17788,55936,false,0.862488
17792,38938,false,0.944879
17793,28265,false,0.013229
17793,34997,false,0.703561
17793,39739,false,0.893847
17793,41523,false,0.784246
17793,47831,false,0.014507
17793,51496,false,0.692474
17793,55637,false,0.467822
17793,55930,false,0.491297
17794,58603,false,0.535638
17795,19704,false,0.80195
17795,30468,false,0.546393
17795,54829,false,0.56106
17796,15004,false,0.650624
17797,12939,false,0.781343
17797,16182,false,0.683858
17797,40130,false,0.056004
17797,57162,false,0.608498
17798,29787,false,0.761389
17798,35287,false,0.03504
17798,50211,false,0.821448
17799,31641,false,0.938751
17799,31731,false,0.0716
17799,54530,false,0.186751
17800,34100,false,0.632328
17800,41752,false,0.460071
17801,37580,false,0.295244
17801,46641,false,0.124136
17802,39901,false,0.152506
17802,54430,false,0.2959
17803,30182,false,0.125254
17803,48041,false,0.197509
17803,58633,false,0.03437
17804,17200,false,0.572111
17804,40639,false,0.901092
17804,44107,false,0.667386
17805,17148,false,0.865496
17805,36276,false,0.608566
17806,19985,false,0.870442
17807,17414,false,0.822125
17807,23729,false,0.129159
17807,26482,false,0.586689
17807,33632,false,0.092315
17807,35757,false,0.475655
17808,20274,false,0.990143
17808,36974,false,0.263051
17808,48385,false,0.420192
17809,41790,false,0.82115
17810,25963,false,0.313613
17811,10037,false,0.117712
17811,54678,false,0.216267
17812,15847,false,0.96534
17812,23106,false,0.117121
17812,53724,false,0.44826
17812,59326,false,0.234834
17813,20285,false,0.36032
17813,56804,false,0.888895
17814,37537,false,1.085066
17815,17815,false,0.276519
17815,32979,false,0.516382
17815,59893,false,0.914023
17816,35766,false,0.892365
17816,49383,false,0.70706
17817,22106,false,0.585614
17818,14124,false,0.731546
17818,21551,false,0.154444
17818,25884,false,0.370528
17818,38248,false,0.013909
17818,44178,false,0.420786
17819,56570,false,0.259827
17820,10069,false,0.419208
17820,12076,false,0.804363
17820,22379,false,0.075983
17820,24886,false,0.347212
17820,33478,false,0.734945
17820,44778,false,0.897101
17820,53039,false,0.066452
17821,30184,false,0.256612
17821,31652,false,0.863899
17821,57233,false,0.581475
17822,21754,false,0.253894
17822,26137,false,0.065714
17822,33215,false,0.962259
17822,37718,false,0.280002
17823,23864,false,0.728322
17823,59362,false,0.689762
17824,18851,false,0.842797
17824,28943,false,0.537421
17824,33059,false,0.235701
17825,14832,false,0.868909
17825,32680,false,0.98901
17825,57798,false,0.357943
17826,20653,false,0.502164
17826,26702,false,0.996749
17826,45888,false,0.88564
17827,13401,false,0.763271
17827,17039,false,0.298634
17827,17970,false,0.040162
17827,34381,false,0.866402
17828,17618,false,0.821502
17828,34651,false,0.008738
17830,15283,false,0.901843
17831,53497,false,0.505645
17832,11433,false,0.616765
17833,58626,false,0.233601
17834,11860,false,0.071214
17834,58733,false,1.037073
17835,10191,false,0.304345
17835,49381,false,0.323488
17836,17886,false,0.455111
17836,24008,false,0.210037
17836,34180,false,0.142292
17836,34571,false,0.862285
17836,54445,false,0.556925
17837,10942,false,0.866669
17837,22806,false,0.77066
17837,53338,false,0.828338
17838,20011,false,0.828389
17838,55477,false,0.302209
17839,10796,false,0.96003
17839,59220,false,0.669141
17840,34013,false,0.938626
17840,50842,false,0.442138
17840,58050,false,0.939395
17841,36157,false,0.788923
17841,41988,false,0.283937
17842,4159,true,0.130997
17842,30387,false,0.02115
17842,46365,false,0.193292
17842,49963,false,0.746518
17843,28121,false,0.093499
17843,38714,false,0.453291
17843,46984,false,0.189211
17843,52762,false,0.541211
17845,16965,false,0.075334
17845,35297,false,0.947033
17846,4053,true,0.537258
17846,34051,false,0.062818
17846,34899,false,0.116759
17846,45811,false,0.54106
17846,55464,false,0.263645
17847,4703,true,0.085431
17847,10817,false,0.475032
17847,19583,false,0.872984
17847,27284,false,0.129192
17847,41142,false,0.044951
17847,57859,false,0.971021
17848,13170,false,0.130259
17849,14681,false,0.211796
17849,22946,false,0.653414
17849,33039,false,0.469238
17849,49115,false,0.105896
17849,55488,false,0.879003
17850,42079,false,0.812009
17850,49175,false,0.625706
17851,17733,false,0.042743
17851,41428,false,0.244911
17851,47536,false,0.762185
17851,48523,false,1.02299
17851,57747,false,0.807525
17852,46607,false,0.513801
17852,46744,false,0.234033
17852,52550,false,0.544605
17853,40737,false,0.143498
17853,44350,false,0.358058
17853,58289,false,0.618726
17854,40023,false,0.433425
17854,51516,false,0.328566
17855,24065,false,0.176372
17855,24911,false,0.674117
17855,56546,false,0.567032
17856,28814,false,0.674878
17856,28836,false,0.130346
17856,36764,false,0.252156
17856,43107,false,0.314746
17857,12375,false,0.192858
17857,39989,false,0.782831
17858,16479,false,0.359663
17858,18382,false,0.710463
17858,29396,false,0.831252
17858,34050,false,0.61352
17858,40994,false,0.839469
17858,49324,false,0.122211
17858,51418,false,0.925627
17859,20556,false,0.056621
17859,29945,false,0.785852
17859,41858,false,0.019245
17859,50207,false,0.633751
17860,13226,false,0.725832
17860,22652,false,1.088294
17860,27516,false,1.073922
17860,32908,false,0.669157
17860,48937,false,0.43352
17860,54467,false,0.833499
17861,16883,false,1.039106
17862,18834,false,0.068217
17862,24606,false,0.304885
17862,45122,false,0.471951
17862,45227,false,0.937404
17862,54611,false,0.98746
17862,57547,false,0.794044
17863,10242,false,0.724895
17863,27665,false,0.991689
17863,44861,false,0.660127
17863,48024,false,0.278678
17863,53922,false,0.11827
17864,13849,false,1.117279
17864,27239,false,0.205545
17865,13436,false,0.518101
17865,18378,false,0.559118
17865,29891,false,0.353961
17866,17904,false,0.125594
17866,43507,false,0.316229
17867,11183,false,0.487871
17867,38782,false,0.152128
17868,21363,false,0.261645
17868,51044,false,0.922065
17869,30190,false,0.361689
17870,17915,false,0.178742
17870,18270,false,0.909402
17870,23104,false,0.668028
17870,26894,false,0.277519
17871,14872,false,0.833261
17871,18055,false,0.365944
17871,28750,false,0.320899
17871,48704,false,0.331875
17872,16954,false,0.893557
17872,22367,false,0.78668
17872,25976,false,0.896778
17872,34056,false,0.902669
17872,58125,false,0.022067
17873,40250,false,0.512449
17873,42286,false,0.034897
17874,43320,false,0.029343
17875,17571,false,0.803064
17875,55258,false,0.242652
17876,18137,false,0.606412
17876,21974,false,0.911354
17876,22553,false,0.205959
17876,26077,false,0.487528
17876,36549,false,0.956844
17877,19320,false,0.786741
17877,29697,false,0.897342
17877,46011,false,0.043758
17877,50421,false,0.68352
17878,10282,false,0.416752
17878,30432,false,0.535004
17878,34272,false,0.688744
17879,20389,false,0.244816
17879,36353,false,0.551326
17879,36455,false,0.198343
17880,33803,false,0.359157
17880,36628,false,0.183108
17880,53044,false,0.26979
17882,28739,false,0.712643
17882,39618,false,0.639419
17882,39619,false,0.834711
17882,46337,false,0.434746
17882,55198,false,0.680216
17883,33664,false,0.3225
17884,27905,false,0.915775
17885,28428,false,0.215721
17885,42436,false,0.950008
17886,11568,false,0.627143
17886,39831,false,0.433184
17887,26525,false,0.703181
17887,58807,false,0.229032
17888,40399,false,0.138316
17888,49875,false,0.471863
17888,54725,false,0.241207
17889,50882,false,0.070309
17890,31530,false,0.205133
17891,11312,false,0.134822
17891,38267,false,0.823388
17891,43472,false,0.550263
17891,45963,false,0.923753
17892,24729,false,0.844351
17893,42195,false,0.016637
17894,18407,false,0.817941
17894,29347,false,0.022033
17894,31711,false,0.595553
17896,21068,false,0.36004
17896,21921,false,0.742798
17896,29376,false,0.01935
17896,37203,false,0.725483
17897,33318,false,0.023764
17898,43211,false,0.901972
17898,44049,false,0.141513
17898,58357,false,0.477131
17899,19960,false,0.764646
17899,36412,false,0.833262
17899,55262,false,0.867373
17900,29422,false,0.505331
17900,40356,false,0.296619
17900,44834,false,0.592899
17900,47635,false,0.759796
17901,28716,false,0.108373
17901,29329,false,0.021734
17901,44203,false,0.858141
17901,45725,false,0.294557
17902,47865,false,0.770216
17903,25521,false,0.419916
17903,31505,false,0.407275
17903,42386,false,0.168533
17905,17614,false,0.616364
17905,20875,false,0.551089
17905,27611,false,0.920226
17905,45880,false,0.681523
17909,10178,false,0.624673
17909,14861,false,0.488868
17909,36109,false,0.652681
17909,38183,false,0.369882
17909,59375,false,0.802709
17910,34758,false,0.94209
17911,21597,false,0.8667
17912,11728,false,0.061323
17912,13397,false,0.012218
17913,52589,false,0.880273
17914,22761,false,0.101366
17914,45830,false,0.175031
17914,56450,false,0.609698
17914,56822,false,0.182053
17915,26084,false,0.943519
17915,45950,false,0.782376
17915,55627,false,1.256112
17916,38710,false,0.822469
17916,58724,false,0.979216
17917,24162,false,0.831859
17917,24323,false,0.535238
17917,37821,false,0.358187
17917,39729,false,0.458094
17917,46687,false,0.216334
17917,55210,false,0.108519
17918,32323,false,0.171513
17918,46962,false,0.94064
17919,15808,false,0.659982
17919,46749,false,0.806451
17920,27290,false,0.23593
17920,39813,false,0.417559
17920,48532,false,0.320475
17921,51424,false,0.888909
17922,14004,false,0.291378
17922,31194,false,0.256922
17922,40266,false,0.158044
17923,16714,false,0.705875
17923,52139,false,0.376503
17926,11100,false,0.696438
17926,51211,false,0.879432
17926,55658,false,0.177785
17927,13682,false,0.624261
17927,42086,false,0.364966
17927,49466,false,0.186405
17928,12688,false,0.462009
17928,23664,false,0.834053
17928,49818,false,0.286212
17928,54980,false,0.806309
17929,22031,false,0.371423
17929,25203,false,0.305848
17930,33697,false,0.30169
17930,55457,false,0.974813
17930,55916,false,0.823071
17931,32924,false,0.293957
17932,32042,false,0.69804
17933,56424,false,0.932469
17933,57622,false,0.530878
17934,21705,false,0.518496
17934,22844,false,0.834187
17934,26095,false,0.830749
17934,47791,false,0.414307
17934,53167,false,0.828497
17935,11136,false,0.59189
17935,13434,false,0.103583
17935,17949,false,0.415865
17935,31809,false,0.058743
17935,45672,false,0.711664
17936,12903,false,0.480919
17936,47469,false,0.77565
17937,45307,false,0.465654
17938,18841,false,0.482562
17939,13075,false,0.928514
17939,13646,false,0.944819
17939,18861,false,0.706578
17940,34655,false,0.100328
17941,42445,false,0.793535
17942,11974,false,1.015772
17942,13710,false,0.185397
17942,24610,false,0.655948
17942,41709,false,0.565887
17942,48929,false,0.168203
17942,51852,false,0.497561
17943,15039,false,0.488857
17943,21782,false,0.674457
17943,25686,false,0.760238
17944,24384,false,0.340335
17944,50150,false,0.499979
17945,22470,false,0.343088
17946,59914,false,0.440757
17947,35611,false,0.93574
17947,42461,false,0.946766
17948,15394,false,0.681988
17948,23012,false,0.816213
17948,43724,false,0.251657
17948,46762,false,0.900645
17949,25118,false,0.215031
17949,29189,false,0.165906
17950,14583,false,0.355483
17950,22616,false,0.123845
17950,48961,false,0.327229
17951,33139,false,0.131855
17951,48481,false,0.60853
17951,54094,false,0.937991
17952,13701,false,0.100581
17952,32654,false,0.45759
17953,44100,false,0.730502
17953,46886,false,0.105571
17953,55555,false,0.290476
17954,17610,false,0.789924
17954,40297,false,0.493261
17955,18956,false,0.791412
17955,56767,false,0.915856
17956,11833,false,0.178776
17957,33402,false,0.688605
17957,48964,false,0.193069
17958,14758,false,0.955227
17958,15446,false,0.105957
17959,43223,false,0.637829
17959,58022,false,0.21743
17961,26043,false,0.671447
17961,37004,false,0.214768
17962,32723,false,0.27109
17962,37872,false,1.00143
17963,13262,false,0.315827
17963,33430,false,0.746075
17966,34879,false,0.696248
17966,39782,false,1.087465
17967,21355,false,0.353088
17967,23545,false,0.817481
17967,28768,false,0.493119
17967,45667,false,0.429057
17967,45803,false,0.871006
17967,47385,false,0.522576
17968,18644,false,0.07074
17968,23876,false,0.240303
17969,12511,false,0.009794
17969,13768,false,0.967386
17969,21904,false,0.27994
17969,39332,false,0.063938
17971,4491,true,0.275239
17971,14313,false,0.363899
17971,41292,false,0.508351
17971,56081,false,0.303715
17972,4040,true,0.802357
17972,19588,false,0.723925
17972,25399,false,0.244609
17974,4902,true,0.5753
17974,35823,false,0.239102
17976,10144,false,0.519467
17976,33660,false,0.386039
17976,51205,false,0.277613
17976,52513,false,0.363388
17977,4076,true,0.687895
17977,4686,true,0.158245
17977,26671,false,0.602445
17977,55664,false,0.231573
17978,21840,false,0.315822
17978,41167,false,0.348705
17979,16559,false,0.843873
17979,17425,false,0.081678
17979,33278,false,0.880287
17979,50620,false,0.123342
17979,57574,false,1.012237
17980,28976,false,0.023108
17980,30105,false,0.145427
17980,43304,false,0.266016
17981,34911,false,0.64325
17981,40756,false,0.533207
17982,25158,false,0.194752
17982,35459,false,0.59368
17982,48642,false,0.376057
17982,58388,false,0.673317
17983,11942,false,0.996318
17983,20541,false,0.070681
17983,31990,false,0.799967
17983,41104,false,0.649582
17983,42824,false,0.552388
17984,13213,false,0.900355
17985,28429,false,0.39625
17985,43715,false,0.797523
17985,44235,false,0.802125
17987,33509,false,0.37455
17987,51401,false,0.510366
17988,38087,false,0.459167
17989,40836,false,0.789052
17990,15291,false,0.901138
17990,16961,false,0.394112
17990,39451,false,0.215591
17990,56581,false,0.454506
17991,32380,false,0.874762
17991,37760,false,0.403569
17991,38528,false,0.257989
17991,42071,false,0.832258
17992,44446,false,0.893638
17993,50936,false,0.478352
17994,17231,false,0.322958
17994,39256,false,0.446173
17994,44503,false,0.174667
17995,17819,false,0.084949
17995,27661,false,0.142454
17995,51586,false,0.236304
17995,59936,false,0.751799
17996,21684,false,0.364348
17996,46688,false,0.048831
17996,54502,false,0.45007
17997,39152,false,0.492253
17997,46221,false,0.980803
17998,13523,false,0.200555
17998,18607,false,0.560821
17998,37269,false,0.00558
17998,53519,false,0.678446
17999,14225,false,0.671364
17999,52186,false,0.234731
18001,4545,true,0.226756
18001,4564,true,0.322953
18002,4595,true,0.113704
18002,19710,false,0.168629
18002,21282,false,0.687857
18002,26344,false,0.398626
18003,4663,true,0.971662
18003,29323,false,0.975092
18003,36172,false,0.820512
18004,4715,true,0.450099
18004,4805,true,0.935851
18005,4873,true,0.088911
18005,26805,false,0.665105
18005,57382,false,0.799869
18006,4221,true,0.213231
18007,10893,false,0.621321
18007,29748,false,0.634058
18007,41148,false,0.944435
18008,15071,false,0.281743
18008,17471,false,0.568719
18008,20451,false,0.300766
18008,48988,false,0.597086
18009,20057,false,0.362656
18009,35401,false,0.157894
18009,41249,false,0.306896
18010,15489,false,0.198357
18010,16603,false,0.183793
18010,53095,false,0.635549
18011,14761,false,0.824857
18011,33436,false,0.498106
18011,48045,false,0.385554
18013,11906,false,0.17192
18013,36727,false,0.734464
18013,45097,false,0.015818
18013,53126,false,0.652012
18013,53553,false,0.191048
18014,19841,false,0.596631
18015,37115,false,0.226865
18015,43444,false,0.778039
18015,54289,false,0.572433
18017,26995,false,0.653572
18017,47305,false,0.383327
18017,49913,false,0.932878
18019,23734,false,0.107064
18019,44614,false,0.417118
18020,20665,false,0.472685
18021,11345,false,0.307596
18021,19868,false,0.115608
18021,32793,false,0.770869
18021,44391,false,0.853059
18021,56611,false,0.20282
18021,56949,false,0.609853
18022,30246,false,0.980959
18022,47231,false,0.086951
18023,31607,false,0.023497
18023,56518,false,0.324925
18024,30158,false,0.217093
18024,45924,false,0.75023
18024,56462,false,0.390326
18025,19751,false,0.784734
18025,49615,false,0.668995
18026,12411,false,0.861422
18027,18461,false,0.669473
18027,24751,false,0.580838
18027,41154,false,0.809361
18027,50843,false,0.104149
18030,43009,false,0.980136
18030,54661,false,0.83287
18031,15188,false,0.585929
18031,18160,false,0.898378
18031,35004,false,0.416211
18031,45863,false,0.045142
18031,51300,false,0.597084
18032,29092,false,0.983358
18033,4581,true,0.591734
18033,20758,false,0.809762
18033,20879,false,0.958455
18033,30206,false,0.629801
18034,4199,true,0.64342
18034,37723,false,0.706994
18034,39227,false,0.124125
18034,49534,false,0.649111
18035,58003,false,0.004757
18035,59212,false,0.740649
18036,26140,false,0.58037
18036,27671,false,0.533524
18036,31212,false,0.758341
18036,39637,false,0.748964
18036,39821,false,0.027665
18036,43404,false,0.946944
18037,27022,false,0.979594
18037,54164,false,1.001533
18038,20067,false,0.798145
18038,30201,false,0.817407
18039,31730,false,0.801913
18039,32172,false,0.523113
18039,48395,false,0.813034
18041,10506,false,0.763216
18041,18732,false,0.464089
18043,14805,false,0.330053
18044,32724,false,0.537695
18044,40448,false,0.556722
18044,54960,false,0.768543
18045,35157,false,0.825025
18045,55085,false,0.488324
18047,30868,false,0.223342
18047,48333,false,0.245212
18047,54898,false,0.998021
18048,10425,false,0.523107
18048,31807,false,0.998645
18048,34814,false,0.730321
18048,39636,false,0.289708
18050,24889,false,0.566264
18050,45622,false,0.713239
18050,57901,false,0.071873
18051,56446,false,0.361527
18052,31878,false,0.710106
18053,26114,false,0.187394
18053,35928,false,0.084863
18053,53836,false,0.795557
18054,23717,false,0.761935
18054,35243,false,0.364835
18054,47283,false,0.385056
18054,53644,false,0.116487
18054,55952,false,0.538262
18056,12315,false,0.730931
18056,14820,false,0.773368
18056,32095,false,0.962427
18057,15819,false,0.338389
18057,21945,false,0.826705
18057,45469,false,0.650397
18058,10992,false,0.729027
18059,12097,false,0.046108
18059,20158,false,0.309953
18059,33665,false,0.119699
18060,18187,false,0.304371
18060,58822,false,0.257821
18061,31328,false,0.222756
18061,36033,false,0.959453
18061,38797,false,0.208324
18061,59933,false,0.629696
18063,41458,false,0.150449
18063,46938,false,0.456261
18064,22573,false,0.32805
18064,36024,false,0.059498
18064,50091,false,0.238842
18064,53877,false,0.952905
18065,34746,false,0.537199
18065,34792,false,0.720321
18066,52173,false,0.543183
18067,25967,false,0.511868
18067,39339,false,0.501559
18067,58832,false,0.006699
18067,59446,false,0.009687
18068,26809,false,0.579493
18068,44311,false,0.206319
18068,59922,false,0.708438
18069,30575,false,0.264252
18069,32026,false,0.065908
18069,44055,false,0.890036
18069,57848,false,0.576079
18070,35904,false,0.700872
18070,43358,false,0.08632
18070,46887,false,0.872503
18071,39073,false,0.203739
18071,44246,false,0.855296
18071,46358,false,0.031763
18072,23404,false,0.653454
18072,33135,false,0.63638
18072,49691,false,0.913316
18073,30479,false,0.250185
18073,57429,false,0.470778
18075,18679,false,0.146378
18076,45065,false,0.160741
18076,51023,false,0.204324
18077,48356,false,0.852294
18077,54001,false,0.351506
18078,21571,false,0.421586
18078,36128,false,0.707296
18078,46719,false,0.415003
18078,50439,false,0.553598
18079,48741,false,0.569346
18080,37400,false,0.670267
18080,42163,false,0.33996
18080,46902,false,0.348067
18081,14344,false,0.932923
18081,30948,false,0.598764
18081,51945,false,0.097074
18081,52553,false,0.862063
18082,16382,false,0.277804
18082,36297,false,0.472591
18082,50280,false,0.828951
18083,11322,false,0.960388
18083,32480,false,0.928117
18083,48576,false,0.818622
18083,52615,false,0.68897
18084,10801,false,0.931544
18084,27301,false,0.76313
18084,42003,false,0.553429
18084,46319,false,0.113652
18085,25083,false,0.124921
18086,27125,false,0.160454
18087,47807,false,0.78662
18087,56169,false,0.023732
18088,45506,false,0.915824
18089,11989,false,0.985155
18089,27806,false,0.589206
18089,53078,false,0.811342
18090,18030,false,0.097631
18090,28556,false,0.573091
18090,36674,false,0.300117
18091,32931,false,0.508516
18094,33543,false,0.773707
18094,49703,false,0.762196
18095,16846,false,0.666254
18095,18322,false,0.184013
18095,57682,false,0.090102
18096,12502,false,0.006498
18096,15117,false,0.096974
18096,59669,false,0.506401
18097,33228,false,0.224579
18097,52634,false,0.266602
18098,10943,false,0.823985
18098,27261,false,0.489026
18098,33643,false,0.13652
18098,40099,false,0.549659
18099,14261,false,0.963497
18099,20303,false,0.399568
18099,35360,false,0.253255
18099,47481,false,0.111935
18100,46912,false,0.943612
18101,16393,false,0.837791
18101,39385,false,0.596543
18101,56911,false,0.362673
18102,16565,false,0.008928
18102,39924,false,0.350051
18102,43707,false,0.86304
18102,57894,false,0.789234
18103,18685,false,0.162887
18104,26249,false,0.827862
18104,30151,false,0.31587
18104,52900,false,0.892964
18105,42943,false,0.044156
18105,50946,false,0.606818
18105,59293,false,0.947516
18106,24893,false,0.476216
18106,29519,false,0.663368
18106,35990,false,0.36349
18106,40476,false,0.330142
18106,44396,false,0.100119
18106,48192,false,0.436009
18107,40477,false,0.890617
18108,34733,false,0.251252
18110,22655,false,0.272583
18110,43066,false,0.791363
18111,20530,false,0.750701
18111,39528,false,0.578971
18112,29022,false,0.822243
18113,20621,false,0.345034
18115,29221,false,0.508968
18115,33691,false,0.0261
18115,36794,false,0.752752
18115,45342,false,0.050406
18115,48483,false,0.232238
18116,37157,false,0.947472
18116,48943,false,0.727375
18118,24626,false,0.063705
18118,35087,false,0.482726
18118,38915,false,0.420665
18118,44307,false,0.498297
18118,52243,false,0.806321
18119,31835,false,0.513851
18120,32192,false,0.056296
18121,34803,false,0.459114
18122,12217,false,0.911237
18122,35933,false,0.767154
18122,52859,false,0.967092
18122,59825,false,0.24401
18123,13935,false,0.044752
18123,33943,false,0.223973
18123,51920,false,0.30384
18124,30370,false,0.940546
18124,58323,false,0.756274
18125,41937,false,0.206211
18125,51154,false,0.535512
18126,15532,false,0.29366
18128,29321,false,0.630657
18128,32325,false,0.225211
18129,16266,false,0.731155
18129,54654,false,0.898829
18129,57141,false,0.533856
18130,56071,false,0.150807
18132,36626,false,0.148541
18132,55417,false,0.785112
18132,57640,false,0.385121
18133,22688,false,0.505844
18133,38099,false,0.705283
18133,45913,false,0.695538
18134,4216,true,0.169016
18134,17658,false,0.520368
18134,20519,false,0.673424
18134,43947,false,0.482028
18135,26852,false,0.748298
18135,38089,false,0.516637
18136,17101,false,0.870721
18136,44183,false,0.82314
18137,20984,false,0.178953
18137,31836,false,0.543113
18137,48986,false,0.523009
18138,14817,false,0.138155
18138,46872,false,0.519644
18139,45849,false,0.449428
18140,18039,false,0.721694
18140,47880,false,0.098169
18140,51566,false,0.887714
18140,54200,false,0.169996
18140,55241,false,0.550942
18140,58457,false,0.132202
18141,16212,false,0.174401
18141,17335,false,0.562981
18142,25840,false,0.337303
18142,33733,false,0.538318
18142,41673,false,0.207575
18143,24115,false,0.027134
18143,44625,false,0.212772
18144,16039,false,0.216765
18144,49684,false,0.410699
18144,50793,false,0.588036
18144,59654,false,0.95556
18145,31806,false,0.577335
18145,46684,false,0.037862
18145,46980,false,0.039853
18145,57475,false,0.360603
18146,24501,false,0.00699
18146,25307,false,0.231103
18147,10422,false,0.390786
18148,20014,false,0.649406
18148,47282,false,0.692958
18148,52125,false,0.075147
18151,20606,false,0.291548
18151,46048,false,0.211782
18151,49011,false,0.566356
18152,25997,false,0.538389
18152,42643,false,0.130518
18152,56123,false,0.456832
18153,20155,false,0.015573
18153,23424,false,0.418228
18154,52721,false,0.755779
18155,22234,false,0.492348
18155,53429,false,0.068608
18156,22999,false,0.636785
18157,44793,false,0.078112
18157,56946,false,0.845808
18158,23169,false,1.005533
18158,26093,false,0.507166
18158,31754,false,0.592067
18158,54016,false,1.010406
18159,35612,false,0.146748
18159,40973,false,0.929063
18159,59125,false,0.962435
18161,34876,false,0.893068
18161,45704,false,0.316743
18161,52646,false,0.098937
18162,17110,false,0.505941
18162,50344,false,0.899067
18162,50636,false,0.625112
18163,33404,false,0.027858
18163,38460,false,0.641707
18163,39080,false,0.393873
18164,46398,false,0.632867
18165,14526,false,0.702948
18165,20052,false,0.043064
18165,28931,false,0.258496
18165,40494,false,0.310844
18165,54432,false,0.35135
18166,21980,false,0.659749
18166,29266,false,0.442687
18166,34584,false,0.841313
18166,42124,false,0.720684
18167,17361,false,1.02876
18167,38311,false,0.698918
18167,44712,false,0.107743
18168,24348,false,1.006748
18168,43016,false,0.141635
18169,24474,false,0.721765
18169,29442,false,0.546726
18169,32056,false,0.084613
18169,43479,false,0.349158
18169,45404,false,0.150007
18169,45437,false,0.334312
18169,45799,false,0.793597
18169,55156,false,0.673439
18170,34401,false,0.71457
18171,20957,false,0.598337
18171,43744,false,0.923842
18171,44095,false,0.372191
18171,56871,false,0.712633
18172,18773,false,0.324363
18172,41994,false,0.412032
18173,31613,false,0.862342
18173,57329,false,0.816194
18174,24803,false,0.245537
18174,26936,false,0.956763
18175,21965,false,0.700437
18176,46908,false,0.695073
18176,49888,false,0.322366
18176,55979,false,0.502788
18177,39046,false,0.592947
18177,50201,false,0.409733
18178,20690,false,0.979448
18178,21088,false,1.021312
18178,53305,false,0.421606
18179,17120,false,0.778751
18179,18671,false,0.20733
18179,50868,false,0.211791
18180,16731,false,0.941611
18180,23974,false,0.505672
18181,15798,false,0.148591
18181,33370,false,0.608877
18181,41362,false,0.181016
18181,47746,false,0.539219
18182,26058,false,0.253551
18182,29689,false,0.747292
18183,34517,false,0.617691
18184,14398,false,0.885032
18184,27466,false,0.364342
18184,51888,false,0.565966
18184,53583,false,0.281003
18185,14755,false,0.771406
18185,27453,false,0.020195
18185,29567,false,0.741871
18185,53866,false,0.945994
18185,58675,false,0.302161
18186,50113,false,0.057091
18187,14564,false,0.128592
18187,50935,false,0.654006
18188,14833,false,0.319978
18188,22084,false,0.99666
18188,52208,false,0.44641
18190,10493,false,0.637366
18190,13388,false,0.187796
18190,47177,false,0.608043
18192,17463,false,0.467273
18192,17664,false,0.23002
18192,37188,false,0.481277
18193,27264,false,0.135857
18194,23261,false,0.310395
18194,54726,false,0.697316
18195,18430,false,0.786239
18195,22016,false,0.887099
18195,56917,false,0.578687
18196,15376,false,0.256424
18196,26831,false,0.125738
18197,28640,false,0.420379
18197,38977,false,0.079809
18197,43295,false,0.151306
18198,20565,false,0.397417
18198,43849,false,0.722928
18199,43987,false,0.269489
18199,57420,false,0.988574
18200,24692,false,0.588401
18200,30671,false,0.882902
18200,41704,false,0.54642
18200,43501,false,0.177249
18200,43813,false,0.923175
18200,46885,false,0.645751
18201,29025,false,0.965261
18201,43287,false,0.696371
18202,21892,false,0.198369
18202,44373,false,0.453051
18203,40110,false,1.001492
18203,42976,false,0.373736
18203,59421,false,0.111392
18204,14689,false,0.411473
18205,13016,false,0.553531
18205,13271,false,0.327142
18205,36498,false,0.091465
18206,48761,false,0.46318
18206,49501,false,1.025382
18206,51386,false,0.043899
18207,4635,true,0.154809
18207,13952,false,0.956094
18207,28915,false,0.451903
18208,15026,false,0.160648
18208,51092,false,0.235231
18209,54887,false,0.579279
18210,58169,false,0.110363
18211,33387,false,0.69192
18211,40178,false,0.989456
18211,43281,false,0.89254
18212,16066,false,0.08572
18212,29125,false,0.431627
18212,42057,false,0.368454
18213,4446,true,0.15317
18213,11623,false,0.808791
18213,11659,false,0.372192
18213,14279,false,0.403599
18213,54396,false,0.934265
18214,4616,true,0.982262
18215,32015,false,0.621648
18215,33599,false,0.310671
18216,47186,false,0.888855
18217,4426,true,0.132111
18217,37529,false,0.546048
18218,23082,false,0.685597
18218,23658,false,0.176359
18219,29269,false,0.477833
18219,48187,false,0.481752
18219,53058,false,0.940724
18219,55951,false,0.625235
18220,23739,false,0.260525
18220,41542,false,0.641376
18220,50319,false,0.107116
18221,23191,false,0.808711
18221,37769,false,0.244962
18221,39975,false,0.479278
18222,21653,false,0.606119
18222,42655,false,0.348121
18222,44382,false,0.382905
18223,46142,false,0.404307
18223,53533,false,0.223178
18223,56697,false,0.176129
18224,22522,false,0.65193
18224,23490,false,0.045982
18225,40625,false,0.184952
18225,47525,false,0.013292
18226,30598,false,0.372301
18226,35919,false,0.409113
18227,10865,false,0.133768
18228,51464,false,0.833322
18229,30305,false,0.848287
18230,28662,false,0.804282
18230,30031,false,0.006366
18230,48318,false,0.126738
18230,52113,false,0.151968
18231,30833,false,0.591423
18231,33837,false,0.55381
18231,36792,false,0.595833
18231,43116,false,0.060267
18231,45020,false,0.290634
18232,4432,true,0.898652
18233,28736,false,0.965797
18233,31211,false,0.962332
18233,55280,false,1.022264
18234,12256,false,0.105513
18234,48324,false,0.580603
18235,21589,false,0.381656
18236,10107,false,0.360716
18236,41220,false,0.389458
18237,36433,false,0.123471
18237,38251,false,0.760816
18238,31690,false,0.634176
18238,37873,false,0.831206
18238,38572,false,0.367814
18238,45511,false,0.134908
18238,46695,false,0.805887
18240,30907,false,0.149751
18243,25258,false,0.047981
18243,40899,false,0.917135
18244,38709,false,0.269212
18245,18686,false,0.85329
18245,31284,false,0.57551
18245,37016,false,0.137491
18245,53345,false,0.104076
18246,4308,true,0.405767
18246,33155,false,0.84828
18247,4094,true,0.491379
18247,11321,false,0.037047
18247,16376,false,0.731542
18247,22926,false,0.725234
18247,53825,false,0.071699
18248,13539,false,0.568471
18248,26566,false,0.04438
18248,27713,false,0.739981
18248,53870,false,0.231032
18249,23636,false,0.743679
18249,26004,false,0.344977
18250,4913,true,0.252679
18250,42862,false,0.797802
18251,24761,false,0.200246
18251,28413,false,0.84926
18251,38557,false,0.821085
18251,51382,false,0.359983
18251,53350,false,0.580398
18252,36463,false,0.491426
18252,38349,false,0.581726
18253,25606,false,0.541745
18253,50809,false,0.791099
18254,19279,false,0.443592
18255,12419,false,0.836524
18255,46383,false,0.41151
18256,31190,false,0.521056
18257,36278,false,0.98554
18258,18231,false,0.254493
18258,34179,false,0.352701
18258,40563,false,0.79042
18258,41109,false,0.871833
18259,54370,false,0.830333
18260,12870,false,0.979598
18260,23620,false,0.482968
18260,38227,false,0.44343
18261,20731,false,0.610957
18261,43733,false,0.844835
18262,20941,false,0.310018
18262,31172,false,0.154433
18263,13209,false,0.204873
18263,50108,false,0.31932
18264,15267,false,0.88646
18264,26345,false,0.148489
18265,4634,true,0.609463
18265,35011,false,0.147779
18265,41333,false,0.438042
18265,42636,false,0.784039
18266,30718,false,0.349464
18266,34449,false,0.101123
18266,36918,false,0.836189
18266,48303,false,0.040876
18268,18993,false,0.78842
18268,21774,false,0.285616
18269,12992,false,0.399173
18269,27750,false,0.257336
18269,33420,false,0.157619
18269,34289,false,0.514658
18269,58625,false,0.812946
18270,46935,false,0.305783
18270,48578,false,0.815522
18271,18207,false,0.328895
18271,24961,false,0.953047
18271,26834,false,0.70063
18271,43781,false,0.935964
18271,50160,false,0.295779
18271,55044,false,0.688258
18272,31840,false,0.308035
18272,42800,false,0.694117
18273,10237,false,0.703112
18273,28113,false,0.50392
18273,46876,false,0.027675
18274,13575,false,0.590321
18274,19945,false,0.80567
18274,29413,false,0.527528
18275,55447,false,0.099611
18276,4450,true,0.875067
18276,4537,true,0.354068
18277,19012,false,0.334592
18277,32435,false,0.438371
18278,48278,false,0.910357
18278,57319,false,0.750958
18279,27923,false,0.59695
18280,54302,false,0.969309
18281,12291,false,0.864418
18281,17515,false,0.364381
18281,31024,false,0.87495
18282,13643,false,0.532096
18283,30258,false,0.206246
18283,52115,false,0.511271
18284,28050,false,0.188228
18284,40671,false,0.882007
18285,39887,false,0.878456
18286,19174,false,0.550501
18286,19355,false,0.595451
18286,21641,false,0.836177
18286,22455,false,0.811175
18286,25663,false,0.016051
18286,31327,false,0.217426
18286,37394,false,0.034364
18286,51235,false,0.389243
18287,24206,false,0.855969
18287,36402,false,0.35563
18287,49081,false,0.900657
18288,15694,false,0.345335
18288,37561,false,0.601595
18288,44853,false,0.943385
18289,46865,false,0.980126
18290,21692,false,0.065558
18290,59560,false,0.243048
18291,34741,false,0.490405
18291,44766,false,0.211919
18291,56364,false,0.763629
18292,14578,false,0.66917
18292,40183,false,0.556083
18293,13047,false,0.089273
18293,29990,false,0.665177
18293,52805,false,0.457582
18293,59320,false,0.29565
18294,37861,false,0.458724
18294,39442,false,0.039119
18294,46129,false,0.676363
18294,47672,false,0.334437
18294,48495,false,0.597677
18294,57741,false,0.223418
18295,10845,false,0.341672
18295,11008,false,0.491243
18295,31543,false,0.98667
18295,49553,false,0.954643
18296,25653,false,0.412082
18296,33431,false,0.305854
18296,34930,false,0.555854
18297,14211,false,0.138817
18297,44045,false,0.295907
18298,20258,false,0.562129
18299,24245,false,0.149946
18299,25065,false,0.914339
18300,52565,false,0.117606
18301,49245,false,0.910254
18302,35971,false,0.454272
18302,43994,false,0.984485
18303,18285,false,0.36346
18303,26302,false,0.725633
18304,31472,false,0.850537
18304,33576,false,0.55035
18304,44854,false,0.108169
18305,35518,false,0.213282
18305,38802,false,0.431498
18305,58269,false,0.003767
18306,17070,false,0.84191
18306,28514,false,0.850913
18306,59484,false,0.544562
18307,13613,false,0.500629
18307,29797,false,0.056814
18307,54464,false,0.075022
18308,28994,false,0.3515
18308,36491,false,0.450907
18308,48516,false,0.577816
18308,50014,false,0.815519
18309,39244,false,0.148505
18309,43403,false,0.596318
18309,53710,false,0.229173
18310,56953,false,0.653846
18311,19843,false,0.67086
18311,22791,false,0.646648
18311,31704,false,0.275759
18312,24957,false,0.822203
18312,41669,false,0.092161
18312,54312,false,0.876408
18313,22238,false,0.467931
18313,28061,false,0.703659
18313,35683,false,0.560007
18315,4657,true,0.758959
18315,11507,false,0.932946
18315,33191,false,0.585361
18315,40021,false,0.538981
18315,48866,false,0.886524
18315,54494,false,0.86695
18315,58949,false,0.797078
18316,55688,false,0.54124
18317,4802,true,0.136083
18317,30757,false,0.632253
18317,52302,false,0.018568
18318,4607,true,0.47
18318,4790,true,0.354047
18318,49124,false,0.33187
18318,52495,false,0.14137
18318,56083,false,0.229089
18319,4419,true,0.442311
18319,4861,true,0.178499
18319,4932,true,0.099999
18319,44725,false,0.350322
18320,24255,false,0.770398
18320,54553,false,0.002807
18322,35698,false,0.49917
18322,44802,false,0.713223
18323,13306,false,0.112077
18323,28225,false,0.978969
18323,39316,false,0.660004
18323,58366,false,0.921503
18324,19685,false,0.500188
18324,20345,false,0.897976
18325,45734,false,0.386861
18325,56177,false,0.875271
18326,38277,false,0.833574
18326,45666,false,0.062351
18327,47027,false,0.674559
18328,16527,false,0.355972
18328,20595,false,1.079683
18329,16980,false,0.999528
18329,32089,false,0.531889
18330,12737,false,0.380785
18330,15616,false,0.691221
18330,26546,false,0.973506
18330,40275,false,0.118433
18330,41784,false,0.076247
18330,59167,false,0.185154
18330,59344,false,0.091958
18331,35548,false,0.346955
18332,29191,false,0.485912
18332,42241,false,0.926582
18333,52599,false,1.006552
18333,56217,false,0.044381
18334,14099,false,0.815083
18334,53136,false,0.33631
18335,26020,false,0.847023
18335,42491,false,0.153108
18335,46540,false,0.874686
18336,11105,false,0.531027
18336,11148,false,0.352666
18336,49920,false,0.169407
18336,55014,false,0.223357
18337,13996,false,0.368794
18337,21818,false,0.127874
18337,44779,false,0.198323
18338,20453,false,0.442964
18338,20599,false,0.464996
18338,43908,false,0.120826
18339,26298,false,0.712324
18339,36527,false,0.550463
18340,12295,false,0.713137
18340,27363,false,0.486409
18341,33203,false,0.738039
18341,35202,false,0.067411
18341,47850,false,0.733056
18343,37667,false,0.734649
18344,25096,false,0.010481
18344,56089,false,1.028291
18345,28933,false,0.313882
18346,41719,false,0.213314
18346,53172,false,0.595678
18347,27308,false,0.743141
18348,12482,false,0.230496
18348,15783,false,0.066354
18348,29397,false,0.985221
18348,49647,false,0.755607
18349,39161,false,0.929543
18349,56085,false,0.143988
18350,33816,false,0.650423
18350,42005,false,0.45078
18352,27150,false,0.906693
18353,39342,false,0.058345
18353,43152,false,0.004919
18353,47853,false,0.253599
18354,42412,false,0.649067
18355,43260,false,0.560456
18356,10504,false,0.009202
18356,27775,false,0.207985
18356,40096,false,0.361634
18356,56398,false,0.555089
18357,36933,false,0.399777
18357,56736,false,0.193442
18358,22760,false,0.649284
18359,23683,false,0.002985
18359,30195,false,0.498771
18361,18299,false,0.326075
18361,38698,false,0.088905
18361,41081,false,0.83173
18361,49103,false,0.354992
18361,58565,false,0.723308
18362,21694,false,0.648977
18362,22172,false,0.384186
18362,44158,false,0.234098
18362,51561,false,0.047636
18362,56427,false,0.137699
18363,33968,false,0.547312
18364,4474,true,0.673424
18364,4480,true,0.818013
18364,4527,true,0.841391
18364,57941,false,0.073425
18365,4219,true,0.947424
18365,10133,false,0.838705
18365,36348,false,0.217924
18366,4985,true,0.115245
18367,20458,false,0.5267
18368,32984,false,0.331893
18370,21128,false,0.111561
18370,36725,false,0.958566
18371,32739,false,0.083069
18371,48149,false,0.342702
18372,34271,false,0.286939
18372,44121,false,0.85732
18372,45113,false,0.699415
18373,10483,false,0.532826
18373,32375,false,0.127732
18373,39839,false,0.014795
18374,53288,false,0.145476
18375,21872,false,0.675197
18375,22767,false,0.466728
18375,35782,false,0.033651
18376,33406,false,0.52132
18376,49330,false,0.476346
18377,29061,false,0.985188
18377,56437,false,0.244955
18379,11153,false,0.240149
18379,14333,false,0.375545
18379,57643,false,0.387074
18380,23415,false,0.996018
18380,27929,false,0.905061
18380,28434,false,0.394723
18380,58046,false,0.624027
18384,11456,false,0.354283
18384,41378,false,0.463477
18385,13049,false,0.386673
18385,28920,false,0.521891
18386,40063,false,0.350234
18387,58019,false,0.395098
18388,15514,false,0.204758
18388,40230,false,0.365517
18388,41757,false,0.762014
18389,16834,false,0.128874
18389,24381,false,0.629738
18389,45228,false,0.135404
18390,19277,false,1.020718
18391,12369,false,0.591437
18391,16970,false,0.316608
18391,58084,false,0.248662
18391,58372,false,0.300199
18392,44445,false,0.470691
18392,59841,false,0.963749
18393,33448,false,0.253097
18393,36659,false,0.432834
18394,29558,false,0.875166
18394,46393,false,0.375055
18394,53506,false,0.914684
18395,16886,false,0.643536
18395,26551,false,0.243786
18395,38357,false,0.23931
18396,24119,false,0.469271
18397,12925,false,0.238997
18397,32572,false,0.261765
18397,46225,false,0.968479
18397,56526,false,0.047145
18398,31099,false,0.008565
18398,38453,false,0.509374
18398,40243,false,0.629033
18399,15428,false,0.72536
18399,18714,false,0.476652
18400,37740,false,0.014014
18400,41635,false,0.466574
18400,48749,false,0.781332
18401,12337,false,0.761599
18401,18893,false,0.937348
18402,31006,false,0.182964
18402,40995,false,0.319239
18402,45291,false,0.036735
18403,41188,false,0.259045
18403,42472,false,0.295103
18404,16104,false,0.042557
18404,30843,false,0.778267
18404,36741,false,0.657473
18404,57314,false,1.025432
18405,13476,false,0.903728
18405,17301,false,0.098128
18406,12921,false,0.351467
18406,52114,false,0.125486
18407,14442,false,0.957459
18407,38019,false,0.970724
18408,19904,false,0.33096
18408,40801,false,0.81658
18408,59018,false,0.500649
18409,43527,false,0.691807
18409,44560,false,0.375852
18410,43750,false,0.282787
18410,48776,false,0.832276
18410,50649,false,0.533513
18411,13512,false,0.352372
18411,54111,false,0.77214
18412,46448,false,0.128746
18413,54857,false,0.538256
18413,57670,false,0.99552
18414,13101,false,0.586291
18414,36666,false,0.872447
18415,19268,false,0.513302
18415,24699,false,0.062231
18415,49621,false,0.344534
18415,58684,false,0.023293
18417,24188,false,0.194913
18417,56498,false,0.549466
18418,10621,false,0.80455
18418,25246,false,0.842653
18419,34220,false,0.604997
18419,35251,false,0.01661
18419,35805,false,0.615369
18419,58532,false,0.994566
18420,47055,false,0.370199
18421,40669,false,0.631068
18422,55766,false,0.364004
18423,48129,false,0.038324
18423,59338,false,0.743556
18424,29063,false,0.01091
18424,37292,false,0.824866
18425,12653,false,0.266349
18426,22243,false,0.470784
18426,51848,false,0.073982
18427,20722,false,0.088758
18427,24311,false,1.005589
18427,32236,false,0.220097
18428,24838,false,0.230597
18428,55053,false,0.663888
18428,58965,false,0.888105
18429,10311,false,0.443343
18429,29517,false,0.704131
18431,17707,false,0.219235
18432,19263,false,0.963435
18433,13469,false,0.881218
18433,16994,false,0.915697
18433,26679,false,0.687021
18433,28623,false,0.753571
18434,39613,false,0.603915
18435,43517,false,0.338019
18436,48894,false,0.745526
18437,14052,false,0.014993
18438,16973,false,0.442046
18438,37805,false,0.439424
18438,50913,false,0.648579
18440,50828,false,0.554465
18441,45090,false,0.04965
18441,57715,false,0.26466
18442,20181,false,0.550393
18442,53034,false,0.484543
18442,59321,false,0.090122
18443,24234,false,0.70882
18443,43694,false,0.132359
18443,53365,false,0.551364
18444,16242,false,0.36729
18444,52284,false,0.75037
18445,44597,false,0.808304
18446,18135,false,0.921268
18446,44907,false,0.203915
18447,27448,false,0.105699
18447,35741,false,0.267105
18447,49082,false,0.092065
18447,52023,false,0.378374
18448,33604,false,0.468837
18448,34893,false,0.987124
18448,41004,false,0.757165
18448,41649,false,0.076351
18448,46404,false,0.724473
18449,52586,false,0.110785
18450,27090,false,0.742279
18450,36063,false,0.649255
18451,54891,false,0.058505
18451,58135,false,0.215302
18452,42714,false,0.362425
18453,27401,false,0.264474
18453,46826,false,0.762852
18453,51979,false,0.728121
18453,56692,false,0.657695
18454,18409,false,0.123385
18455,25766,false,0.858957
18455,29829,false,0.799997
18456,10692,false,0.447036
18456,43979,false,0.022447
18457,54000,false,0.948355
18457,58089,false,0.303782
18458,18205,false,0.435937
18458,55439,false,0.847697
18458,58319,false,0.336727
18459,10944,false,0.812514
18459,33344,false,0.798165
18460,40604,false,0.658004
18460,46164,false,0.755095
18460,46952,false,0.005065
18461,51329,false,0.506562
18461,52340,false,0.2123
18462,28594,false,0.044477
18463,27724,false,0.104096
18463,47885,false,0.015784
18463,58850,false,0.281467
18464,24458,false,0.458445
18464,26207,false,1.35E-4
18464,26875,false,0.546362
18464,29420,false,0.401407
18465,4763,true,0.540633
18465,26199,false,0.895682
18465,53957,false,0.482832
18466,4183,true,0.927304
18466,4494,true,0.597765
18466,4569,true,0.410474
18466,39491,false,0.461242
18466,41741,false,0.893928
18466,55125,false,0.772243
18466,56104,false,0.437455
18466,56616,false,0.040665
18467,28579,false,0.850714
18467,33233,false,7.31E-4
18467,41454,false,0.096588
18468,33713,false,0.465564
18468,43053,false,0.139037
18468,46854,false,0.566758
18469,24609,false,0.025887
18469,35086,false,0.681917
18469,36959,false,0.774638
18469,43986,false,0.864069
18469,57389,false,0.947891
18470,27973,false,0.083407
18470,57415,false,0.135276
18471,19431,false,0.518148
18471,34858,false,0.408688
18471,44157,false,0.516666
18472,24605,false,0.052931
18472,34635,false,0.062963
18472,50224,false,1.015816
18473,4990,true,0.514926
18473,55977,false,0.412514
18475,22982,false,0.314711
18476,4437,true,0.036717
18476,21587,false,0.040834
18476,25078,false,0.394575
18476,41151,false,0.622376
18477,30991,false,0.328146
18477,47937,false,0.826471
18477,54899,false,0.53343
18478,26689,false,0.902074
18478,59166,false,0.28195
18479,15005,false,0.86006
18479,23428,false,0.420746
18479,27105,false,0.863615
18479,28614,false,0.089697
18480,17104,false,0.632927
18480,24999,false,0.689071
18480,56133,false,0.907257
18483,18309,false,1.007436
18483,40194,false,0.305823
18483,46753,false,0.864939
18484,33130,false,0.870592
18484,57082,false,0.778713
18486,21086,false,0.634277
18487,16522,false,0.434802
18487,28999,false,0.109434
18489,15422,false,0.940734
18489,22219,false,0.085798
18489,50509,false,0.127783
18491,29828,false,0.835398
18492,13427,false,0.224963
18492,13666,false,0.011212
18492,23527,false,0.137892
18492,45068,false,1.005358
18492,45590,false,0.303241
18493,20121,false,0.060276
18493,33541,false,0.619431
18494,15479,false,0.565106
18495,54837,false,0.326084
18495,59950,false,0.614787
18496,23529,false,0.749978
18496,33045,false,0.83471
18496,57405,false,0.501175
18497,35346,false,0.913166
18497,51487,false,0.09805
18498,19300,false,0.105449
18498,22241,false,0.709006
18498,33322,false,0.220545
18498,56689,false,0.731804
18499,42400,false,0.858906
18500,4080,true,0.957558
18500,20062,false,0.031157
18500,29820,false,0.584646
18500,45313,false,0.333615
18500,49512,false,0.488985
18501,4444,true,0.979559
18501,4956,true,0.253101
18501,4976,true,0.988557
18502,34794,false,0.901199
18502,36371,false,0.35385
18502,56349,false,0.316688
18504,4758,true,0.515308
18504,10738,false,0.542794
18504,22994,false,0.275244
18504,27056,false,0.448994
18504,27964,false,0.710969
18504,29642,false,0.123914
18504,44506,false,0.7198
18504,46195,false,0.669293
18504,55343,false,0.349062
18506,4782,true,0.945244
18506,46369,false,0.997193
18506,51094,false,0.115271
18507,4189,true,0.604566
18507,4695,true,0.156276
18507,12493,false,0.563997
18507,31499,false,0.919627
18507,34386,false,0.117977
18507,38032,false,0.586718
18507,55306,false,0.976027
18508,4228,true,0.927524
18508,4772,true,0.842066
18508,23493,false,0.453116
18508,34939,false,0.63005
18508,45592,false,0.290035
18508,52725,false,0.036478
18508,59454,false,0.642842
18509,41550,false,0.653687
18510,24110,false,0.780965
18511,17773,false,0.17012
18511,47408,false,0.867176
18511,53129,false,0.587501
18511,54579,false,0.455564
18512,4644,true,0.211255
18512,22867,false,0.256643
18512,51196,false,0.164304
18513,11300,false,0.559338
18513,11335,false,0.874633
18513,36543,false,0.904427
18513,40839,false,0.58047
18514,21340,false,0.839525
18515,18552,false,0.75428
18515,32338,false,0.37921
18515,43839,false,0.636303
18516,14622,false,0.9637
18516,17782,false,0.315821
18516,48739,false,0.172818
18516,52398,false,0.645727
18516,53277,false,0.106979
18517,25139,false,0.137025
18517,29407,false,0.541989
18517,49051,false,0.715939
18518,4717,true,0.032407
18518,23375,false,0.112656
18519,34035,false,0.851742
18519,51281,false,0.473308
18520,10019,false,0.300036
18520,10550,false,0.028174
18522,4549,true,0.890568
18522,13717,false,0.953817
18522,18817,false,0.652697
18522,37959,false,0.100175
18523,39085,false,0.471864
18523,41208,false,0.694493
18524,25922,false,0.122751
18524,47104,false,0.909595
18524,58563,false,0.790991
18525,25095,false,0.34685
18525,44253,false,0.833558
18525,51246,false,0.764761
18525,58382,false,0.378898
18526,21793,false,0.049583
18526,33464,false,0.41395
18526,33762,false,0.662886
18526,41925,false,0.040287
18527,4130,true,0.941731
18527,10063,false,0.087298
18527,19428,false,0.698695
18527,19915,false,0.004913
18527,30143,false,0.688668
18527,44058,false,0.239102
18528,30911,false,0.245185
18528,35488,false,0.921613
18528,39294,false,0.420042
18529,4073,true,0.70712
18529,42349,false,0.918717
18530,13072,false,0.872838
18530,26161,false,0.756
18530,37907,false,0.5944
18530,47593,false,0.982469
18531,22979,false,0.200161
18531,38512,false,0.989176
18531,47268,false,0.577835
18531,57744,false,0.258671
18532,44826,false,0.838282
18532,50156,false,0.379034
18532,54506,false,0.583405
18533,40169,false,0.151987
18535,13126,false,0.402804
18536,19007,false,0.552045
18536,35046,false,0.395749
18536,54071,false,0.204246
18537,29869,false,0.255102
18539,12351,false,0.337186
18540,59211,false,0.976208
18541,58015,false,0.225299
18541,58886,false,0.931273
18542,42499,false,0.156723
18542,49710,false,0.460149
18542,55472,false,0.865426
18542,58360,false,0.71644
18543,4823,true,0.095832
18543,15207,false,0.361774
18543,32869,false,0.286856
18543,47170,false,0.6175
18543,52428,false,0.611528
18544,22132,false,0.424215
18546,4092,true,0.921068
18546,15750,false,0.091213
18546,51454,false,0.898429
18546,59535,false,0.212834
18547,23540,false,0.169961
18547,29037,false,0.485327
18548,53490,false,0.098037
18550,21403,false,0.418594
18551,17310,false,0.910981
18551,21890,false,0.796192
18551,25481,false,0.978896
18551,26743,false,0.403032
18551,33753,false,0.700582
18552,35114,false,0.156999
18552,42642,false,0.821627
18553,53731,false,0.660235
18555,22714,false,0.920664
18555,58697,false,0.597455
18556,10114,false,0.610364
18556,49849,false,0.758665
18557,26553,false,0.87913
18557,26620,false,0.628419
18557,39660,false,0.523271
18557,44644,false,0.318131
18558,41296,false,0.707201
18558,44483,false,0.720612
18558,44829,false,0.847715
18558,48594,false,0.948116
18558,53135,false,0.816842
18559,15107,false,0.997245
18559,37396,false,0.438353
18559,58160,false,0.742476
18560,11785,false,0.655469
18561,23975,false,0.308707
18561,55161,false,0.594589
18562,32374,false,0.265406
18562,41976,false,0.765373
18562,51884,false,0.30594
18562,59151,false,0.471639
18563,48236,false,0.685571
18564,35513,false,0.322107
18564,59196,false,0.277511
18565,58435,false,0.791627
18566,4600,true,0.257451
18566,4931,true,0.961366
18566,25452,false,0.703349
18566,33812,false,0.451635
18566,47679,false,0.108672
18567,4513,true,0.654338
18567,12727,false,0.848869
18567,19532,false,0.126372
18568,4938,true,0.442699
18568,12067,false,0.239879
18568,58010,false,0.257237
18569,24222,false,0.550253
18570,19575,false,0.698013
18571,17344,false,0.660747
18571,41967,false,0.911048
18572,14528,false,0.27436
18573,32580,false,0.432497
18573,40628,false,0.566995
18573,51816,false,0.683948
18574,4396,true,0.569491
18574,27380,false,0.678123
18574,37114,false,0.958934
18574,49690,false,0.70589
18575,28235,false,0.39295
18575,44516,false,0.213577
18575,52080,false,0.437637
18576,37557,false,0.882716
18576,59017,false,0.231966
18577,15401,false,0.921204
18577,31047,false,0.292978
18577,33996,false,0.288367
18577,36237,false,0.839662
18577,37301,false,0.791934
18577,50461,false,0.366072
18578,36443,false,0.632206
18578,46736,false,0.803348
18579,17789,false,0.559636
18579,22618,false,0.119513
18580,15935,false,0.912676
18580,33531,false,0.599165
18580,47117,false,0.395953
18580,56908,false,0.326541
18582,4553,true,0.668148
18582,24231,false,0.339709
18583,34452,false,0.548636
18583,39262,false,0.681629
18583,52065,false,0.458265
18583,57628,false,0.014095
18583,57729,false,0.96034
18584,18279,false,0.66684
18584,18337,false,0.873056
18584,27772,false,0.784174
18584,42698,false,0.350261
18584,58408,false,0.222827
18585,43775,false,0.158486
18586,31771,false,0.908658
18586,36714,false,0.874018
18586,38959,false,0.851584
18586,48166,false,0.473985
18586,52031,false,0.043876
18587,11054,false,0.391046
18587,37707,false,0.784155
18588,27948,false,0.386664
18588,29391,false,0.535401
18590,37616,false,0.834982
18591,19354,false,0.580711
18591,35353,false,0.442525
18591,56025,false,0.660265
18592,13647,false,0.414143
18592,19831,false,0.678834
18592,27098,false,0.138164
18593,29456,false,0.646449
18594,41421,false,0.430383
18594,48467,false,0.237528
18595,32044,false,0.988108
18595,46739,false,0.239077
18595,47341,false,0.436796
18595,53810,false,0.009208
18596,30637,false,0.876589
18596,43696,false,0.109615
18597,24959,false,0.626535
18599,17211,false,0.919401
18600,58009,false,0.059366
18600,58744,false,0.079788
18601,32905,false,0.434089
18602,38179,false,0.283946
18603,23473,false,0.060205
18604,21770,false,0.819572
18604,29648,false,0.69701
18605,19406,false,1.001927
18606,21951,false,0.616375
18608,20982,false,0.793169
18608,40406,false,0.987765
18608,41349,false,0.743157
18608,53555,false,0.239701
18610,10418,false,0.063759
18610,13367,false,0.046406
18610,46399,false,0.954548
18610,57483,false,0.653229
18610,58201,false,1.012111
18610,58389,false,0.083751
18611,19470,false,0.110064
18611,25636,false,0.566739
18611,55469,false,0.865389
18612,30578,false,0.321138
18612,53816,false,0.389751
18613,21206,false,0.002599
18613,25611,false,0.951782
18613,26965,false,0.958051
18614,4070,true,0.056899
18614,4966,true,0.330928
18614,20108,false,0.867835
18614,39630,false,0.568386
18615,55205,false,0.751698
18615,59695,false,0.696965
18616,40666,false,0.21238
18617,4638,true,0.303218
18617,17126,false,0.082637
18617,25977,false,0.302024
18617,30404,false,0.192892
18617,36239,false,0.621006
18617,53144,false,0.041606
18618,4409,true,0.337471
18618,29755,false,0.16624
18618,30285,false,0.943573
18618,53080,false,0.028617
18620,15880,false,0.015577
18621,51695,false,0.894266
18622,4054,true,0.792526
18622,4853,true,0.736415
18622,54688,false,0.796244
18622,57757,false,0.712211
18623,14006,false,0.622486
18623,45233,false,0.166804
18623,53485,false,0.227975
18624,4060,true,0.055024
18624,39551,false,0.035527
18625,4704,true,0.460487
18625,10393,false,0.408891
18625,13004,false,0.065459
18625,36868,false,0.015822
18625,44369,false,0.224294
18625,58281,false,0.13407
18625,59385,false,0.646157
18626,12595,false,0.215438
18626,31842,false,0.615014
18627,4905,true,0.118352
18627,31403,false,0.170169
18627,40720,false,0.093748
18628,12269,false,0.163225
18629,15419,false,0.633798
18629,22284,false,0.35545
18629,44262,false,0.726382
18629,49345,false,0.756219
18630,36554,false,0.891546
18630,55416,false,0.672341
18631,15800,false,0.436127
18631,27129,false,0.579183
18631,59755,false,0.818317
18632,17829,false,0.640801
18632,47012,false,0.344628
18633,37146,false,0.770245
18633,42352,false,0.851326
18633,57814,false,0.776969
18634,19321,false,0.878264
18635,17833,false,0.314469
18635,24556,false,0.951313
18635,35148,false,0.187025
18635,37931,false,0.921418
18635,41076,false,0.16561
18636,59068,false,0.818785
18636,59666,false,0.609344
18637,28772,false,0.355762
18637,28978,false,0.023178
18638,27135,false,0.374129
18639,17863,false,0.326905
18640,18120,false,0.900047
18640,21912,false,0.626051
18640,37068,false,0.331137
18641,55367,false,0.860884
18642,10458,false,0.824845
18642,58145,false,0.545865
18644,44786,false,0.079256
18644,47086,false,0.035368
18644,52547,false,0.512162
18645,11682,false,0.820336
18645,23391,false,0.108214
18645,38732,false,0.861796
18645,55097,false,0.938237
18646,18730,false,0.81694
18646,19054,false,0.442718
18646,55954,false,0.473968
18647,23669,false,0.700393
18648,21383,false,0.065445
18648,29686,false,0.823624
18648,32023,false,0.800658
18648,34532,false,0.08557
18648,59591,false,0.252737
18649,41555,false,0.964639
18649,58129,false,0.262756
18650,4286,true,0.319872
18650,57595,false,0.182074
18651,4299,true,0.76696
18651,4368,true,0.678566
18652,25796,false,0.56045
18652,34117,false,0.022653
18652,37752,false,0.176033
18653,12731,false,0.764988
18653,40278,false,0.492904
18654,24839,false,0.687256
18654,42534,false,0.363268
18655,11532,false,0.698036
18655,40924,false,0.650061
18656,32868,false,0.285927
18657,4789,true,0.1611
18657,16935,false,0.370599
18657,22658,false,0.140354
18657,57051,false,0.130451
18658,14734,false,0.727342
18658,15735,false,0.63913
18658,28215,false,0.839808
18658,31270,false,0.713012
18658,35068,false,0.354856
18658,38130,false,0.658243
18658,47973,false,0.92979
18659,54068,false,0.834257
18661,44627,false,0.939975
18661,50290,false,0.465052
18662,29753,false,0.120434
18662,39008,false,0.591933
18662,43866,false,0.864673
18663,17746,false,0.779675
18663,23553,false,0.520183
18663,31278,false,0.014138
18663,57167,false,0.137387
18664,16571,false,0.962961
18664,16896,false,0.063281
18664,18599,false,0.419765
18664,37181,false,0.943907
18665,37345,false,0.076159
18666,17695,false,0.030717
18667,35446,false,0.781675
18668,23138,false,0.095349
18668,37093,false,0.83556
18669,25952,false,0.701805
18669,29150,false,0.043438
18669,45242,false,0.071885
18670,48100,false,0.420182
18671,16725,false,0.709597
18671,46092,false,0.779863
18672,4588,true,0.782118
18672,25688,false,0.713836
18672,40487,false,0.022892
18672,51730,false,0.315838
18673,10586,false,0.50728
18673,28803,false,0.415926
18674,4064,true,0.780891
18674,23977,false,0.309855
18674,30080,false,0.661268
18674,52110,false,0.048582
18675,38061,false,0.882299
18675,38586,false,0.680719
18676,46387,false,0.652798
18677,4431,true,0.11427
18677,33351,false,0.827891
18677,43007,false,0.326575
18677,52222,false,0.363619
18677,58611,false,0.341982
18678,26341,false,0.025826
18678,54707,false,0.564719
18679,55554,false,0.604493
18680,31333,false,0.95861
18680,42780,false,0.536596
18681,10760,false,0.32931
18681,17134,false,0.843362
18681,26451,false,0.578338
18682,10748,false,0.536581
18682,43578,false,0.691816
18683,24225,false,0.689346
18683,42791,false,0.327597
18684,28144,false,0.900054
18684,36345,false,0.186147
18684,51622,false,0.042833
18686,21545,false,0.731771
18686,34156,false,0.46457
18687,29415,false,0.757534
18688,27676,false,0.416542
18688,50228,false,0.041321
18689,13363,false,0.881885
18689,23984,false,0.810031
18689,46849,false,0.833673
18689,56341,false,0.022893
18691,4141,true,0.199468
18691,45586,false,0.631284
18692,4727,true,0.270458
18692,58954,false,0.05841
18693,36647,false,0.303472
18693,49178,false,0.682908
18693,55931,false,0.459893
18694,11047,false,0.857382
18694,12189,false,0.145915
18694,29742,false,0.214426
18694,44173,false,0.046534
18694,53655,false,0.042656
18696,39771,false,0.386478
18696,46090,false,0.639827
18696,47446,false,0.925252
18697,21942,false,0.561484
18697,22996,false,0.446502
18697,30318,false,0.941646
18697,59706,false,0.653814
18698,12035,false,0.647956
18698,15136,false,0.408099
18698,59928,false,0.747009
18699,34473,false,0.999133
18699,34963,false,0.138927
18699,54262,false,0.094499
18700,42557,false,0.628453
18700,46165,false,0.859787
18701,12964,false,0.973161
18701,20819,false,0.861604
18702,22647,false,0.644067
18702,51773,false,0.59843
18702,59644,false,0.054701
18703,33275,false,0.445157
18704,4901,true,0.050602
18704,41443,false,0.766401
18704,44419,false,0.160018
18704,56514,false,0.974321
18705,4900,true,0.112709
18705,31886,false,0.655258
18706,4776,true,0.935894
18706,33663,false,0.036018
18706,33821,false,0.765931
18707,13297,false,0.48324
18707,20710,false,0.308754
18707,57861,false,0.534841
18708,4560,true,0.322067
18708,23595,false,0.402905
18708,27707,false,0.087244
18708,54342,false,0.177192
18709,4099,true,0.773994
18709,12381,false,0.560659
18710,4191,true,0.411642
18710,4497,true,0.443053
18710,26383,false,0.965379
18710,29924,false,0.530777
18710,30538,false,0.702443
18713,24711,false,0.970368
18713,38681,false,0.733045
18713,49339,false,0.514233
18714,18096,false,0.49805
18714,36415,false,0.878577
18714,38764,false,0.628191
18714,43756,false,0.12852
18714,54114,false,0.014043
18714,56475,false,0.868253
18715,4451,true,0.567983
18715,22278,false,0.336406
18715,52482,false,0.699136
18716,27996,false,0.864977
18716,36588,false,0.565155
18718,15143,false,0.002106
18718,50545,false,0.274866
18718,50965,false,0.960007
18718,55098,false,0.801362
18719,32400,false,0.457586
18720,40267,false,0.788588
18721,36483,false,0.478939
18722,37054,false,0.80782
18722,43280,false,0.334944
18723,4231,true,0.215555
18723,4949,true,0.35083
18723,26015,false,0.231916
18723,29881,false,0.133591
18723,45003,false,0.474179
18723,45957,false,0.928005
18724,4026,true,0.895554
18724,35889,false,0.600706
18724,50235,false,0.938582
18724,56399,false,0.493983
18724,56624,false,0.346051
18725,11705,false,0.441861
18725,19556,false,0.602049
18725,28111,false,0.848844
18726,23170,false,0.42148
18727,36162,false,0.457641
18727,52385,false,0.188899
18727,56896,false,0.401679
18728,46859,false,0.98831
18728,52038,false,0.277921
18728,58099,false,0.081297
18729,32035,false,0.230722
18729,35461,false,0.899463
18729,49780,false,0.856003
18729,58845,false,0.160779
18730,15939,false,0.511244
18730,29381,false,0.2683
18731,39163,false,0.558858
18733,43023,false,0.914767
18733,56698,false,0.159542
18735,27863,false,0.666795
18735,35912,false,0.407524
18736,28327,false,0.115819
18736,30580,false,0.421413
18736,36093,false,0.536298
18737,11530,false,0.833977
18737,16911,false,0.288181
18737,42073,false,0.698777
18738,14271,false,0.027244
18738,57063,false,0.734555
18739,40207,false,0.52162
18739,42132,false,0.921902
18740,54568,false,0.441498
18741,41084,false,0.992297
18741,50619,false,0.358703
18741,57942,false,0.536514
18743,30959,false,0.610079
18743,32599,false,0.751841
18743,50962,false,0.393945
18743,51389,false,0.935855
18744,26807,false,0.31803
18744,27745,false,0.67575
18745,35863,false,0.127862
18746,25074,false,0.263547
18746,49655,false,0.508824
18747,17520,false,0.750208
18747,44482,false,0.788579
18748,10003,false,0.580441
18748,27434,false,0.355773
18748,30572,false,0.882042
18748,58569,false,0.218601
18749,15334,false,0.743446
18749,27522,false,0.482081
18750,11759,false,0.818355
18750,16889,false,0.908523
18750,18125,false,0.10984
18750,30638,false,0.555132
18750,38956,false,0.005926
18750,42659,false,0.361115
18751,36801,false,0.993988
18752,17827,false,0.83131
18752,40294,false,0.335299
18752,49756,false,0.183878
18753,20500,false,0.900974
18754,29659,false,0.29472
18754,35001,false,0.385046
18754,43571,false,0.870003
18754,53800,false,0.437641
18755,36333,false,0.346609
18755,41106,false,0.973542
18756,11036,false,0.888772
18756,31444,false,0.924149
18756,46050,false,0.92085
18757,19633,false,0.538634
18757,27340,false,0.056218
18757,30038,false,0.9702
18757,44792,false,0.450805
18759,25676,false,0.48969
18759,57551,false,0.701903
18760,15009,false,0.453388
18761,4598,true,0.129517
18761,13323,false,0.10207
18761,14567,false,0.918622
18762,17861,false,0.66489
18762,19016,false,0.731174
18762,32601,false,0.417806
18763,4606,true,0.381675
18763,12467,false,0.573574
18763,22460,false,0.565121
18764,22614,false,0.720821
18764,34857,false,0.485153
18764,56639,false,0.734421
18765,40456,false,0.112938
18767,49357,false,0.347853
18767,57150,false,0.489249
18769,25534,false,0.97835
18769,45772,false,0.691993
18771,14460,false,0.646379
18771,15306,false,0.643886
18771,17937,false,0.423781
18771,31768,false,0.911152
18771,40495,false,0.681509
18771,46017,false,0.264263
18772,25341,false,0.741783
18772,43132,false,0.427311
18772,47960,false,0.701722
18772,51301,false,0.324135
18772,56267,false,0.341855
18773,25426,false,0.476259
18773,28731,false,0.301396
18774,11012,false,0.354361
18774,40125,false,0.046256
18774,40977,false,0.645833
18775,4770,true,0.317421
18775,4988,true,0.929503
18775,29909,false,0.173415
18775,41904,false,0.898714
18775,47476,false,0.632037
18775,53716,false,0.050853
18776,11003,false,0.874165
18776,43205,false,0.260063
18777,12244,false,0.124889
18777,22254,false,0.933894
18777,52620,false,0.664445
18778,21610,false,0.432383
18778,41591,false,0.86641
18779,12197,false,0.882802
18779,50595,false,0.880642
18780,20740,false,0.989422
18780,28170,false,0.62056
18781,16842,false,0.998412
18781,24477,false,0.543895
18781,29610,false,0.291251
18781,45694,false,0.638221
18782,54632,false,0.084106
18784,38434,false,0.600325
18784,40540,false,0.137525
18785,4640,true,0.450858
18785,13299,false,0.726847
18785,54721,false,0.378762
18786,50865,false,0.223201
18786,54191,false,0.327714
18787,18639,false,0.517948
18787,21193,false,0.188802
18789,46332,false,0.273788
18789,51181,false,0.741515
18790,33700,false,0.690432
18791,34212,false,0.828289
18791,49731,false,0.86581
18792,13809,false,0.715217
18792,43243,false,0.141634
18793,56381,false,0.697066
18794,33841,false,0.213009
18794,50398,false,0.22712
18795,40961,false,0.610619
18795,44822,false,0.938661
18796,52027,false,0.470211
18796,57771,false,0.741742
18798,4590,true,0.20226
18798,22617,false,0.363174
18798,23714,false,0.912999
18798,29819,false,0.98259
18798,48574,false,0.568476
18800,29861,false,0.555431
18800,54705,false,0.18096
18800,57451,false,0.580784
18801,29785,false,0.745672
18801,48786,false,0.863016
18801,51490,false,0.748527
18802,21497,false,0.725927
18802,52049,false,0.334254
18802,55256,false,0.752114
18803,4470,true,0.019522
18803,49464,false,0.070932
18804,4899,true,0.219854
18804,12007,false,0.22179
18804,27565,false,0.641107
18804,41303,false,0.854163
18805,12232,false,0.220695
18805,35507,false,0.581943
18805,36408,false,0.878578
18805,41822,false,0.331101
18805,45901,false,0.006487
18805,47031,false,0.664331
18806,54565,false,0.808911
18806,54791,false,0.712963
18807,4022,true,0.261001
18807,4086,true,0.242777
18807,4212,true,0.932058
18807,4579,true,0.572431
18807,17657,false,0.772956
18807,21368,false,0.776648
18807,52562,false,0.948118
18808,25924,false,0.83227
18808,31458,false,0.475183
18808,53246,false,0.302056
18808,58566,false,0.935934
18809,14842,false,0.433733
18810,39532,false,0.035707
18811,45064,false,0.566486
18812,18831,false,0.785949
18812,34624,false,0.167603
18812,35816,false,0.762434
18813,20857,false,0.745142
18813,28714,false,0.740455
18814,22631,false,0.5859
18814,51965,false,0.931297
18814,54147,false,0.74024
18815,4492,true,0.363337
18815,12156,false,0.926109
18815,28867,false,0.398904
18815,55772,false,0.450897
18817,16950,false,0.09618
18817,33675,false,0.130021
18817,35530,false,0.431964
18817,38073,false,0.54748
18817,47401,false,0.322127
18818,23748,false,0.94422
18818,30785,false,0.664117
18818,32145,false,0.781877
18818,34878,false,0.488285
18819,18085,false,0.90336
18819,23870,false,0.790839
18819,56864,false,0.268921
18819,57766,false,0.50008
18820,29984,false,0.534079
18820,45845,false,0.863776
18820,50350,false,0.476445
18821,37835,false,0.948806
18821,39311,false,0.330907
18821,42437,false,0.342432
18821,48981,false,0.808448
18822,46213,false,0.577203
18822,53486,false,0.631396
18823,10450,false,0.089009
18823,19378,false,0.321257
18823,38749,false,0.001894
18823,57367,false,0.147639
18824,19090,false,0.0051
18824,54112,false,0.496334
18825,15664,false,0.309513
18825,18435,false,0.251137
18825,39614,false,0.190485
18825,42467,false,0.777373
18826,23482,false,0.018957
18828,19491,false,0.691725
18828,47457,false,0.756117
18828,48151,false,0.51655
18829,51574,false,0.373269
18830,47299,false,0.049217
18830,48521,false,0.102855
18830,49456,false,0.128784
18830,49667,false,0.648226
18831,17343,false,0.740063
18831,58493,false,0.597363
18833,10953,false,0.943391
18833,51353,false,0.859143
18834,14296,false,0.641266
18834,16604,false,0.05006
18834,19013,false,0.334491
18834,20182,false,0.479951
18834,22152,false,0.179424
18834,36272,false,0.758241
18834,42454,false,0.047866
18834,48040,false,0.932891
18834,55703,false,0.667379
18834,56665,false,0.243147
18834,59054,false,0.102457
18835,54477,false,0.130938
18836,14552,false,0.644854
18836,20420,false,0.409598
18837,10366,false,0.669042
18837,21238,false,0.635431
18838,45528,false,0.427766
18839,4476,true,0.832849
18839,4948,true,0.241893
18839,30740,false,0.325102
18839,47397,false,0.915533
18839,59855,false,0.946697
18840,4673,true,0.12497
18840,26111,false,0.718823
18840,31299,false,0.549025
18840,34993,false,0.008073
18841,29858,false,0.553768
18841,33582,false,0.28266
18841,38044,false,0.942073
18842,20414,false,0.241695
18842,34489,false,0.462582
18842,38916,false,0.377387
18843,4965,true,0.396376
18843,27876,false,0.491931
18843,51293,false,0.189341
18843,52230,false,0.387729
18844,4825,true,0.36156
18844,25055,false,0.243264
18844,44081,false,0.143593
18844,57694,false,0.285627
18845,53940,false,0.922168
18846,12678,false,0.663276
18846,32383,false,0.442795
18846,35409,false,0.237201
18847,19083,false,0.106948
18848,21755,false,0.230311
18848,24220,false,0.536475
18849,15081,false,0.847604
18849,24666,false,0.346338
18849,56712,false,0.122897
18851,19608,false,0.613639
18851,21549,false,0.187954
18851,26165,false,0.981893
18851,47636,false,0.185229
18851,58459,false,0.005825
18852,15545,false,0.577852
18852,45749,false,0.01849
18852,52989,false,0.648532
18853,29121,false,0.848206
18854,51302,false,0.992217
18854,57083,false,0.884124
18855,26968,false,0.051724
18855,58271,false,0.181393
18856,20949,false,0.223959
18857,27292,false,0.818742
18857,48912,false,0.434699
18858,49787,false,0.111556
18859,22958,false,0.85478
18860,30269,false,0.782864
18860,56785,false,0.991608
18861,20029,false,0.382033
18861,35701,false,0.721223
18861,53805,false,1.0118
18862,12578,false,1.007188
18862,13574,false,0.205098
18862,18066,false,0.439967
18862,31723,false,0.153238
18862,46146,false,0.434101
18862,47998,false,0.853984
18864,27207,false,0.84769
18864,52355,false,0.59596
18866,4510,true,0.25868
18866,26228,false,0.956544
18866,28522,false,0.385411
18866,42865,false,0.658693
18867,4422,true,0.814424
18867,38295,false,0.876025
18868,56034,false,0.093837
18869,37124,false,0.317076
18870,23305,false,0.651541
18870,27918,false,0.880367
18870,35398,false,0.300256
18870,48309,false,0.986214
18871,27839,false,0.013821
18871,30204,false,0.27677
18871,37982,false,0.803639
18871,50203,false,0.898135
18872,34871,false,0.868646
18872,40198,false,0.266913
18873,50041,false,0.917483
18876,17446,false,0.607402
18876,26737,false,0.585462
18876,44331,false,0.685341
18876,48609,false,0.922159
18877,36040,false,0.931935
18878,20700,false,0.511128
18878,21987,false,0.258496
18878,51934,false,0.7164
18878,54421,false,0.614327
18879,15960,false,0.474495
18879,18574,false,0.243489
18879,19544,false,0.182673
18880,35875,false,0.50058
18880,57447,false,0.72237
18880,59331,false,0.341383
18881,16350,false,0.378198
18881,16437,false,0.901918
18881,21791,false,0.276139
18881,48026,false,0.503003
18882,11845,false,0.157077
18882,21501,false,0.334646
18882,31902,false,0.037083
18882,44969,false,0.523881
18882,57481,false,0.723013
18883,24269,false,0.132586
18883,33058,false,0.802665
18884,29313,false,0.241155
18884,40815,false,0.46481
18885,16906,false,0.513255
18885,23426,false,0.710509
18885,55355,false,0.49281
18886,17332,false,0.926045
18886,22660,false,0.760805
18886,25868,false,0.956892
18887,25221,false,0.80433
18887,35676,false,0.322398
18887,56539,false,0.649458
18889,42553,false,0.233776
18890,4173,true,0.049834
18890,4636,true,0.725385
18890,19472,false,0.222208
18890,27237,false,0.012979
18891,18121,false,0.622277
18892,42183,false,0.200676
18893,26710,false,0.999389
18893,28540,false,0.34894
18893,33528,false,0.424687
18894,4511,true,0.661359
18894,46247,false,0.080557
18894,55408,false,0.519378
18895,11164,false,0.470424
18895,32204,false,0.242326
18895,35123,false,0.974985
18895,37848,false,0.923779
18896,24152,false,0.742558
18896,32717,false,0.847625
18896,48913,false,0.34545
18897,27322,false,0.213676
18897,35474,false,0.385608
18897,44134,false,0.377921
18898,50016,false,1.031529
18900,20174,false,0.142224
18900,58091,false,0.418989
18901,31993,false,0.315624
18901,38884,false,0.341679
18901,44571,false,0.83999
18902,31176,false,0.218587
18902,35260,false,0.461139
18902,44131,false,0.408441
18902,57054,false,0.36196
18903,16716,false,0.880905
18903,38114,false,0.036833
18904,35338,false,0.378471
18905,24328,false,0.732366
18905,30562,false,0.402379
18906,45153,false,0.564072
18907,16940,false,0.757265
18907,24862,false,0.755925
18907,25579,false,0.275597
18908,19739,false,0.817989
18908,23967,false,0.984156
18908,36442,false,0.254263
18908,38481,false,0.939064
18909,21365,false,0.818069
18910,18819,false,0.059573
18910,50356,false,0.807572
18911,21077,false,0.050809
18911,46255,false,0.892227
18912,19463,false,0.953587
18912,24226,false,0.309131
18912,53470,false,0.758207
18913,37168,false,0.16954
18913,40212,false,0.123675
18915,44836,false,0.68043
18916,31108,false,0.570331
18916,42639,false,0.499561
18916,59749,false,0.275441
18917,11583,false,0.762191
18917,16048,false,0.872776
18917,29608,false,0.698464
18918,40246,false,0.184185
18918,43155,false,0.397422
18918,53196,false,0.348529
18919,32381,false,0.812801
18919,35674,false,0.128871
18919,52459,false,0.920441
18920,21357,false,0.290245
18920,31907,false,0.805206
18920,38763,false,0.131807
18920,39186,false,0.463076
18920,54208,false,0.505152
18921,18553,false,0.855544
18921,24476,false,0.876993
18921,42896,false,0.796144
18922,29707,false,0.151761
18922,37149,false,0.585543
18923,13008,false,0.436236
18923,39698,false,0.79977
18923,42741,false,0.171204
18923,54222,false,0.227494
18924,18076,false,0.31457
18924,31238,false,0.802129
18925,15629,false,0.760931
18925,18702,false,0.788809
18925,27545,false,0.470991
18925,50167,false,0.819004
18925,55455,false,0.246087
18926,36703,false,0.047024
18926,45489,false,0.155486
18927,38595,false,0.552868
18927,57976,false,0.239452
18928,4856,true,0.822676
18928,20830,false,0.088979
18928,49805,false,0.666133
18929,19535,false,0.144299
18929,56989,false,0.532829
18930,4979,true,0.492381
18930,14033,false,0.365064
18930,46306,false,0.986752
18931,4779,true,0.001252
18931,20262,false,0.310829
18931,41319,false,0.912782
18931,46157,false,0.385779
18932,4262,true,0.681354
18932,4680,true,0.012144
18932,16544,false,0.325222
18932,25542,false,0.967094
18932,49286,false,0.180364
18932,57267,false,0.337188
18932,58622,false,0.447461
18933,31980,false,0.58218
18933,42512,false,0.46348
18933,45539,false,0.83645
18933,51839,false,0.479819
18933,54157,false,0.554091
18934,11524,false,0.4679
18934,21259,false,0.176136
18934,30754,false,0.331919
18934,59398,false,0.072034
18935,21580,false,0.849787
18935,51152,false,0.770955
18936,11499,false,0.055725
18936,55248,false,0.908151
18937,27549,false,0.724847
18937,50654,false,0.444872
18938,58738,false,0.638353
18939,4617,true,0.254842
18939,32020,false,0.596577
18939,34362,false,0.073096
18940,50182,false,0.606818
18941,49283,false,0.127395
18941,55350,false,0.233992
18942,52594,false,0.777347
18943,16102,false,0.989818
18943,18053,false,0.458144
18943,22274,false,0.468714
18943,29556,false,0.973111
18944,36574,false,0.856287
18944,47540,false,0.928667
18944,55569,false,0.990579
18945,36141,false,0.992415
18945,56235,false,0.129686
18946,27101,false,0.903576
18946,31343,false,0.385402
18946,44228,false,0.935495
18946,50437,false,0.553501
18948,35836,false,0.142683
18948,56815,false,0.183113
18949,17144,false,0.29575
18949,25473,false,0.985407
18949,59122,false,0.275485
18950,16872,false,0.554235
18950,29614,false,0.401286
18950,58923,false,0.972205
18951,12647,false,0.457931
18951,19182,false,0.963246
18951,25973,false,0.257413
18952,25745,false,0.331207
18952,37690,false,0.281366
18953,4416,true,0.192743
18953,4984,true,0.50844
18953,10470,false,1.015106
18953,14066,false,0.993699
18953,28923,false,0.36361
18953,31275,false,0.025325
18954,4307,true,0.657949
18954,4400,true,0.418526
18954,29681,false,0.9437
18954,30963,false,0.155389
18954,51233,false,0.799238
18955,4939,true,0.397591
18955,20836,false,0.616994
18955,37880,false,0.638419
18956,4215,true,0.388552
18956,18906,false,0.957838
18956,31306,false,0.202627
18956,35499,false,0.971267
18956,52253,false,0.540996
18957,29985,false,0.570336
18958,29352,false,0.153906
18958,57117,false,0.057948
18959,4750,true,0.304247
18959,25705,false,0.783668
18959,44062,false,0.96875
18959,55759,false,0.444433
18959,57845,false,0.989603
18960,15869,false,0.330289
18961,42988,false,0.488596
18961,45999,false,0.061488
18961,48781,false,0.54555
18961,50056,false,0.916224
18961,51707,false,0.618983
18962,32368,false,0.632326
18962,41465,false,0.073698
18963,18653,false,0.524946
18964,52694,false,0.216047
18965,31602,false,0.868752
18965,37921,false,0.759501
18965,38849,false,0.975496
18966,26662,false,0.865673
18966,44578,false,0.39129
18966,52648,false,0.590343
18968,14186,false,0.21841
18968,15527,false,0.760837
18969,4468,true,1.011299
18969,28816,false,0.066779
18969,44945,false,1.014661
18970,12706,false,0.791366
18970,14102,false,0.914771
18970,20327,false,0.455992
18970,27937,false,0.57174
18970,45966,false,0.942195
18971,27978,false,0.415048
18971,59222,false,0.246293
18972,10362,false,0.487182
18972,31756,false,0.494737
18972,36866,false,0.485587
18972,40588,false,0.835797
18973,29857,false,0.911376
18973,46927,false,0.695747
18973,55324,false,0.798452
18973,58007,false,0.002705
18974,28095,false,0.999668
18974,54187,false,0.897918
18974,59224,false,0.918404
18975,31960,false,0.331696
18975,50076,false,0.567382
18976,11955,false,0.841699
18976,17800,false,0.338128
18976,32502,false,0.939741
18976,40117,false,0.931973
18976,55490,false,0.258901
18977,33781,false,0.249283
18977,50894,false,0.598016
18977,53677,false,0.469067
18978,4840,true,0.015533
18978,37130,false,0.25119
18978,41169,false,0.557982
18979,4009,true,0.523232
18979,4351,true,0.4162
18979,13582,false,0.920815
18979,22374,false,0.854607
18979,38621,false,0.517892
18981,35735,false,0.04095
18981,36735,false,0.047384
18981,54101,false,0.764896
18982,11734,false,0.901828
18982,13936,false,0.298913
18983,29218,false,0.609446
18983,35667,false,0.694643
18983,45985,false,0.148964
18983,51291,false,0.8199
18984,10455,false,0.042131
18984,35523,false,0.248907
18984,52119,false,0.916224
18984,55826,false,0.643418
18985,49816,false,0.945701
18985,49949,false,0.093023
18986,4242,true,0.669328
18986,32371,false,0.334706
18986,38159,false,0.893719
18986,54485,false,0.140275
18986,55738,false,0.97429
18986,55851,false,0.721408
18987,10288,false,0.80366
18987,17436,false,0.087105
18987,24472,false,0.687609
18987,43755,false,0.240082
18987,51750,false,0.673749
18988,31573,false,0.372866
18988,48969,false,0.883126
18988,54481,false,0.61402
18988,55629,false,0.824159
18988,58600,false,0.810062
18989,12878,false,0.669173
18989,57973,false,0.802584
18989,59527,false,0.329766
18990,18761,false,0.805988
18990,20398,false,0.40507
18990,35865,false,0.546272
18991,14942,false,0.45224
18992,51863,false,0.475259
18993,12603,false,0.154156
18993,27258,false,0.575929
18993,59900,false,0.094182
18994,11031,false,0.052053
18994,15835,false,0.37583
18994,56605,false,0.258233
18995,24765,false,0.100917
18996,10478,false,0.480203
18996,11274,false,0.06759
18998,50876,false,0.392783
18999,15955,false,0.45814
18999,40869,false,0.472275
19000,30608,false,0.00524
19000,33649,false,0.669804
19000,44886,false,0.043368
19001,4015,true,0.98509
19001,13811,false,0.743786
19001,43730,false,0.489602
19002,34270,false,0.134699
19003,14701,false,0.389679
19004,16424,false,0.490819
19004,21417,false,0.398549
19004,51232,false,0.47769
19004,53318,false,0.628847
19004,57006,false,0.153888
19005,26763,false,0.902228
19005,43871,false,0.348204
19005,50801,false,0.413415
19006,20394,false,0.470231
19006,23349,false,0.933087
19006,28860,false,0.748914
19006,39428,false,0.460146
19006,53634,false,0.757519
19007,39275,false,0.856779
19008,19041,false,0.73052
19008,20890,false,0.643113
19008,26966,false,0.37241
19008,31548,false,0.293495
19008,37062,false,0.285798
19009,18195,false,0.940168
19009,31453,false,0.099434
19009,39426,false,0.979495
19009,49266,false,0.353584
19009,54151,false,0.478885
19010,20452,false,0.654593
19010,43293,false,0.661987
19011,4185,true,0.297772
19011,13549,false,0.055049
19011,16628,false,0.308952
19011,16650,false,0.913176
19011,28043,false,0.101979
19012,4674,true,0.341185
19013,21507,false,0.823315
19014,28326,false,0.563324
19015,16745,false,0.352547
19015,27605,false,0.220433
19015,34959,false,0.716122
19015,36520,false,0.361745
19015,51155,false,0.693662
19015,52035,false,0.178573
19016,19578,false,0.529638
19016,19889,false,0.097339
19016,20162,false,0.431403
19016,26253,false,0.757193
19017,17801,false,0.663662
19018,49847,false,0.979981
19019,4325,true,0.245468
19019,12318,false,0.398904
19019,26336,false,0.981591
19019,38510,false,0.190524
19019,44683,false,0.289612
19019,50399,false,0.689046
19021,4232,true,0.58479
19021,4447,true,0.804481
19021,10646,false,0.55884
19021,14166,false,0.294999
19021,36252,false,0.200308
19021,55704,false,1.00141
19022,22671,false,0.764481
19022,24118,false,0.808726
19022,28939,false,0.25517
19022,39676,false,0.691409
19023,13310,false,0.286461
19023,31142,false,0.162287
19023,52304,false,0.014501
19024,45121,false,0.62315
19024,45137,false,0.471412
19025,25167,false,0.263896
19025,51050,false,0.253666
19026,29736,false,0.760898
19026,47682,false,0.221505
19027,36850,false,0.368511
19027,49548,false,0.46703
19028,28243,false,0.015922
19028,41370,false,0.358896
19028,42913,false,0.290179
19029,4300,true,0.541839
19029,12144,false,0.587326
19029,38151,false,0.68295
19030,28325,false,0.901593
19030,41176,false,0.363186
19030,46488,false,0.3982
19030,46809,false,0.387124
19031,4550,true,0.856281
19031,25731,false,0.15881
19031,27580,false,0.986452
19031,41722,false,0.551225
19031,51590,false,0.190107
19033,29849,false,0.486388
19033,43970,false,0.261796
19034,24531,false,0.087411
19035,4359,true,0.636934
19035,55372,false,0.518917
19036,4603,true,0.628089
19036,4930,true,0.170813
19036,20202,false,0.703057
19036,23918,false,0.578235
19036,40328,false,0.273108
19036,43508,false,0.544832
19038,26250,false,0.168204
19039,4580,true,0.321378
19039,4859,true,0.550811
19040,4038,true,0.397969
19040,4091,true,0.200124
19040,12801,false,0.253947
19040,58919,false,0.450292
19041,15462,false,0.508544
19041,17035,false,0.91611
19041,21573,false,0.284236
19042,43427,false,0.323272
19042,44295,false,0.17801
19042,55933,false,0.983087
19043,15297,false,0.454438
19043,23873,false,0.342515
19043,36686,false,0.915695
19044,18352,false,0.380477
19044,22670,false,0.183873
19044,25011,false,0.588168
19044,26545,false,0.686562
19044,32128,false,0.049398
19044,33487,false,0.179527
19044,54628,false,0.309628
19045,4539,true,0.257234
19045,42254,false,0.74478
19046,4340,true,0.443855
19046,24623,false,0.093731
19046,31219,false,0.138649
19047,23863,false,0.738377
19047,27504,false,0.939198
19047,54648,false,0.771971
19048,43034,false,0.489718
19048,44006,false,0.726452
19048,48349,false,0.793609
19049,34680,false,0.667136
19049,41622,false,0.641319
19049,45353,false,0.886493
19050,4764,true,0.902772
19050,27233,false,0.782597
19050,43525,false,0.512138
19051,4714,true,0.840717
19051,56814,false,0.818996
19052,4642,true,0.885866
19052,53394,false,0.718343
19053,31936,false,0.942998
19053,39277,false,0.426628
19053,39759,false,0.678765
19053,41771,false,0.369453
19053,59915,false,0.567882
19054,4745,true,0.291637
19054,36993,false,0.237811
19054,37119,false,0.840123
19054,50867,false,0.520586
19055,4936,true,0.486907
19055,12689,false,0.616969
19055,28510,false,0.913748
19055,35862,false,0.554075
19056,4045,true,0.343414
19056,23958,false,0.621535
19056,33254,false,0.634958
19057,35282,false,0.233536
19057,48459,false,0.910867
19058,53837,false,0.278709
19059,45605,false,0.520601
19059,53951,false,0.930927
19059,57614,false,0.629341
19060,4666,true,0.141383
19060,34732,false,0.158877
19060,45929,false,0.995815
19061,52614,false,0.75676
19061,56766,false,0.11621
19062,4339,true,0.881793
19062,27013,false,0.583528
19063,4694,true,0.900606
19063,10639,false,0.495952
19063,19235,false,0.831868
19063,30289,false,0.737016
19063,34317,false,0.736414
19063,48766,false,0.3235
19064,25040,false,0.257814
19064,32784,false,0.043556
19066,18562,false,0.57847
19067,11925,false,0.34888
19067,49362,false,0.931815
19068,4047,true,0.489882
19068,4455,true,0.79573
19068,19267,false,0.250945
19068,29248,false,0.891958
19068,32218,false,0.859384
19068,34682,false,0.946
19068,36820,false,0.509648
19069,4424,true,0.858779
19069,4922,true,0.666817
19069,15002,false,0.304817
19069,36248,false,0.280153
19070,4998,true,0.51087
19070,10166,false,0.34213
19070,11663,false,0.36531
19070,15706,false,0.269465
19071,54160,false,1.024104
19071,56286,false,0.102624
19072,17158,false,0.917493
19072,22901,false,0.449442
19072,55154,false,0.769461
19072,59582,false,0.624324
19073,4249,true,0.920215
19074,4940,true,0.767393
19074,18787,false,0.979989
19074,20482,false,0.371003
19075,39521,false,0.400068
19075,49299,false,0.354434
19076,4223,true,1.031584
19076,4411,true,0.905449
19076,4689,true,0.338863
19077,18800,false,0.722083
19078,12178,false,0.998341
19078,51158,false,0.951008
19078,57426,false,0.002398
19079,34953,false,0.933007
19079,52703,false,0.477934
19080,21249,false,0.29446
19080,33549,false,0.779429
19080,36699,false,0.089578
19081,24347,false,0.053231
19081,47435,false,0.350545
19082,21281,false,0.731428
19082,56806,false,0.389975
19083,17659,false,0.347567
19083,25355,false,0.234458
19083,36202,false,0.892769
19083,46768,false,0.394252
19084,37056,false,0.877139
19085,14111,false,0.826748
19085,31664,false,0.929749
19085,33384,false,0.257604
19086,11976,false,0.774384
19086,15793,false,0.167231
19086,33606,false,0.050806
19086,39686,false,0.401427
19088,26600,false,0.266437
19088,45640,false,0.412119
19088,47200,false,0.029921
19088,57806,false,0.411482
19089,17787,false,0.977422
19089,33756,false,0.218071
19089,58317,false,0.809607
19090,42006,false,0.255809
19090,42673,false,0.026884
19090,50339,false,0.675325
19091,21338,false,0.192641
19091,28116,false,0.35174
19091,58495,false,0.71543
19092,37553,false,0.587471
19093,45773,false,0.304741
19093,47302,false,0.111392
19093,52751,false,0.294926
19093,55160,false,0.690226
19095,23643,false,0.17992
19095,28784,false,0.200091
19095,47026,false,0.144974
19096,30551,false,0.139871
19096,38525,false,0.928849
19098,39074,false,0.847052
19098,53442,false,0.161977
19099,10844,false,0.107301
19099,12610,false,1.020145
19099,54340,false,0.670115
19100,14652,false,0.809701
19100,57246,false,0.258017
19101,26456,false,0.586246
19102,53618,false,0.431579
19103,25574,false,0.320876
19103,36312,false,0.42331
19105,13909,false,0.115423
19108,34421,false,0.568994
19108,45812,false,0.543059
19109,46950,false,0.442837
19109,49239,false,0.911942
19110,38537,false,0.130362
19111,48183,false,0.488316
19113,22407,false,0.065889
19113,29177,false,0.078284
19113,31940,false,0.429704
19113,45474,false,0.202168
19113,47301,false,0.908844
19113,47587,false,0.941564
19113,51204,false,0.304096
19114,20176,false,0.977273
19114,28677,false,0.657963
19114,54048,false,0.862387
19115,13179,false,0.489941
19118,27736,false,0.584305
19118,52250,false,0.078244
19119,22203,false,0.324395
19119,43328,false,0.558165
19120,12830,false,0.594138
19120,33571,false,0.079141
19120,34549,false,0.586927
19120,48162,false,0.832736
19121,26871,false,0.758178
19121,38396,false,0.884544
19121,52635,false,0.603364
19121,56993,false,0.404367
19123,13958,false,0.349107
19123,27959,false,0.819404
19124,26602,false,0.06168
19124,31512,false,0.795569
19125,55307,false,0.582372
19127,34696,false,0.097153
19128,47303,false,0.906283
19129,19899,false,0.101159
19129,34633,false,0.39135
19129,36837,false,0.658251
19129,53586,false,0.428121
19130,33460,false,0.331471
19130,43056,false,0.0851
19131,54400,false,0.642202
19132,22195,false,0.704905
19132,25518,false,0.745721
19132,40948,false,0.257079
19133,12423,false,0.318856
19133,15915,false,0.066947
19134,19469,false,0.415392
19135,11897,false,0.584411
19135,29353,false,0.967077
19135,35344,false,0.072538
19135,39373,false,0.889179
19135,48095,false,0.813533
19135,54310,false,0.300977
19136,15338,false,0.961312
19136,19736,false,0.53467
19136,23504,false,0.157869
19137,22743,false,0.359621
19137,54148,false,0.194056
19138,27753,false,0.862988
19138,53563,false,0.9355
19139,38799,false,0.894079
19139,41417,false,0.56194
19141,4402,true,0.946427
19141,4517,true,0.711223
19141,14112,false,0.05819
19141,15066,false,1.003467
19142,13563,false,0.033392
19143,10863,false,0.913255
19143,17240,false,0.336726
19143,23750,false,0.877257
19143,47056,false,0.912203
19144,4055,true,0.302774
19144,4388,true,0.041662
19144,28646,false,0.520211
19144,53232,false,1.003902
19145,26516,false,0.126453
19145,51250,false,0.343401
19146,55667,false,0.738439
19147,32661,false,1.006553
19147,43368,false,0.115567
19147,46916,false,0.48921
19147,53904,false,0.996681
19148,58126,false,0.428944
19149,21347,false,0.759886
19149,23390,false,0.902635
19149,28014,false,0.23501
19149,28848,false,0.524395
19149,29677,false,0.489509
19149,55660,false,0.938078
19150,11887,false,0.163957
19150,27825,false,0.666068
19150,58829,false,0.595858
19151,14985,false,0.293378
19151,36954,false,0.212605
19151,37029,false,0.75086
19151,51080,false,0.6271
19152,22187,false,0.584519
19152,31956,false,0.55748
19152,41883,false,0.293637
19153,24260,false,0.394859
19153,34684,false,1.022819
19154,4731,true,0.741735
19154,23075,false,0.613238
19155,23811,false,0.069912
19156,18362,false,0.765889
19156,27538,false,0.525983
19156,28065,false,0.630851
19157,4105,true,0.079534
19157,47948,false,0.461198
19159,4096,true,0.961392
19159,21786,false,0.958047
19159,25337,false,0.459784
19159,32491,false,0.223216
19160,26316,false,0.947531
19160,26964,false,0.849807
19160,28761,false,0.927403
19160,47386,false,0.341296
19161,4493,true,0.587781
19161,4768,true,0.232976
19161,21218,false,0.854008
19161,52368,false,0.210448
19163,37771,false,0.429448
19164,40512,false,0.812842
19164,58841,false,1.00073
19164,59094,false,0.128138
19165,35610,false,0.961788
19165,42178,false,0.481763
19165,54805,false,0.675072
19166,21004,false,0.13648
19166,47193,false,0.504947
19167,15496,false,0.734674
19167,30439,false,0.991446
19168,12020,false,0.023194
19168,39589,false,0.09376
19169,29184,false,0.672489
19169,33175,false,0.605378
19170,12322,false,0.870839
19170,58542,false,0.352574
19171,36389,false,0.794811
19171,39166,false,0.251348
19172,13021,false,0.600545
19173,24429,false,0.598929
19173,47517,false,0.769685
19174,20410,false,0.53103
19174,50730,false,0.426935
19175,18159,false,0.198632
19175,26812,false,0.307994
19176,25359,false,0.892816
19176,29789,false,0.885669
19176,42928,false,0.875874
19177,23060,false,0.663183
19178,37182,false,0.784962
19178,45907,false,0.270295
19178,54354,false,0.468654
19179,12155,false,0.642049
19179,18256,false,0.809457
19179,18397,false,0.069415
19179,36435,false,0.936852
19179,45115,false,0.362911
19179,55777,false,0.81823
19180,47173,false,0.375168
19181,31011,false,0.23455
19181,36341,false,0.348113
19182,16908,false,0.33076
19182,50920,false,0.746347
19183,46276,false,0.29708
19184,40564,false,0.967352
19184,57286,false,0.136998
19185,4397,true,0.652379
19186,26370,false,0.064319
19186,26903,false,0.907717
19186,31966,false,0.811826
19187,41322,false,0.368586
19188,36457,false,0.776071
19189,4063,true,0.603435
19189,4381,true,0.647659
19189,28580,false,0.496284
19189,32103,false,0.935618
19189,35909,false,0.767828
19189,44023,false,0.665562
19189,52042,false,0.450003
19190,4807,true,0.61261
19190,22851,false,0.3996
19190,46964,false,0.18981
19192,11175,false,0.329668
19192,45409,false,1.118458
19192,52040,false,0.97461
19193,32842,false,0.581841
19193,40365,false,0.260962
19194,11249,false,0.215516
19194,22593,false,0.712095
19195,22565,false,0.441777
19195,29673,false,0.889091
19195,35439,false,0.512324
19195,40472,false,1.138842
19195,43172,false,0.082898
19196,27967,false,0.638462
19197,13540,false,0.52578
19197,16656,false,0.238092
19197,57084,false,0.760424
19198,31392,false,0.244461
19198,51304,false,0.749182
19199,4849,true,0.986381
19199,28008,false,0.661549
19200,15189,false,0.215433
19200,45641,false,0.207076
19201,35725,false,1.000887
19201,45925,false,0.268257
19202,24265,false,0.82286
19202,55788,false,0.694932
19203,4448,true,0.819095
19203,45615,false,0.99574
19203,53638,false,0.482626
19204,4665,true,0.62062
19204,21508,false,0.181598
19204,31013,false,0.199677
19205,25850,false,0.336883
19205,39894,false,0.159808
19206,40460,false,0.955812
19207,17283,false,0.530275
19207,25090,false,0.084402
19207,25836,false,0.941304
19207,54496,false,0.013254
19208,4182,true,0.106205
19208,41885,false,0.456416
19208,51737,false,0.634975
19208,52436,false,0.519922
19208,52922,false,0.390527
19209,20358,false,0.889148
19209,33881,false,0.900021
19209,44953,false,0.395364
19209,56737,false,0.218026
19210,53785,false,0.584288
19211,13284,false,0.981736
19211,25371,false,0.346178
19212,26749,false,0.808883
19212,32157,false,0.090278
19212,50921,false,0.097004
19212,57837,false,0.151196
19214,36070,false,0.003146
19214,40078,false,0.4813
19214,57209,false,0.607472
19215,4751,true,0.618065
19216,30710,false,0.11678
19217,30513,false,0.624052
19217,45239,false,0.721367
19217,52280,false,0.6841
19217,56706,false,0.746165
19218,4504,true,0.595952
19218,37567,false,0.252242
19219,25012,false,0.48688
19219,26800,false,0.374191
19219,42363,false,0.808006
19219,54314,false,0.127649
19220,24448,false,0.39536
19220,24644,false,0.861707
19220,36392,false,0.03416
19220,43761,false,0.484783
19221,4993,true,0.49957
19223,4251,true,0.807535
19223,18953,false,0.527831
19223,40947,false,0.683992
19224,23877,false,0.863365
19224,57550,false,0.656554
19225,46301,false,0.384855
19226,34187,false,0.050338
19226,50642,false,0.213808
19227,4653,true,0.019625
19227,24584,false,0.187285
19227,36245,false,0.566715
19227,49243,false,0.334911
19229,4593,true,0.936222
19229,12586,false,0.526935
19229,41275,false,0.377682
19229,48519,false,0.949174
19229,59781,false,0.158631
19230,4008,true,0.984327
19230,41074,false,0.378614
19230,41725,false,0.440614
19230,44356,false,0.363356
19231,22502,false,0.005839
19231,39973,false,0.204563
19232,18629,false,0.039596
19233,17780,false,0.617982
19233,38761,false,1.006484
19233,46899,false,0.401497
19233,52136,false,0.690062
19234,13426,false,0.242862
19234,22026,false,0.591711
19234,44310,false,0.608678
19234,53721,false,0.744729
19235,10271,false,0.945819
19235,55655,false,0.018125
19235,59812,false,0.135429
19236,19911,false,0.494582
19236,49278,false,0.632293
19236,53074,false,0.384902
19237,34154,false,0.138499
19237,42422,false,0.313505
19237,53980,false,0.74888
19237,59451,false,0.132619
19238,15205,false,0.315649
19238,25595,false,0.247395
19238,37153,false,0.929987
19239,44296,false,0.515647
19241,25675,false,0.966575
19241,39075,false,0.019913
19241,39228,false,0.457314
19242,30057,false,0.126776
19242,52787,false,0.953458
19243,11337,false,0.964972
19243,39900,false,0.725775
19244,10740,false,0.767472
19244,20024,false,0.922836
19244,50360,false,0.131473
19245,10519,false,0.09197
19245,30051,false,0.146623
19246,47493,false,0.319371
19247,32604,false,0.12745
19247,40880,false,0.957414
19247,55089,false,0.987955
19248,39659,false,0.87355
19248,45555,false,0.339338
19248,59437,false,0.555349
19249,29763,false,0.006267
19249,50796,false,0.34142
19249,55544,false,0.434817
19250,20785,false,0.147759
19250,35115,false,0.02704
19250,38627,false,0.171744
19250,42102,false,0.500002
19250,52746,false,0.987787
19251,35964,false,0.458914
19251,56041,false,0.025886
19254,18842,false,0.523723
19254,31229,false,0.55236
19255,17663,false,0.016037
19255,19686,false,0.031027
19255,29436,false,0.502765
19255,44574,false,0.874773
19255,49486,false,0.89649
19255,58267,false,1.01527
19256,22656,false,0.405111
19256,40748,false,0.399061
19256,57835,false,0.477872
19257,13855,false,0.902737
19257,30565,false,0.817172
19257,55928,false,0.348763
19257,58651,false,0.300571
19258,14917,false,0.971212
19258,29905,false,0.179681
19258,46761,false,0.227062
19259,4208,true,0.281533
19259,21875,false,0.734252
19259,51527,false,0.974566
19260,30814,false,0.549705
19260,41019,false,0.345938
19260,42455,false,0.272418
19260,42911,false,0.318564
19260,59551,false,0.266683
19261,25450,false,0.031324
19261,47256,false,0.464824
19262,42587,false,0.071322
19262,49809,false,0.282387
19263,15185,false,0.524003
19263,38300,false,0.684337
19264,12729,false,0.221788
19264,46349,false,0.014349
19264,47560,false,0.295161
19264,51469,false,0.488794
19265,4280,true,0.399499
19265,15844,false,0.710296
19265,33342,false,0.025822
19266,4366,true,0.230747
19266,12448,false,0.453845
19266,32529,false,0.008167
19266,34663,false,0.747713
19267,4433,true,0.133666
19267,4756,true,0.483745
19267,11844,false,0.066088
19267,12567,false,0.16784
19267,19630,false,0.287508
19267,30997,false,0.635128
19268,13074,false,0.819423
19268,19447,false,0.103306
19268,48424,false,0.259442
19268,50027,false,0.755146
19268,51405,false,0.313712
19268,59662,false,0.923955
19269,43352,false,0.760201
19269,59564,false,0.52364
19270,4821,true,0.477262
19271,20762,false,0.943402
19271,50893,false,0.459679
19272,19261,false,0.478314
19273,4749,true,0.104203
19273,15807,false,0.126085
19273,31139,false,0.590194
19274,27059,false,0.85136
19274,45503,false,0.566987
19274,53260,false,0.095917
19274,59251,false,0.855686
19275,4218,true,0.502526
19276,11270,false,0.565887
19276,50098,false,0.843707
19277,11948,false,0.425509
19277,17785,false,0.754401
19277,23914,false,0.24871
19277,29791,false,0.37799
19277,34558,false,0.382655
19278,4077,true,0.146682
19278,4440,true,0.508666
19278,11968,false,0.008073
19278,52374,false,0.266297
19279,4658,true,0.785708
19280,33260,false,0.88804
19280,34780,false,0.704032
19281,4213,true,0.267578
19281,18798,false,0.784686
19281,42402,false,0.725556
19282,11045,false,0.911316
19282,11272,false,0.969144
19282,42175,false,0.982941
19283,35005,false,0.666119
19283,53361,false,0.119111
19283,56554,false,0.552407
19284,4376,true,0.643993
19284,4815,true,0.391664
19284,41195,false,0.48451
19285,20469,false,0.62615
19285,28498,false,0.75118
19285,32938,false,0.333052
19286,4953,true,0.749553
19286,31906,false,0.144958
19286,49979,false,0.14644
19286,50426,false,0.846802
19287,4547,true,0.697569
19287,4862,true,0.63722
19287,45837,false,0.736227
19289,39753,false,0.02857
19289,54376,false,0.911955
19290,50107,false,0.698347
19291,4380,true,0.169022
19291,4382,true,0.355932
19291,26920,false,0.49187
19291,31143,false,0.076216
19291,53681,false,0.503163
19292,18247,false,0.681918
19292,27300,false,0.760602
19292,27355,false,0.827792
19292,36071,false,0.548137
19292,39347,false,0.25897
19293,4233,true,0.2081
19294,45505,false,0.516708
19294,57261,false,0.528576
19295,4921,true,0.104339
19295,13181,false,0.943613
19295,20457,false,0.509494
19295,26468,false,0.301896
19295,31239,false,0.013551
19295,53708,false,0.377278
19296,46078,false,0.096503
19297,38472,false,0.896742
19297,38896,false,0.622672
19297,48320,false,0.860664
19297,53985,false,0.379672
19298,4518,true,0.325859
19299,14989,false,0.032579
19299,23178,false,0.17664
19299,36158,false,0.506484
19299,43923,false,0.605699
19299,46799,false,0.881134
19300,5003,true,0.418615
19300,19170,false,0.934996
19300,47089,false,0.966429
19301,27681,false,0.998578
19301,40567,false,0.448611
19301,43769,false,0.69982
19301,58574,false,0.043912
19302,16090,false,0.04634
19302,17383,false,0.22643
19302,59904,false,0.591414
19303,4083,true,0.720935
19303,13330,false,0.985869
19303,21628,false,0.031321
19303,29160,false,0.614012
19303,54550,false,0.917502
19303,57969,false,0.251227
19304,4865,true,0.715105
19304,10373,false,0.856064
19305,4587,true,0.109241
19305,4611,true,0.513303
19305,4641,true,0.660097
19305,17652,false,0.715886
19305,46262,false,0.24996
19306,4574,true,0.221306
19306,4746,true,0.954148
19306,23638,false,0.515478
19307,37386,false,0.204993
19308,26848,false,0.249477
19309,48477,false,0.358795
19309,56832,false,0.960928
19310,24650,false,0.01917
19310,25865,false,0.984392
19310,50293,false,0.213594
19311,17699,false,0.234769
19311,56327,false,0.480191
19312,4387,true,0.243168
19312,16054,false,0.559299
19313,12662,false,0.891007
19313,13769,false,0.160158
19313,24938,false,0.642309
19314,37579,false,0.25566
19315,4438,true,0.87755
19315,27976,false,0.296006
19315,46853,false,0.379465
19315,51731,false,0.052154
19315,59971,false,0.672485
19316,15937,false,0.623541
19316,19852,false,0.276161
19316,28097,false,0.274581
19316,47840,false,0.522462
19316,58541,false,0.627585
19317,18854,false,0.55891
19317,43703,false,0.129885
19317,51985,false,0.701915
19318,4725,true,0.516991
19318,35832,false,0.774171
19318,38583,false,0.916839
19319,13263,false,0.234227
19319,16209,false,0.998705
19320,29433,false,0.76961
19320,34607,false,0.49678
19321,4314,true,0.621189
19321,43480,false,0.614349
19322,4625,true,0.077748
19322,28688,false,0.540284
19322,33014,false,0.485033
19324,18856,false,0.881504
19324,29181,false,0.73932
19324,32618,false,0.907382
19324,41438,false,0.376426
19325,4508,true,0.669654
19325,4554,true,0.802788
19325,16138,false,0.852321
19325,18093,false,0.627848
19325,19762,false,0.231688
19326,4668,true,0.080328
19326,35729,false,0.147227
19326,48261,false,0.971509
19326,52146,false,0.460373
19327,10883,false,0.513062
19328,12858,false,0.04583
19329,46679,false,0.73989
19329,59867,false,0.868298
19330,26427,false,0.031645
19330,42162,false,0.902458
19331,20821,false,0.005101
19331,56385,false,0.558968
19332,23548,false,0.877796
19332,41903,false,0.240769
19333,34481,false,0.706578
19333,36479,false,0.063151
19334,17995,false,0.731674
19334,36600,false,0.846535
19334,45073,false,0.925765
19334,46988,false,0.071149
19335,4767,true,0.578554
19335,37949,false,0.528252
19335,43345,false,0.090257
19335,51741,false,0.216363
19335,52934,false,0.110516
19336,28227,false,0.096574
19337,19818,false,0.105993
19337,32696,false,0.483477
19337,40092,false,0.710978
19337,47911,false,0.146089
19337,50054,false,0.440424
19337,50395,false,0.407658
19341,4728,true,0.251409
19341,15362,false,0.259959
19341,35262,false,0.93688
19341,36910,false,0.503573
19343,4722,true,0.899987
19343,27316,false,0.775919
19344,13250,false,1.008177
19344,22273,false,0.751101
19344,43136,false,0.255594
19345,4149,true,0.344353
19345,33454,false,0.010843
19345,42748,false,0.449847
19345,45562,false,0.132184
19346,28403,false,0.920963
19346,45983,false,0.211755
19346,55023,false,0.621916
19347,4838,true,0.781631
19347,28583,false,0.686156
19347,57536,false,0.99288
19348,17313,false,0.271789
19348,20240,false,0.406429
19348,29632,false,0.066173
19348,54322,false,0.876845
19349,17431,false,0.27839
19349,35270,false,0.151676
19349,43227,false,0.977026
19350,4643,true,0.398644
19350,24134,false,0.96512
19350,29170,false,0.378099
19350,36388,false,0.670713
19350,47346,false,0.03855
19351,10428,false,0.92217
19351,23858,false,0.920442
19351,44654,false,0.050588
19351,52733,false,0.19758
19351,56705,false,0.026501
19352,26733,false,0.834495
19352,53678,false,0.337718
19352,55652,false,0.237062
19354,42924,false,1.000063
19354,53395,false,0.230981
19356,58643,false,0.946095
19358,14507,false,0.297546
19358,29097,false,0.288454
19358,35059,false,0.638835
19358,37013,false,0.395502
19359,4824,true,0.205474
19359,11401,false,0.832568
19360,12023,false,0.092565
19360,41653,false,0.281385
19360,50746,false,0.29398
19361,14070,false,0.539755
19361,17479,false,0.99752
19361,20937,false,0.68341
19361,31370,false,0.993862
19361,40348,false,0.866293
19361,50229,false,0.879751
19361,52197,false,0.43658
19361,55557,false,0.373846
19361,58941,false,0.189688
19362,4621,true,0.72112
19362,28182,false,0.158155
19363,32741,false,0.663299
19363,45719,false,0.01645
19364,24581,false,0.412329
19367,29708,false,0.761709
19367,46995,false,0.357254
19368,26893,false,0.583992
19368,30780,false,0.971349
19368,46653,false,0.474374
19369,14660,false,0.447107
19369,19244,false,0.969505
19369,25039,false,0.054196
19369,31655,false,0.298158
19369,55599,false,0.849828
19370,4766,true,0.090789
19370,27754,false,0.163871
19371,4792,true,0.755736
19371,14065,false,0.152879
19372,36995,false,0.382631
19372,41481,false,0.467071
19373,4273,true,0.345393
19374,13419,false,0.366101
19374,57817,false,0.295647
19375,27052,false,0.232564
19375,36824,false,0.747965
19375,39192,false,0.931323
19375,47037,false,0.765161
19376,52082,false,0.210228
19377,16095,false,0.34689
19377,19603,false,0.536746
19377,20775,false,0.808653
19377,29071,false,0.060213
19378,46814,false,0.691827
19378,56445,false,0.799968
19379,26431,false,0.924335
19379,50514,false,0.728467
19380,20777,false,0.494421
19380,23769,false,0.010908
19380,51655,false,0.964887
19381,17007,false,0.315097
19381,21356,false,0.827253
19381,24585,false,0.294935
19381,29501,false,0.166078
19382,28775,false,0.145924
19382,47002,false,0.703129
19382,54330,false,0.369521
19382,55546,false,0.146079
19382,58394,false,0.703974
19383,25348,false,0.629976
19383,38711,false,0.324535
19383,43250,false,0.731073
19383,43673,false,0.481438
19384,4263,true,0.564883
19384,15961,false,0.652867
19384,30296,false,0.39651
19385,4941,true,0.734847
19385,21069,false,0.980756
19385,47975,false,0.443151
19385,52937,false,0.200739
19386,16741,false,0.837763
19386,24158,false,0.340899
19386,27688,false,0.786616
19386,59847,false,0.794894
19387,51805,false,0.858256
19387,59946,false,0.516372
19388,29526,false,0.718286
19388,52519,false,0.664607
19389,22418,false,0.864972
19389,58040,false,0.964607
19390,4907,true,0.579746
19390,25954,false,0.226389
19390,46737,false,0.683439
19390,59884,false,0.304934
19391,4068,true,0.778047
19391,27584,false,0.399296
19391,40852,false,1.000677
19391,45730,false,0.893409
19392,21981,false,0.695446
19392,47717,false,0.67063
19393,25340,false,0.303499
19393,29133,false,0.344902
19393,30292,false,0.576483
19393,50671,false,0.017571
19393,59394,false,0.595645
19394,13195,false,0.019029
19394,16307,false,0.844284
19394,31007,false,0.491375
19394,32167,false,0.53214
19394,54150,false,0.158217
19395,12969,false,0.862321
19395,21224,false,0.381354
19395,48436,false,0.643469
19395,52122,false,0.139254
19396,23720,false,0.453063
19396,50535,false,0.021911
19397,17432,false,0.105901
19397,19805,false,0.953763
19397,26603,false,0.573679
19398,57153,false,0.647178
19398,57590,false,0.151226
19399,25451,false,0.566234
19399,43561,false,0.072411
19399,49347,false,0.393316
19399,59404,false,0.95136
19400,4326,true,0.251659
19400,23432,false,0.038691
19400,40271,false,0.010225
19400,49006,false,0.135322
19401,4079,true,0.757402
19401,4377,true,0.769674
19401,4599,true,0.081812
19401,19358,false,0.845822
19401,19375,false,0.614099
19401,42956,false,0.378588
19401,44752,false,0.706994
19401,46457,false,0.713369
19401,48773,false,0.7235
19401,52483,false,0.542803
19402,24900,false,0.094599
19402,49985,false,0.348342
19403,39913,false,0.251212
19404,57624,false,0.25271
19405,17770,false,0.14146
19406,14536,false,0.479415
19407,11192,false,0.58087
19407,18824,false,0.912052
19407,23333,false,0.352305
19407,28358,false,0.070791
19407,55371,false,0.640919
19408,11837,false,0.341878
19408,17711,false,0.249151
19409,28557,false,0.56466
19409,49117,false,0.292932
19409,51671,false,0.367039
19409,52517,false,0.472904
19410,16529,false,0.676295
19410,51980,false,0.551516
19411,19167,false,0.51775
19411,38258,false,0.339166
19411,52486,false,0.873679
19412,41099,false,0.936836
19413,13901,false,0.997506
19413,23128,false,1.102929
19413,23160,false,0.075021
19414,29811,false,0.656829
19414,45593,false,1.00094
19414,55076,false,0.206666
19415,22101,false,0.704969
19415,44808,false,0.963358
19417,33457,false,0.014188
19418,10367,false,0.529199
19418,30188,false,0.577558
19418,30873,false,0.275106
19418,46694,false,0.561898
19419,18448,false,0.474908
19420,46677,false,0.776487
19420,51818,false,0.268218
19422,13327,false,0.961397
19422,23991,false,0.650904
19422,54657,false,0.947428
19422,56329,false,0.156853
19423,10896,false,0.415107
19423,21358,false,0.617137
19423,27616,false,0.933687
19424,48471,false,0.124227
19425,14549,false,0.237402
19425,15535,false,0.587949
19426,23317,false,0.449976
19426,43702,false,0.650749
19427,30699,false,0.722699
19429,25940,false,0.550857
19429,49233,false,0.908061
19429,56122,false,0.752209
19430,39246,false,0.401461
19430,39549,false,0.760562
19430,47057,false,0.112355
19430,50564,false,0.006574
19431,13315,false,0.561334
19431,24981,false,0.18955
19434,4577,true,0.249414
19434,14555,false,0.478148
19435,20175,false,0.443079
19435,24111,false,0.473783
19435,26315,false,0.482179
19435,29974,false,0.170538
19435,35104,false,0.320349
19435,50611,false,0.496917
19436,53789,false,0.720119
19436,59969,false,0.528026
19437,15641,false,0.356832
19437,24717,false,0.686937
19437,30794,false,0.721639
19438,51116,false,0.296342
19438,56227,false,0.663828
19439,10256,false,0.345559
19439,29162,false,0.644947
19439,52152,false,0.049246
19439,57180,false,0.086929
19440,16638,false,0.508068
19441,12838,false,0.620235
19441,19110,false,0.960552
19441,25236,false,0.074945
19442,4596,true,0.21008
19442,5005,true,0.736947
19442,10837,false,0.463391
19442,23141,false,0.429897
19442,53932,false,0.650323
19442,59469,false,0.769241
19443,43005,false,0.283446
19443,49129,false,0.814515
19444,25781,false,0.730041
19444,50736,false,0.497226
19445,11962,false,0.29494
19445,16836,false,0.453782
19445,44997,false,0.272543
19445,46035,false,0.984403
19446,16924,false,0.396855
19446,30300,false,0.478998
19446,32713,false,0.323654
19447,22131,false,0.194945
19447,23163,false,0.79875
19447,23841,false,0.449097
19447,27360,false,0.531645
19447,38060,false,0.152637
19447,43811,false,0.129962
19447,53413,false,0.901778
19448,17599,false,0.360776
19448,26939,false,0.977226
19448,42321,false,0.384056
19448,44285,false,0.707679
19448,51624,false,0.82707
19450,19192,false,0.127462
19451,26532,false,0.733405
19451,34835,false,0.125063
19451,37614,false,0.586789
19451,53469,false,0.312959
19452,11102,false,0.329108
19452,16902,false,0.093475
19452,44572,false,0.385948
19453,31527,false,0.285894
19454,18631,false,0.916122
19454,28564,false,0.838021
19454,34310,false,0.102995
19454,42697,false,0.270397
19455,28140,false,0.30442
19455,48827,false,0.48804
19456,21349,false,0.25708
19456,41234,false,0.972071
19456,42304,false,0.90576
19456,48890,false,0.540803
19456,49492,false,0.262215
19456,52812,false,0.806185
19456,54084,false,0.221448
19457,30088,false,0.820869
19457,43442,false,0.750731
19458,24567,false,0.611908
19458,34138,false,0.650789
19459,10852,false,0.211672
19459,13928,false,0.966283
19459,22781,false,0.292794
19459,37235,false,0.954938
19459,41602,false,0.852873
19459,58079,false,0.355463
19460,18712,false,0.837441
19460,31863,false,0.698772
19460,45269,false,0.632047
19461,51309,false,0.942975
19462,23692,false,0.33556
19463,19690,false,0.718704
19463,43648,false,0.119263
19464,13955,false,0.539752
19464,32303,false,0.819649
19464,36349,false,0.161347
19464,37698,false,0.525828
19464,40679,false,0.426393
19464,49836,false,0.01776
19464,57308,false,0.803062
19465,25783,false,0.106057
19465,29923,false,0.872834
19466,26493,false,0.761296
19467,31656,false,0.567613
19467,31813,false,0.300889
19467,44652,false,0.820294
19468,12516,false,0.734519
19468,33572,false,0.289022
19468,46993,false,0.266106
19469,4375,true,0.661489
19469,26472,false,0.448369
19469,31288,false,0.601048
19470,4716,true,0.147218
19470,4870,true,0.870717
19470,15074,false,0.639438
19470,41441,false,0.435849
19470,59148,false,1.012204
19471,25970,false,0.736769
19472,4822,true,0.543466
19472,40974,false,0.883805
19472,54182,false,0.629078
19473,22137,false,0.82509
19473,49640,false,0.328683
19474,53941,false,0.658193
19474,54080,false,0.858239
19475,13514,false,1.016628
19475,20267,false,0.682872
19475,35290,false,0.78988
19475,48079,false,0.786356
19476,23803,false,0.24417
19477,26450,false,0.918072
19478,25444,false,0.415119
19478,53944,false,0.690048
19479,4062,true,0.382645
19479,41497,false,0.562492
19480,30492,false,0.371804
19481,4268,true,0.978565
19481,40544,false,0.457032
19481,48312,false,0.379234
19481,58540,false,0.704135
19482,4650,true,0.542008
19482,15263,false,1.009753
19482,20165,false,0.949022
19482,48745,false,0.342891
19483,4786,true,0.512188
19483,10815,false,1.007649
19483,11041,false,0.674035
19483,54327,false,0.192037
19484,4903,true,0.098359
19485,4039,true,0.224573
19485,4983,true,0.64421
19485,10761,false,0.913514
19485,25618,false,0.730018
19485,36980,false,0.36081
19486,31061,false,0.724019
19487,10421,false,0.047978
19487,27728,false,0.968586
19487,28683,false,0.680327
19488,54952,false,0.507214
19489,18203,false,1.008043
19489,34854,false,0.089963
19489,55374,false,0.528927
19490,11987,false,0.286437
19490,21971,false,0.883561
19490,41598,false,0.362475
19490,45245,false,0.611394
19492,14239,false,0.534874
19493,11842,false,0.571215
19493,47190,false,0.482755
19493,54508,false,0.308357
19494,10375,false,0.121235
19494,37849,false,0.966686
19494,47874,false,0.550373
19494,55896,false,0.560655
19494,56467,false,0.145524
19494,58646,false,0.167578
19495,24369,false,0.800291
19496,15777,false,0.700101
19496,26961,false,0.455888
19496,41415,false,0.629607
19497,27053,false,0.503981
19498,19979,false,0.853164
19498,32859,false,0.965202
19499,13752,false,0.058912
19499,14025,false,0.125324
19499,14924,false,0.004294
19499,25164,false,0.163526
19499,59612,false,0.494474
19500,10045,false,0.751143
19501,22108,false,0.572451
19501,57633,false,0.645489
19502,4963,true,0.647887
19502,12712,false,0.162434
19502,16459,false,0.856946
19502,55319,false,0.333153
19503,44254,false,0.312272
19503,46245,false,0.322713
19503,51958,false,0.941095
19504,10344,false,0.396265
19504,12722,false,0.542562
19504,23183,false,0.246203
19504,34123,false,0.741677
19505,4297,true,0.928199
19505,17797,false,0.25033
19505,27256,false,0.683979
19506,13588,false,0.103795
19506,32762,false,0.163399
19506,34308,false,0.898142
19506,48600,false,0.752607
19507,14372,false,0.715294
19507,14695,false,0.522617
19507,19135,false,0.692791
19507,19250,false,0.772313
19507,46374,false,0.370668
19508,20662,false,0.08125
19508,32028,false,0.914243
19509,4288,true,0.512157
19509,14374,false,1.023448
19509,23017,false,0.048534
19509,35770,false,0.504752
19509,44018,false,0.449403
19509,51503,false,0.645916
19510,54819,false,0.208369
19512,11977,false,0.030037
19512,20537,false,0.300606
19513,17554,false,0.075232
19513,39239,false,0.316671
19514,23440,false,0.866061
19514,30901,false,1.005291
19514,55381,false,0.603769
19515,12214,false,0.239593
19515,33631,false,0.89656
19516,4430,true,0.320311
19516,16268,false,0.070464
19517,20512,false,0.409897
19517,21370,false,0.238146
19518,4117,true,0.702958
19518,13296,false,0.812887
19518,43851,false,0.315631
19518,54436,false,0.493427
19519,30826,false,0.37297
19520,35048,false,0.656288
19520,38082,false,0.156666
19520,40012,false,0.831129
19521,14634,false,0.142705
19521,15871,false,0.876392
19521,20753,false,0.671243
19521,38412,false,0.277461
19522,24331,false,0.982274
19522,33312,false,0.907115
19522,41227,false,0.754473
19522,47375,false,0.264255
19522,59009,false,0.132122
19523,31038,false,0.840421
19524,4630,true,0.340751
19524,57182,false,0.987477
19525,4960,true,0.035849
19526,4111,true,0.035588
19526,26284,false,0.68574
19526,35954,false,0.131782
19526,51491,false,0.911664
19527,23266,false,0.315365
19527,39047,false,0.401086
19528,50315,false,0.195282
19529,32394,false,0.367893
19529,35913,false,0.476611
19529,42468,false,0.359864
19529,42601,false,0.99712
19531,41341,false,0.990866
19532,4067,true,0.11754
19532,4977,true,1.008158
19532,31281,false,0.624195
19532,46871,false,0.599629
19532,49874,false,0.836093
19532,52252,false,0.61033
19532,53089,false,0.073947
19533,22411,false,0.418597
19533,39498,false,0.192727
19534,14722,false,0.676034
19534,30571,false,0.531971
19534,51801,false,0.798626
19535,34759,false,0.173485
19535,50513,false,0.197507
19536,16654,false,0.012224
19536,32966,false,0.457488
19537,26837,false,0.648943
19537,40989,false,0.468485
19537,42934,false,0.748539
19537,44408,false,0.375368
19538,23051,false,0.902357
19538,31473,false,0.454667
19538,37028,false,0.767706
19539,21594,false,0.415028
19540,10188,false,1.046006
19540,27581,false,0.8828
19540,37767,false,0.406407
19540,42038,false,0.638972
19540,42754,false,0.038469
19541,17880,false,0.243024
19541,23659,false,0.829753
19541,46467,false,0.897722
19541,49240,false,0.696291
19542,17537,false,0.821214
19542,26322,false,0.04535
19542,33240,false,0.278355
19542,46377,false,0.973366
19542,48852,false,0.083285
19542,57564,false,0.58312
19543,11708,false,0.458811
19543,18082,false,0.577216
19543,19467,false,0.196252
19543,22235,false,0.640181
19544,15159,false,0.654828
19544,57156,false,0.390027
19545,20031,false,0.972607
19545,25822,false,0.057647
19545,43236,false,0.048897
19545,48052,false,0.959781
19546,26160,false,0.082031
19546,48233,false,0.695311
19546,53008,false,0.192932
19547,52367,false,0.230579
19548,4025,true,0.484596
19548,4398,true,0.02627
19548,12352,false,0.237305
19548,26426,false,0.55522
19548,32626,false,0.233834
19548,33101,false,0.737609
19549,11023,false,0.373881
19549,34231,false,0.700464
19549,57763,false,0.759137
19550,35028,false,0.619429
19551,4051,true,0.047975
19551,16782,false,0.945943
19551,23088,false,0.257133
19551,23116,false,0.07159
19551,27691,false,0.916327
19551,40481,false,0.911419
19552,34897,false,0.722813
19552,55709,false,0.111604
19553,4837,true,0.368244
19553,4923,true,0.216652
19553,4987,true,0.412551
19553,28009,false,0.303318
19553,46922,false,0.197483
19555,22233,false,0.831943
19555,36772,false,0.569324
19556,46564,false,0.122133
19556,48017,false,0.794284
19557,33702,false,0.724526
19559,32559,false,0.869432
19559,43468,false,0.654546
19559,46612,false,0.29757
19559,59742,false,0.976363
19560,10316,false,0.067475
19560,36307,false,0.54539
19560,44500,false,0.632781
19561,44831,false,0.9304
19561,57148,false,0.196968
19562,35176,false,0.498685
19563,57920,false,0.976359
19564,12450,false,0.903451
19564,37920,false,0.828393
19566,24032,false,0.098038
19566,28506,false,0.748425
19566,31256,false,0.43906
19567,10933,false,0.793325
19567,24672,false,0.892867
19567,37802,false,0.008269
19567,45839,false,0.055216
19567,55062,false,0.904896
19568,14291,false,0.542714
19568,19649,false,0.431225
19568,38601,false,0.726055
19568,53272,false,0.444548
19569,21202,false,0.069785
19569,26824,false,0.02072
19569,29371,false,0.09893
19569,42128,false,0.907084
19569,50759,false,0.640476
19569,52532,false,0.20223
19570,34840,false,0.488017
19570,54223,false,0.96491
19570,55846,false,0.882823
19571,22184,false,0.217459
19572,21540,false,0.655693
19572,46669,false,0.897042
19574,39807,false,0.368888
19574,46479,false,0.581177
19574,47374,false,0.814245
19576,16879,false,0.343392
19576,21622,false,0.640113
19576,24105,false,0.228062
19576,49972,false,0.332536
19576,59263,false,0.964274
19577,14491,false,0.392688
19579,37915,false,0.378877
19579,46507,false,0.021676
19580,25761,false,0.033707
19580,34918,false,1.010313
19580,38573,false,0.068135
19581,23200,false,0.656411
19581,24076,false,0.723682
19581,26274,false,0.831967
19582,14365,false,0.979558
19582,35822,false,0.013868
19582,38230,false,0.848434
19583,15582,false,0.764106
19583,17037,false,0.592117
19583,30866,false,0.749929
19583,35370,false,0.933486
19583,43059,false,0.770808
19584,29319,false,0.702203
19584,29989,false,0.01331
19584,32210,false,0.006058
19584,49899,false,0.172697
19585,41501,false,0.555262
19585,52619,false,0.600491
19585,53012,false,0.628356
19586,39054,false,0.482215
19586,59910,false,0.605491
19588,12692,false,0.075545
19588,37642,false,0.77063
19588,49538,false,0.081837
19589,26032,false,0.509409
19589,26622,false,0.746903
19589,35038,false,0.662195
19590,30996,false,0.171322
19590,38361,false,0.676273
19590,51150,false,0.992746
19592,28459,false,0.017679
19592,42083,false,0.265884
19592,42347,false,0.019193
19593,19308,false,0.856567
19594,13628,false,0.386321
19594,40132,false,0.556319
19595,31959,false,0.161343
19595,34968,false,0.680912
19595,53931,false,0.853202
19596,10227,false,0.375009
19597,19333,false,0.763045
19597,26615,false,0.574699
19597,53765,false,0.713259
19598,20624,false,0.183279
19598,22672,false,0.540558
19598,51064,false,0.17665
19598,53457,false,0.993018
19599,10881,false,0.407381
19599,30670,false,0.362008
19599,44891,false,0.523977
19600,4414,true,0.507272
19600,4916,true,0.866676
19600,18401,false,0.011366
19600,56722,false,0.057553
19602,4165,true,0.539379
19602,16659,false,0.313507
19602,21565,false,0.504575
19602,23783,false,0.069178
19602,53244,false,0.474628
19602,53279,false,0.88833
19602,58227,false,0.739154
19604,4234,true,0.176812
19604,35331,false,0.78698
19604,59738,false,0.84912
19605,17600,false,0.217439
19605,42374,false,0.620368
19605,46227,false,0.686355
19606,4777,true,0.460425
19606,19183,false,0.868756
19606,25949,false,0.234027
19606,41108,false,0.896115
19607,4460,true,0.515355
19607,13587,false,0.237948
19607,19851,false,0.205792
19607,30490,false,0.013069
19608,30987,false,0.333453
19609,20904,false,0.125318
19609,24880,false,0.974666
19609,42243,false,0.755943
19609,59813,false,0.521491
19610,4270,true,0.390843
19610,10446,false,0.445461
19610,17761,false,0.126983
19611,13950,false,0.005606
19611,45086,false,0.310807
19611,47358,false,0.322326
19611,51681,false,0.00434
19612,37461,false,0.683574
19612,41410,false,0.513181
19612,51698,false,0.113141
19612,53693,false,0.946718
19612,56293,false,0.826978
19613,21326,false,0.014958
19613,23771,false,0.567717
19614,4910,true,0.008747
19614,16535,false,0.967014
19614,32454,false,0.164086
19614,57033,false,0.960496
19615,56196,false,0.518049
19617,24423,false,0.245163
19617,34872,false,0.104462
19617,42047,false,0.157611
19618,4272,true,0.750034
19620,10975,false,0.806566
19620,20981,false,0.106096
19620,41633,false,0.868639
19620,45207,false,1.002187
19621,4150,true,0.609149
19621,30181,false,0.858975
19622,51647,false,0.863519
19622,59115,false,0.949796
19623,12425,false,0.680626
19623,19043,false,0.037158
19623,47556,false,0.383732
19623,48499,false,0.658363
19624,15512,false,0.038846
19624,20143,false,0.711015
19624,37030,false,0.898093
19624,51998,false,0.340914
19625,16874,false,0.106999
19625,27383,false,0.205526
19626,58696,false,0.953931
19627,36334,false,0.298249
19627,53356,false,0.212136
19628,13090,false,0.377413
19628,49969,false,0.662459
19628,54246,false,0.754934
19629,10839,false,0.899303
19629,29964,false,0.45042
19629,56521,false,0.256182
19632,16322,false,0.166971
19633,28059,false,0.699102
19634,10317,false,0.244835
19634,13346,false,0.145322
19634,45417,false,0.4028
19634,49480,false,0.092132
19634,50693,false,0.378165
19635,37132,false,0.356693
19636,12210,false,0.282693
19637,12438,false,0.473726
19637,15347,false,0.175165
19637,33292,false,0.380366
19637,37167,false,0.475666
19637,44043,false,0.353778
19638,20440,false,0.206456
19638,30268,false,0.173858
19638,34005,false,0.742396
19638,50679,false,0.74074
19639,11314,false,0.235594
19639,17221,false,0.635968
19639,24701,false,0.705932
19639,25052,false,0.276718
19640,21322,false,0.225383
19640,32583,false,0.609058
19640,39404,false,0.403462
19641,12170,false,0.382651
19641,19382,false,0.938291
19641,43585,false,0.0337
19642,4682,true,0.811802
19642,54226,false,0.493466
19644,14458,false,0.505321
19644,35691,false,0.635334
19644,41124,false,0.00488
19644,44061,false,0.672993
19645,16955,false,0.998574
19645,30583,false,0.889205
19645,45753,false,0.122894
19646,29223,false,0.573247
19646,40630,false,0.657852
19646,49521,false,0.325647
19647,38812,false,0.439723
19647,54595,false,0.939285
19647,55530,false,0.456986
19648,4315,true,0.192033
19648,31154,false,0.421638
19648,36694,false,0.139922
19648,45891,false,0.13548
19649,37794,false,0.096671
19649,52623,false,0.470153
19650,13800,false,0.798203
19650,52201,false,0.792186
19651,25331,false,0.054965
19651,50723,false,0.973397
19652,30631,false,0.826018
19652,47323,false,0.605804
19652,50276,false,0.20438
19653,37680,false,0.770087
19653,48727,false,0.404446
19654,12238,false,1.123646
19654,14956,false,0.743441
19654,15225,false,0.176657
19654,43341,false,0.979003
19655,10530,false,0.930421
19655,16740,false,0.154547
19655,17774,false,0.768999
19655,54681,false,0.524134
19656,28424,false,0.166838
19657,18936,false,0.12774
19657,21462,false,0.870859
19658,10492,false,1.013096
19658,41219,false,0.895607
19658,45515,false,0.283713
19658,51617,false,0.59515
19659,39141,false,0.730175
19659,47859,false,0.480485
19661,4655,true,0.859227
19662,41553,false,0.010291
19662,48164,false,0.638612
19663,10199,false,0.083031
19663,22736,false,0.893573
19663,28632,false,0.908757
19663,53263,false,0.171147
19664,20428,false,0.270135
19664,26628,false,0.503928
19664,43543,false,0.72515
19665,4057,true,0.635478
19665,4526,true,0.240276
19665,11176,false,0.197414
19665,18941,false,0.894938
19666,22412,false,0.871019
19666,40279,false,0.437613
19666,40787,false,0.854176
19666,53722,false,0.355278
19668,20004,false,0.330222
19668,36761,false,0.89388
19668,51174,false,0.373656
19669,37980,false,0.812816
19669,53201,false,0.432266
19671,38644,false,0.14926
19671,59297,false,0.499508
19672,20873,false,0.937509
19672,55045,false,0.481962
19672,56009,false,0.216112
19673,47046,false,0.163443
19676,11750,false,0.825149
19676,42771,false,0.252124
19677,18346,false,0.01509
19677,29999,false,0.577881
19679,12929,false,0.894483
19679,19692,false,0.136047
19679,20496,false,0.689694
19679,56629,false,0.305878
19679,57311,false,0.62478
19679,58582,false,0.713824
19680,14396,false,0.590418
19680,16888,false,0.361967
19680,52223,false,0.814709
19681,30940,false,1.014805
19681,34982,false,0.544049
19682,13856,false,0.364599
19682,43975,false,0.465905
19682,48744,false,0.655697
19683,17705,false,0.58481
19683,47023,false,0.126103
19683,52720,false,0.745287
19684,16538,false,0.897104
19684,52370,false,0.608145
19686,11098,false,0.084748
19686,20088,false,0.752497
19686,26905,false,0.908482
19686,41683,false,0.037074
19686,54666,false,0.828878
19687,32907,false,0.699313
19687,45150,false,0.637501
19687,47764,false,0.694
19688,11599,false,0.547672
19689,35223,false,0.427091
19689,58085,false,0.282482
19690,21219,false,0.093827
19691,28087,false,0.285746
19692,10004,false,0.171199
19692,32980,false,0.721496
19692,50377,false,0.356669
19692,58247,false,0.612283
19693,58676,false,0.266978
19694,56090,false,0.112379
19695,43645,false,0.6363
19695,55603,false,0.948983
19695,56154,false,0.119761
19696,30909,false,0.370986
19697,23538,false,0.81941
19697,31040,false,0.04082
19697,40256,false,0.149397
19697,43612,false,0.898235
19698,29285,false,0.310917
19698,41316,false,0.264225
19699,24820,false,0.702277
19699,55705,false,0.039654
19700,33573,false,0.793294
19700,35718,false,0.340859
19700,37387,false,0.093748
19700,40349,false,0.44899
19701,36500,false,0.869931
19702,10190,false,0.155572
19702,53808,false,0.288519
19703,23418,false,0.895808
19703,28198,false,0.307544
19703,36893,false,0.948458
19705,59401,false,0.92164
19707,32673,false,0.968847
19707,56004,false,0.369698
19708,12115,false,0.599239
19709,49516,false,0.901719
19709,50923,false,0.328875
19710,47756,false,0.983504
19711,26048,false,0.080427
19712,4374,true,0.443136
19712,16227,false,0.252274
19712,17205,false,0.407608
19712,39978,false,0.311627
19713,24899,false,0.722758
19713,30770,false,0.060663
19714,33496,false,0.449292
19714,43643,false,0.159357
19715,20312,false,0.881565
19715,24250,false,1.009914
19715,28932,false,0.755689
19715,48992,false,1.031755
19717,48605,false,0.820515
19717,49201,false,0.631687
19718,36932,false,0.576576
19718,52807,false,0.785565
19719,12393,false,0.595987
19719,22000,false,0.349556
19719,23997,false,0.554997
19720,11425,false,0.517444
19720,52260,false,0.005401
19722,19197,false,0.204111
19722,42149,false,0.568279
19722,43565,false,0.564108
19722,48669,false,0.528759
19722,58005,false,0.42995
19723,18864,false,0.695133
19723,36929,false,0.928084
19724,30994,false,0.912603
19726,55990,false,0.276616
19727,11246,false,0.884201
19727,18739,false,0.675447
19727,23985,false,0.261104
19727,53795,false,0.644156
19728,17619,false,0.926439
19728,20649,false,0.767017
19728,24366,false,0.090439
19728,32467,false,0.927375
19728,39606,false,0.529254
19728,40141,false,0.363389
19728,40939,false,0.654375
19728,55231,false,0.851704
19728,56096,false,0.926763
19729,23369,false,0.940827
19730,36201,false,0.786866
19731,40115,false,0.613694
19732,4820,true,0.74275
19732,19694,false,0.822258
19732,28527,false,0.423571
19732,58208,false,0.396421
19733,13011,false,0.109174
19733,23891,false,0.042819
19733,42014,false,0.944934
19733,48543,false,0.121176
19734,26133,false,0.802282
19734,27028,false,0.524991
19734,53185,false,0.763414
19735,4415,true,0.044714
19735,30004,false,0.298994
19736,10914,false,0.493832
19736,27465,false,0.007102
19737,4367,true,0.79093
19737,35169,false,0.216787
19737,36861,false,0.02427
19737,38424,false,0.029882
19738,4115,true,0.654775
19738,13069,false,0.048454
19739,4803,true,0.765893
19739,12663,false,0.549749
19739,24208,false,0.689942
19740,58592,false,0.638191
19740,59598,false,0.59402
19741,4502,true,0.221369
19741,27454,false,0.958038
19742,36387,false,0.254036
19742,59352,false,0.942059
19742,59998,false,0.317207
19744,4139,true,0.044349
19744,4252,true,0.242244
19744,4442,true,0.976578
19745,4544,true,0.148871
19745,13230,false,0.025314
19746,15557,false,0.597646
19746,35730,false,0.164676
19746,53819,false,0.361235
19746,56983,false,0.326088
19747,40260,false,0.505164
19747,59093,false,0.191968
19748,4757,true,0.910059
19748,29524,false,0.834591
19748,33142,false,0.625789
19749,4217,true,0.919084
19749,4843,true,0.364815
19749,14668,false,1.0116
19749,30279,false,0.644233
19749,30657,false,0.940879
19749,53551,false,0.853467
19750,18724,false,0.813378
19750,27286,false,0.461094
19750,31533,false,0.958493
19750,34303,false,0.826863
19750,53022,false,0.028199
19751,32382,false,0.236122
19752,33500,false,0.9804
19752,33920,false,0.364429
19753,56753,false,0.482138
19754,13834,false,0.294521
19754,56274,false,0.658086
19754,57015,false,0.834641
19755,32968,false,0.408078
19755,50181,false,0.456779
19755,58210,false,0.047444
19756,27503,false,0.473295
19756,34779,false,0.37061
19757,4576,true,0.356103
19757,4761,true,0.699038
19757,18801,false,0.918977
19757,33089,false,0.305236
19757,36209,false,0.507819
19757,40915,false,0.458339
19757,42843,false,0.102144
19757,55915,false,0.237764
19760,4788,true,0.530783
19760,34955,false,0.677892
19760,54555,false,0.024531
19761,12547,false,0.849957
19761,49601,false,0.537347
19762,13885,false,0.877393
19762,24171,false,0.912232
19762,26945,false,0.602375
19763,38702,false,0.750868
19763,55162,false,0.416964
19763,58524,false,0.538186
19764,4214,true,0.623685
19764,18177,false,0.947245
19764,28360,false,0.123613
19764,33593,false,0.146328
19764,44459,false,0.525897
19764,54090,false,0.295177
19765,4279,true,0.399649
19765,11778,false,0.47507
19765,13131,false,0.671859
19765,31542,false,0.506382
19766,10229,false,0.422757
19766,22991,false,0.136303
19766,29541,false,0.57854
19767,25007,false,0.348164
19767,30450,false,0.877223
19767,42198,false,0.761815
19767,51871,false,0.048717
19768,17865,false,0.711426
19768,41354,false,0.822264
19768,47379,false,0.271203
19769,4336,true,0.532084
19769,13219,false,0.379364
19769,35014,false,0.708081
19769,53255,false,0.587127
19771,4769,true,0.287301
19772,4202,true,0.104491
19772,38772,false,0.864663
19773,36863,false,0.208874
19773,42604,false,1.011463
19773,51207,false,0.930096
19773,53905,false,0.826233
19774,4043,true,0.172644
19774,4610,true,0.369444
19774,38425,false,0.930956
19774,41870,false,0.828667
19774,55230,false,0.163478
19775,36759,false,0.970965
19775,46929,false,0.29561
19775,58927,false,0.947866
19776,4313,true,0.610423
19776,26469,false,0.367833
19776,31547,false,0.73519
19776,37923,false,0.352379
19776,40079,false,0.021935
19777,4220,true,0.004346
19777,28154,false,0.069376
19778,4243,true,0.627099
19778,14724,false,0.668617
19778,18216,false,0.110997
19778,25726,false,1.002199
19778,45444,false,0.050997
19778,54801,false,0.608674
19778,54839,false,0.505915
19779,21115,false,0.555245
19779,59165,false,0.635713
19780,4323,true,0.34211
19780,4945,true,0.140389
19780,22226,false,0.28634
19780,36704,false,0.883
19780,51228,false,0.620938
19781,4878,true,0.052091
19781,39208,false,0.101731
19781,42578,false,0.744978
19781,52391,false,0.827952
19781,57580,false,0.842547
19782,45900,false,0.202889
19782,50779,false,0.822147
19782,59006,false,0.220191
19783,19139,false,0.162712
19783,26193,false,0.897186
19784,54994,false,0.320021
19785,16217,false,0.221247
19786,14123,false,0.209053
19786,15854,false,0.346531
19786,23137,false,0.671983
19786,24909,false,0.548944
19786,28973,false,0.790863
19786,59952,false,0.120423
19787,34753,false,0.245695
19787,44900,false,0.015589
19788,38370,false,0.729842
19788,39644,false,0.392672
19788,39899,false,1.067619
19788,55412,false,0.317135
19789,25188,false,0.804754
19789,43076,false,0.551027
19790,34869,false,0.560182
19790,53848,false,0.105727
19791,24240,false,0.451786
19792,20543,false,0.28575
19792,44776,false,0.857097
19792,56030,false,0.193096
19793,47165,false,0.498033
19793,48276,false,0.697709
19794,24934,false,0.541003
19795,16855,false,0.856953
19795,19143,false,0.30552
19795,54390,false,0.126478
19796,23491,false,0.841291
19796,44817,false,0.914965
19796,45658,false,0.806013
19796,46655,false,0.004565
19797,12044,false,0.052856
19797,34009,false,0.718331
19797,49879,false,0.986432
19798,28571,false,0.250932
19798,34556,false,0.973175
19798,38328,false,0.78512
19799,28439,false,0.707845
19800,18995,false,0.400732
19800,29717,false,0.266184
19800,58371,false,0.969289
19801,12037,false,0.796333
19801,31750,false,0.510096
19801,55437,false,0.978361
19802,17501,false,0.126745
19802,34253,false,0.286488
19802,56454,false,0.598463
19803,11330,false,0.777987
19803,17184,false,0.336716
19803,44160,false,0.322365
19803,46253,false,0.222482
19804,14747,false,0.482621
19805,18065,false,0.606566
19805,29732,false,0.092474
19806,16301,false,0.375364
19806,49143,false,1.015066
19806,51507,false,0.693737
19807,14706,false,0.755459
19807,38582,false,0.041174
19808,14732,false,0.55232
19808,41551,false,0.262183
19809,44033,false,0.30068
19810,11166,false,0.860824
19810,11748,false,0.605883
19811,4659,true,0.814026
19811,13844,false,0.178693
19811,20468,false,0.264982
19811,21833,false,0.112616
19811,27130,false,0.050892
19811,38827,false,0.10847
19812,11701,false,0.169761
19812,24006,false,0.44969
19812,32139,false,0.396084
19812,39175,false,0.391829
19812,48991,false,0.159953
19813,4100,true,0.559883
19813,26639,false,0.11308
19813,33591,false,1.01384
19814,4718,true,0.489294
19814,38879,false,0.097352
19814,44440,false,0.990653
19814,52658,false,0.441761
19815,4254,true,0.400005
19815,23063,false,0.594781
19815,26071,false,0.440329
19816,10292,false,0.844283
19816,16414,false,0.668602
19816,25537,false,0.722542
19817,4259,true,0.370107
19817,16374,false,0.447585
19818,29176,false,0.687621
19818,55597,false,0.223395
19819,52176,false,0.290615
19820,4122,true,0.070932
19820,32524,false,0.541042
19821,15575,false,0.726896
19821,56600,false,0.605538
19822,21677,false,0.082366
19822,39272,false,0.706458
19823,28652,false,0.347258
19823,52617,false,0.136688
19823,56965,false,0.343525
19824,44280,false,0.11614
19824,45463,false,0.962811
19825,10961,false,0.771095
19825,28201,false,0.176196
19825,57875,false,0.235364
19826,10116,false,0.094035
19826,13938,false,0.890532
19826,16041,false,0.708639
19826,29812,false,0.127993
19826,45887,false,0.626893
19827,29215,false,0.11212
19827,45264,false,0.432705
19828,22250,false,0.593569
19828,28849,false,0.286771
19828,32874,false,1.003759
19828,39101,false,0.51847
19828,43771,false,0.50574
19829,20299,false,0.252048
19829,58108,false,0.764237
19830,19203,false,0.448366
19830,25375,false,0.660345
19831,11849,false,0.747521
19831,18343,false,0.184572
19831,32558,false,0.61593
19832,56317,false,0.831284
19832,57928,false,0.246325
19833,10285,false,0.710074
19833,57676,false,0.213562
19834,15855,false,0.594262
19834,32413,false,0.947144
19835,29983,false,0.560834
19835,31608,false,0.751703
19835,31873,false,0.823354
19835,36370,false,0.549136
19835,53505,false,0.399227
19837,26888,false,0.273214
19837,27161,false,0.064251
19838,22457,false,0.512198
19838,52237,false,0.215722
19838,58244,false,0.554029
19839,15830,false,0.663651
19839,26774,false,0.010044
19840,23536,false,0.878242
19840,37909,false,0.435565
19840,39641,false,0.797248
19841,10467,false,0.315275
19841,28611,false,0.216013
19841,40892,false,0.386012
19842,12167,false,0.366223
19842,58865,false,0.213909
19843,22792,false,0.938997
19843,31424,false,0.925965
19845,11951,false,0.975393
19847,4156,true,0.98684
19847,20154,false,0.767397
19847,25200,false,0.195977
19848,4034,true,0.078693
19848,4304,true,0.694166
19848,10765,false,0.125494
19848,19001,false,0.278735
19848,36030,false,0.536139
19848,42707,false,0.754795
19848,54592,false,0.459649
19849,13757,false,0.797285
19851,30946,false,0.278407
19852,44032,false,0.065684
19852,49044,false,0.468653
19852,55185,false,0.55482
19852,56109,false,0.002933
19853,4121,true,0.87104
19853,18680,false,0.016434
19854,4889,true,0.274202
19854,15357,false,0.826386
19854,54691,false,0.653066
19855,4876,true,0.908623
19856,4944,true,0.890901
19856,52515,false,0.823226
19857,4048,true,0.006308
19857,4683,true,0.648321
19857,4882,true,0.214126
19857,25894,false,0.744668
19857,41941,false,0.256043
19858,16623,false,0.172177
19858,47440,false,0.399036
19859,13619,false,0.300694
19859,19752,false,0.682902
19859,27071,false,0.988415
19859,35214,false,0.369259
19859,41895,false,0.151631
19860,20000,false,0.666711
19861,21213,false,0.046297
19861,24044,false,0.726103
19861,28980,false,0.893315
19861,31682,false,0.090022
19861,40754,false,0.7363
19861,43555,false,0.471503
19862,4699,true,0.753745
19862,4738,true,0.551507
19862,11111,false,0.205045
19862,15521,false,0.781006
19862,19216,false,0.461004
19863,4972,true,0.150938
19863,28578,false,0.635083
19863,35259,false,0.12342
19863,53112,false,0.593835
19864,4226,true,0.439034
19864,16601,false,0.558527
19865,4809,true,0.477231
19865,4995,true,0.812412
19865,14625,false,0.544303
19865,18453,false,0.687645
19865,23244,false,0.917521
19865,25703,false,0.125155
19865,28834,false,0.682627
19865,47762,false,0.493073
19865,58401,false,0.183552
19866,4204,true,0.785041
19866,50719,false,0.568011
19866,52931,false,0.142091
19867,37098,false,0.953812
19867,52712,false,0.95049
19868,15115,false,0.878347
19868,27109,false,0.958151
19868,28649,false,0.836041
19868,44814,false,0.321643
19869,54100,false,0.127565
19870,15831,false,0.918785
19870,29714,false,0.982897
19870,31921,false,0.183055
19871,4317,true,0.231683
19871,10431,false,0.099307
19871,44361,false,0.689133
19872,13459,false,0.343901
19873,25465,false,0.076462
19874,15472,false,0.784759
19874,26287,false,0.272576
19875,45646,false,0.717208
19875,46123,false,0.621229
19876,4551,true,0.445611
19876,28892,false,0.152667
19876,50242,false,0.568736
19877,30419,false,0.53351
19877,38484,false,0.258716
19878,4292,true,0.083344
19878,4562,true,0.161884
19878,19732,false,0.281319
19879,4133,true,0.785504
19879,4360,true,0.647131
19879,23675,false,0.14552
19879,33433,false,0.981653
19880,4548,true,0.697713
19880,18329,false,0.921462
19880,33114,false,0.842988
19880,48118,false,0.589923
19881,35609,false,0.55094
19881,57366,false,0.267893
19882,4342,true,0.985966
19882,4464,true,0.203537
19882,34528,false,1.011079
19882,57260,false,0.78584
19883,49369,false,0.729085
19884,23443,false,0.472593
19885,20647,false,0.761115
19885,56287,false,0.048612
19885,59071,false,0.241963
19886,10890,false,0.180833
19886,11525,false,0.363833
19886,27025,false,0.252788
19886,29902,false,0.054439
19886,34058,false,1.004349
19887,4134,true,0.706733
19887,29904,false,0.670111
19887,31273,false,0.648575
19887,56131,false,0.721858
19888,15987,false,0.890238
19888,23400,false,0.274845
19888,42620,false,0.450984
19888,46671,false,0.499232
19888,53499,false,0.321769
19889,20883,false,0.70116
19889,29185,false,0.041961
19889,32538,false,0.604226
19889,40107,false,0.650146
19889,56774,false,0.684198
19890,50460,false,0.354664
19891,4329,true,1.014578
19891,57453,false,0.78039
19892,18958,false,0.24299
19892,20745,false,0.406968
19892,25263,false,0.518446
19892,45231,false,0.36289
19893,10906,false,0.936961
19893,11877,false,0.921104
19893,17905,false,0.267176
19893,19520,false,0.058263
19893,48678,false,0.789008
19894,22416,false,0.588039
19894,36288,false,0.133421
19895,14061,false,0.882755
19895,43456,false,0.685246
19896,14818,false,0.168545
19896,28234,false,0.39859
19897,34662,false,0.954455
19897,38221,false,0.436223
19898,33131,false,0.681687
19899,23785,false,0.441252
19899,41451,false,0.777603
19900,25531,false,0.39664
19900,25572,false,0.374545
19900,37796,false,0.51539
19900,50729,false,0.296586
19901,4095,true,0.814578
19901,13998,false,0.535413
19901,15974,false,0.405451
19901,20445,false,0.908982
19901,42939,false,0.510171
19903,16303,false,0.719229
19903,20245,false,0.879092
19903,21321,false,0.640479
19903,33031,false,0.056732
19903,53705,false,0.523325
19903,58979,false,0.374788
19904,11710,false,0.384684
19904,54117,false,0.126649
19905,28151,false,0.252102
19905,34979,false,0.214193
19905,51935,false,0.514666
19906,39851,false,0.274252
19906,45160,false,0.064283
19907,33619,false,0.736977
19907,40424,false,0.246517
19908,23520,false,0.475395
19909,16253,false,0.173902
19909,29884,false,0.846426
19909,37187,false,0.19092
19909,55768,false,0.966552
19910,35382,false,0.525356
19911,37957,false,0.337882
19911,44877,false,0.735808
19912,21002,false,0.321198
19912,23092,false,0.453797
19913,23062,false,0.585016
19913,31970,false,0.776643
19914,28709,false,0.325614
19914,42722,false,0.500425
19914,55048,false,0.423346
19915,44231,false,0.455648
19916,50775,false,0.899338
19917,10917,false,0.338563
19917,12054,false,0.703361
19917,24575,false,0.281283
19917,32169,false,0.955189
19917,40527,false,0.903572
19917,50371,false,0.590133
19917,50682,false,0.21617
19917,53250,false,0.33674
19918,10411,false,0.271975
19918,13830,false,0.802505
19918,14612,false,0.469293
19918,17519,false,0.402122
19918,25740,false,0.820976
19918,32721,false,0.795072
19919,4721,true,0.588925
19919,21988,false,0.293101
19919,38209,false,0.902199
19920,49434,false,0.768046
19920,57258,false,0.72498
19921,12122,false,0.11248
19921,29455,false,0.185383
19921,40298,false,0.455456
19923,15592,false,1.016812
19923,26410,false,0.778538
19923,34861,false,0.110371
19923,41427,false,0.413809
19923,43196,false,0.14222
19924,4066,true,0.821154
19924,4506,true,0.507259
19924,29326,false,0.781609
19924,42756,false,0.299419
19924,55357,false,0.789112
19924,57173,false,0.281694
19925,22943,false,0.207504
19925,36653,false,0.989467
19926,13600,false,0.223713
19926,14966,false,0.24333
19926,44634,false,0.381504
19926,48772,false,0.536461
19927,4427,true,0.27476
19927,16828,false,0.136897
19927,21811,false,0.852393
19927,32294,false,0.667049
19927,33750,false,0.45963
19927,48915,false,0.438912
19927,53988,false,0.81523
19928,28503,false,0.240453
19929,4146,true,0.872499
19929,4557,true,0.556725
19930,23499,false,0.892261
19930,33546,false,0.216604
19930,42554,false,0.583219
19930,48246,false,0.52984
19930,48537,false,0.308051
19930,57137,false,0.431465
19931,4084,true,0.652621
19931,4855,true,0.66322
19931,17752,false,0.861974
19931,25138,false,1.005727
19931,34024,false,0.952603
19931,51344,false,0.179593
19932,26067,false,0.42896
19932,37563,false,0.681568
19933,58415,false,0.418018
19934,38600,false,0.276013
19934,51700,false,0.110329
19935,4187,true,0.352388
19935,17952,false,0.141245
19935,35242,false,0.025178
19935,38685,false,0.484738
19935,38751,false,0.768707
19935,49845,false,0.133744
19936,41663,false,0.919132
19936,52497,false,0.770929
19936,53389,false,0.722047
19937,28704,false,0.094427
19937,30546,false,0.989633
19937,53706,false,0.302135
19938,4559,true,0.336548
19938,43566,false,0.891704
19938,56333,false,0.496823
19939,4713,true,0.68369
19939,12636,false,0.995908
19939,14013,false,0.651246
19940,21995,false,0.669548
19940,26258,false,0.942529
19940,46666,false,0.43606
19941,4085,true,0.294068
19941,41918,false,0.633142
19943,4361,true,0.592719
19943,19504,false,0.430461
19943,30914,false,0.253675
19943,44965,false,0.997487
19944,27702,false,0.414829
19945,10354,false,0.838749
19945,17570,false,0.637772
19945,41400,false,0.827403
19946,10654,false,0.203182
19946,39330,false,0.124897
19947,14213,false,0.08998
19947,15350,false,0.984467
19947,17394,false,0.512159
19948,4628,true,0.910179
19948,45143,false,0.227702
19949,28945,false,0.129917
19949,34567,false,0.138202
19949,35411,false,0.697757
19950,17869,false,0.816462
19950,33587,false,0.130748
19951,4168,true,0.465165
19952,31138,false,0.193473
19952,33855,false,0.132674
19952,44135,false,0.080298
19952,59012,false,0.980792
19953,10350,false,0.718959
19953,13632,false,0.38315
19953,13835,false,0.739894
19953,16837,false,0.288728
19953,53540,false,0.894419
19954,4090,true,0.535277
19954,18879,false,0.821703
19954,31400,false,0.833263
19954,47179,false,0.537624
19954,56151,false,0.856861
19954,57470,false,0.31403
19954,58123,false,0.621726
19955,12107,false,0.063166
19955,20411,false,0.662196
19955,24447,false,0.869307
19955,37038,false,0.619854
19955,37131,false,0.007749
19955,40941,false,0.363482
19956,39017,false,1.002232
19956,56215,false,0.945677
19957,13864,false,0.243914
19957,16385,false,0.352459
19957,39443,false,0.412868
19958,11711,false,0.165865
19958,14184,false,0.476821
19958,24799,false,0.398516
19958,44274,false,0.883588
19959,15038,false,0.541227
19960,50665,false,0.118147
19961,31591,false,0.304192
19962,38043,false,0.898045
19962,38465,false,0.907658
19962,53987,false,0.027269
19963,18601,false,0.415063
19964,58663,false,0.090329
19966,21018,false,0.587687
19966,48182,false,0.413468
19967,13487,false,0.709025
19968,54422,false,0.206405
19969,4373,true,0.450429
19969,30592,false,0.979177
19969,34550,false,0.439983
19969,49698,false,0.978841
19969,52654,false,0.546033
19969,53181,false,0.89365
19970,4919,true,0.609971
19970,54279,false,1.050199
19971,4035,true,0.80595
19971,31325,false,0.259234
19972,4483,true,0.28263
19972,4677,true,0.78221
19973,40796,false,0.685888
19973,42497,false,0.594864
19973,44210,false,0.329503
19973,55635,false,0.601518
19974,18398,false,0.031585
19974,28129,false,1.00912
19974,29824,false,0.452125
19974,51366,false,0.205424
19974,56970,false,0.954144
19975,4453,true,0.06618
19975,4874,true,0.51027
19975,28029,false,0.512145
19975,47914,false,0.554427
19975,52908,false,0.135493
19976,11027,false,0.654903
19976,44641,false,0.282543
19976,58836,false,0.660502
19977,21415,false,0.191143
19977,24453,false,0.346304
19978,33347,false,0.248532
19979,4879,true,0.249618
19979,44395,false,0.341742
19979,49184,false,0.422664
19980,12258,false,0.702641
19980,46196,false,0.39092
19980,49722,false,0.990592
19981,4418,true,0.861485
19981,18858,false,0.907753
19983,13285,false,0.103499
19983,21113,false,0.420917
19983,37472,false,0.882101
19983,54792,false,0.086086
19984,4633,true,0.520847
19984,46460,false,0.103361
19985,4294,true,0.141912
19985,19832,false,0.032651
19986,4184,true,0.708316
19986,29566,false,0.680504
19986,38456,false,0.973884
19987,42227,false,0.122042
19987,56488,false,0.651834
19987,56553,false,0.382307
19987,59642,false,0.135619
19988,4475,true,0.78161
19988,39026,false,0.61686
19988,58188,false,0.867108
19989,16199,false,0.244814
19989,26643,false,0.849732
19989,39353,false,0.16341
19989,44741,false,0.655218
19989,47858,false,0.948805
19990,19095,false,1.011113
19990,27709,false,0.950799
19991,24374,false,0.473424
19991,26145,false,0.972051
19991,33475,false,0.251864
19991,57092,false,0.695124
19992,4266,true,0.987896
19992,33195,false,0.701074
19993,4344,true,0.781513
19993,34189,false,0.857928
19993,36906,false,0.271139
19993,51729,false,0.493161
19994,4065,true,0.773991
19994,17159,false,0.030639
19994,39935,false,0.381702
19994,57999,false,0.790162
19995,19789,false,0.492069
19995,21388,false,0.423108
19997,37033,false,0.688949
19998,4618,true,0.402358
19998,18106,false,0.701046
19998,26823,false,0.393922
19998,33732,false,0.103939
19999,12910,false,0.911403
20000,27373,false,0.081981
20000,37171,false,0.593252
20000,38139,false,0.070506
20000,45116,false,0.440411
20002,27072,false,0.291158
20003,24308,false,0.952973
20003,34863,false,0.900581
20004,53855,false,0.094596
20005,4814,true,0.90043
20005,48258,false,0.875657
20006,4741,true,0.318579
20006,16985,false,0.169545
20006,20697,false,0.307087
20006,30748,false,0.257379
20006,43084,false,0.008657
20006,59697,false,0.023531
20007,13177,false,0.790113
20007,21647,false,0.711576
20008,17636,false,0.614886
20008,18676,false,0.298372
20008,29525,false,0.688527
20008,29527,false,0.716203
20008,41536,false,0.004839
20009,4846,true,0.393996
20011,4205,true,0.004032
20011,50523,false,0.253862
20011,53550,false,0.637081
20012,14444,false,0.119962
20012,45059,false,0.418159
20013,4691,true,0.148017
20013,14319,false,0.772941
20013,26162,false,0.10742
20013,55386,false,0.516226
20014,4293,true,0.661413
20014,46560,false,0.476174
20014,53048,false,0.38511
20015,19729,false,0.118389
20015,40921,false,0.864126
20015,43556,false,0.083298
20015,49453,false,0.597925
20015,51875,false,0.790509
20015,59113,false,0.823606
20016,12591,false,0.616995
20016,21121,false,0.192399
20016,22445,false,0.187
20017,10926,false,0.571326
20017,24410,false,0.844364
20017,51175,false,0.950951
20018,37127,false,0.806331
20018,52741,false,0.142515
20019,13688,false,0.146871
20019,40617,false,0.085491
20019,53882,false,0.153224
20020,23793,false,0.274868
20021,48284,false,0.752113
20021,51674,false,0.269487
20022,12424,false,0.606351
20022,19361,false,0.769235
20022,37676,false,0.115558
20022,46717,false,0.546968
20022,49989,false,0.154648
20022,54318,false,0.727668
20023,37633,false,0.382984
20023,40291,false,0.845163
20024,33949,false,0.461919
20025,16165,false,0.552831
20025,21471,false,0.206307
20025,47332,false,0.103683
20027,36655,false,0.250545
20028,4206,true,0.631986
20028,45283,false,0.341672
20029,50191,false,0.135149
20030,24744,false,0.586583
20030,27183,false,0.747532
20031,4538,true,0.641022
20031,13602,false,0.320477
20031,19042,false,0.110941
20031,22280,false,0.135337
20032,4637,true,0.633875
20032,15323,false,0.511899
20032,17367,false,0.240399
20032,25747,false,0.382958
20032,48575,false,0.364935
20032,59882,false,0.609806
20033,4869,true,0.709428
20033,31224,false,1.010235
20033,46931,false,0.704818
20034,15997,false,0.031139
20034,57607,false,0.103724
20035,4108,true,1.002254
20035,4131,true,0.932201
20035,25969,false,0.739774
20035,57811,false,0.313146
20036,29837,false,0.31449
20036,43580,false,0.52775
20036,43714,false,0.417817
20036,49019,false,0.92398
20036,54110,false,0.562562
20036,55499,false,0.521459
20037,12341,false,0.293795
20037,14828,false,0.13628
20037,39487,false,0.753955
20037,46362,false,0.340032
20037,54561,false,0.407533
20038,4860,true,0.270434
20038,13489,false,0.420619
20038,19290,false,1.007945
20038,40238,false,0.250037
20038,42980,false,0.655551
20038,43191,false,0.755703
20038,54425,false,0.783978
20039,29600,false,0.421922
20039,50596,false,0.07873
20040,38944,false,0.91296
20040,46222,false,0.256572
20041,10536,false,0.858063
20041,33125,false,0.884304
20042,4863,true,0.641889
20042,29622,false,0.928019
20042,31615,false,0.200741
20042,39843,false,0.795601
20042,40211,false,0.444691
20042,41017,false,0.347613
20042,45435,false,0.87774
20042,54863,false,0.02146
20042,56357,false,0.142729
20043,51746,false,0.602835
20043,54216,false,0.874174
20044,4926,true,0.989224
20044,11592,false,0.256597
20044,38529,false,0.388804
20044,41965,false,1.005942
20045,4378,true,0.324576
20045,4605,true,0.404653
20045,49545,false,0.851716
20045,54163,false,0.702856
20045,56331,false,0.754005
20046,19766,false,0.883913
20046,28694,false,0.702341
20046,42308,false,0.324356
20047,28723,false,0.957744
20047,32858,false,0.119207
20047,48345,false,0.424231
20048,4742,true,0.181219
20048,14684,false,0.60729
20048,20387,false,0.922511
20048,23559,false,0.536009
20048,44118,false,0.165292
20051,19502,false,0.037373
20051,26180,false,0.131654
20051,33444,false,0.969639
20052,13516,false,0.010561
20052,15144,false,0.298131
20052,37589,false,0.919346
20052,47787,false,0.63077
20053,21436,false,0.005058
20053,23392,false,0.016637
20054,12066,false,0.983615
20054,58545,false,0.131871
20055,12146,false,0.596
20055,14976,false,0.559296
20055,18605,false,0.686868
20055,24872,false,0.723984
20055,55794,false,0.008854
20055,58294,false,0.42564
20056,24559,false,0.233164
20056,26755,false,0.065997
20056,58946,false,0.370244
20058,37306,false,0.900374
20058,52500,false,0.030361
20059,28842,false,0.396648
20059,37776,false,0.714003
20060,41342,false,0.953205
20061,28705,false,0.243556
20061,38149,false,0.992223
20061,59341,false,0.548905
20062,26625,false,0.244188
20062,27968,false,0.344862
20063,20546,false,0.617105
20063,26300,false,0.491205
20064,12574,false,0.748584
20064,46702,false,0.082912
20065,41535,false,0.507764
20066,17669,false,0.270181
20066,18808,false,0.018035
20066,24562,false,0.749851
20066,39238,false,0.6077
20067,47905,false,0.868937
20068,25150,false,0.305341
20068,38975,false,0.538881
20068,43321,false,0.684663
20068,45323,false,0.408239
20069,28305,false,0.332003
20069,59360,false,0.975954
20070,29718,false,0.544688
20070,35294,false,0.702578
20070,50324,false,0.391394
20071,35756,false,0.57846
20071,39013,false,0.189507
20071,55036,false,0.547492
20072,24195,false,0.431172
20072,48515,false,0.387868
20072,57337,false,0.431214
20073,12794,false,0.756393
20073,14331,false,0.068389
20073,18795,false,0.647757
20073,21278,false,0.370302
20073,25059,false,0.662856
20075,39278,false,0.937578
20076,12915,false,0.269799
20076,15998,false,0.043243
20076,57096,false,0.899364
20077,17440,false,0.013306
20077,33298,false,0.614321
20078,29308,false,0.992571
20078,45687,false,0.699033
20079,56771,false,0.369266
20080,18613,false,0.543053
20080,21753,false,0.43213
20081,28006,false,0.622014
20081,59028,false,0.554036
20083,22251,false,0.722758
20083,47827,false,0.981349
20084,32066,false,0.319561
20085,33505,false,0.480206
20085,35232,false,0.523673
20085,59605,false,0.550726
20087,58337,false,0.549984
20088,23023,false,0.797781
20088,56047,false,0.052221
20089,36599,false,0.955255
20089,49145,false,0.35362
20090,13520,false,0.828401
20090,18491,false,0.489934
20090,21583,false,0.438323
20090,25278,false,0.585503
20090,33654,false,0.825795
20090,48022,false,0.118735
20091,34502,false,0.879017
20091,43857,false,0.577594
20092,17086,false,0.475228
20092,31839,false,0.868813
20092,39724,false,0.379418
20092,40568,false,0.111869
20092,50026,false,0.658053
20092,59135,false,0.607511
20093,23208,false,0.445014
20093,32309,false,0.688367
20094,24021,false,0.147971
20095,32888,false,0.066528
20095,55152,false,0.539744
20095,59170,false,0.485379
20096,29584,false,0.96285
20096,47383,false,0.12349
20097,58782,false,0.192742
20098,12380,false,0.908911
20098,18312,false,0.323387
20098,27776,false,1.017272
20098,33839,false,0.623396
20098,58525,false,0.942582
20099,17857,false,0.488774
20099,28266,false,0.663896
20099,39215,false,0.612884
20099,59734,false,0.814069
20100,14998,false,0.961346
20100,17352,false,0.474694
20100,19119,false,0.303469
20100,39093,false,0.015676
20100,53426,false,0.421687
20100,57831,false,0.601433
20101,28967,false,0.460518
20101,37639,false,0.605727
20101,56934,false,0.905648
20102,17910,false,0.366153
20102,25714,false,0.787522
20103,11578,false,0.272302
20103,24511,false,0.322971
20103,58640,false,0.069242
20104,35107,false,0.855455
20104,38762,false,0.534532
20105,19779,false,0.087221
20105,33930,false,0.821834
20105,47794,false,0.390755
20106,12813,false,0.629868
20106,29864,false,0.617558
20108,35172,false,0.631008
20108,44589,false,0.321807
20108,59737,false,0.753302
20109,26826,false,0.553068
20109,34097,false,0.380425
20109,51077,false,0.535942
20109,55861,false,0.597327
20111,47930,false,0.842638
20112,33763,false,0.580956
20112,58638,false,0.153685
20113,22865,false,0.045149
20113,42610,false,0.256394
20113,58253,false,0.870885
20114,10858,false,0.866782
20114,15054,false,0.277253
20115,13149,false,0.239569
20116,11841,false,0.645954
20116,16804,false,0.67274
20116,19360,false,0.098276
20117,35976,false,0.972361
20118,20463,false,0.292387
20118,22797,false,0.929522
20118,39749,false,0.352944
20118,52213,false,0.43038
20119,4190,true,0.676469
20119,4920,true,0.041913
20120,53846,false,0.101344
20121,17060,false,0.542124
20122,14098,false,0.369511
20122,15941,false,0.143994
20122,36941,false,0.619097
20123,25335,false,0.811978
20124,29754,false,0.966988
20125,31094,false,0.206969
20125,52041,false,0.27763
20125,52973,false,0.344598
20126,4980,true,0.26484
20126,17823,false,0.523874
20126,30377,false,0.804545
20126,32301,false,0.153674
20126,58698,false,0.681863
20127,4565,true,0.121095
20127,28397,false,0.688587
20128,37144,false,0.958801
20128,54060,false,0.538431
20130,18756,false,0.51227
20130,19533,false,0.514874
20130,42852,false,0.201608
20131,17639,false,0.356061
20131,51720,false,0.301433
20132,23134,false,0.838128
20133,54449,false,0.142738
20133,54693,false,0.327226
20134,28034,false,0.832813
20134,28207,false,0.478417
20134,55344,false,0.436309
20135,14731,false,0.277651
20135,45644,false,0.332319
20135,51747,false,0.907064
20136,14945,false,0.922468
20136,45920,false,0.054958
20137,18189,false,0.154425
20137,19923,false,0.44201
20137,22959,false,0.263126
20138,32885,false,0.798709
20139,12525,false,0.964722
20139,26483,false,0.783613
20139,32367,false,0.314971
20140,4140,true,0.150885
20140,19140,false,0.145435
20140,54124,false,0.776597
20141,4211,true,0.665235
20142,20648,false,0.956302
20142,27613,false,0.09798
20142,29636,false,0.787807
20142,46777,false,0.649493
20143,44339,false,0.369495
20143,56971,false,0.548626
20144,4775,true,0.242332
20145,4762,true,0.684465
20146,4499,true,0.433777
20146,4646,true,0.054626
20146,29969,false,0.509274
20146,57396,false,0.402884
20147,38507,false,0.060022
20147,42600,false,0.231036
20148,4032,true,0.25154
20148,4160,true,1.009522
20148,22789,false,1.013936
20148,24199,false,0.46025
20148,47804,false,0.761813
20148,48790,false,0.295097
20148,49603,false,0.233734
20150,55446,false,1.005302
20151,38767,false,0.405259
20151,46114,false,0.512181
20152,4174,true,0.065074
20152,4417,true,0.307996
20152,15736,false,0.322306
20153,33368,false,0.527381
20154,24056,false,0.309477
20155,14241,false,0.51649
20155,22967,false,0.720217
20155,25722,false,0.882445
20155,54453,false,0.367126
20156,10206,false,0.853977
20156,15991,false,0.069328
20156,22329,false,0.536164
20156,48768,false,0.488815
20156,59214,false,0.86739
20157,10319,false,0.971249
20158,37685,false,0.956481
20158,50987,false,0.679278
20159,27830,false,0.414667
20159,30650,false,0.983616
20159,31494,false,0.443734
20160,31752,false,0.343366
20161,16512,false,0.384549
20161,20861,false,0.945037
20161,22853,false,0.86506
20161,37919,false,0.385167
20162,23143,false,0.734249
20162,29249,false,0.913566
20162,50815,false,0.85604
20162,50979,false,0.044403
20162,52356,false,0.660361
20163,51709,false,0.006349
20164,44839,false,0.726035
20165,4529,true,0.800103
20165,29704,false,0.330632
20165,52770,false,0.255724
20166,19937,false,0.696933
20167,34849,false,0.605278
20167,37496,false,0.739121
20167,43163,false,0.679516
20168,21843,false,0.899871
20168,45141,false,0.77377
20168,58447,false,0.747258
20169,13981,false,0.182464
20169,18810,false,0.013854
20169,53402,false,0.121865
20170,4589,true,0.733284
20170,4748,true,0.953612
20170,33333,false,0.461436
20171,18163,false,0.223244
20171,19259,false,0.202221
20171,32584,false,0.069633
20171,55199,false,0.179622
20171,59103,false,0.276182
20172,4895,true,0.117523
20172,25427,false,0.986211
20173,4144,true,0.171598
20173,4421,true,0.567429
20173,21986,false,0.569211
20173,38294,false,0.423653
20173,48014,false,0.879858
20173,58598,false,0.762804
20174,49130,false,0.701049
20174,49611,false,0.477489
20174,51780,false,0.751776
20176,20054,false,0.03724
20176,43203,false,0.870058
20177,11765,false,0.752059
20177,27570,false,0.199348
20177,35465,false,0.376662
20177,37129,false,0.214237
20177,51192,false,0.412287
20178,31785,false,0.691972
20179,4999,true,0.546121
20179,10891,false,0.957167
20180,4110,true,0.105239
20180,4287,true,0.206208
20180,14394,false,0.416349
20180,15843,false,0.091785
20180,17428,false,0.391277
20180,24985,false,0.319574
20180,27913,false,0.732162
20180,51594,false,0.194923
20180,53971,false,0.417621
20181,17103,false,0.867309
20181,50964,false,0.486987
20182,4778,true,0.743719
20182,18768,false,0.096228
20183,4049,true,0.807271
20183,4533,true,0.44706
20183,17438,false,0.418549
20183,34760,false,0.92887
20183,47521,false,0.791095
20183,53295,false,0.036892
20184,4661,true,0.137552
20184,38794,false,0.151733
20184,39772,false,0.926385
20184,55944,false,0.223309
20185,31764,false,0.213105
20186,10232,false,0.480084
20186,17686,false,0.171991
20186,24122,false,0.161771
20186,32463,false,0.801759
20187,27076,false,0.208114
20187,31089,false,0.69844
20187,41837,false,0.226335
20187,50726,false,0.289147
20188,4296,true,0.263933
20189,22540,false,0.444961
20189,43453,false,0.641215
20191,4602,true,0.609819
20192,37734,false,0.694936
20193,15436,false,0.147701
20194,4720,true,0.915119
20194,22469,false,0.709674
20194,28045,false,0.080125
20194,29127,false,0.798101
20194,47904,false,0.608202
20195,20017,false,0.763967
20195,35955,false,0.28765
20195,37669,false,0.135845
20195,46203,false,0.557845
20198,4629,true,0.929338
20198,54834,false,0.438156
20199,23403,false,0.575871
20200,4290,true,0.677896
20200,13976,false,0.728818
20200,29733,false,0.359042
20200,52952,false,0.034806
20201,4316,true,0.76545
20201,16767,false,0.116571
20202,25380,false,0.101551
20202,27635,false,0.894906
20202,31794,false,0.312502
20202,49360,false,0.696571
20202,56646,false,0.32358
20203,25909,false,0.914079
20203,27112,false,0.940092
20203,42281,false,0.912692
20203,42369,false,0.4641
20204,15084,false,0.213407
20204,54381,false,0.952359
20206,15302,false,0.353654
20206,26135,false,0.047465
20207,23672,false,0.423793
20207,44461,false,0.24483
20208,37285,false,0.305075
20208,47158,false,0.403114
20209,28341,false,0.863267
20209,42981,false,0.132851
20209,45531,false,0.058503
20209,46268,false,0.780796
20209,48268,false,0.396794
20209,54614,false,0.45293
20210,37662,false,0.206296
20210,42095,false,0.944102
20211,49774,false,0.393974
20211,52978,false,0.480069
20212,4346,true,0.224623
20212,4804,true,0.772137
20212,21251,false,0.547388
20213,29240,false,0.916356
20213,30028,false,0.436421
20214,14041,false,0.936536
20214,21781,false,0.582655
20215,19350,false,0.174
20215,25102,false,0.54738
20215,29171,false,0.657621
20215,49564,false,0.429541
20216,36485,false,0.998595
20217,13792,false,0.125037
20217,27269,false,0.113783
20217,48565,false,0.887804
20217,55026,false,0.067057
20218,10388,false,0.183878
20218,33539,false,0.152461
20219,14163,false,0.356701
20219,27679,false,0.027581
20219,36921,false,0.283457
20220,14016,false,0.960236
20220,49852,false,0.606675
20220,59493,false,0.390947
20221,31632,false,0.279851
20221,49488,false,0.849227
20222,10707,false,0.75311
20222,14355,false,0.983905
20222,39797,false,0.486675
20222,53432,false,0.589319
20223,10472,false,0.997342
20223,20847,false,0.673975
20223,40241,false,0.849363
20224,25956,false,0.914154
20224,30713,false,0.273315
20225,49463,false,0.162942
20226,12594,false,0.058096
20226,25539,false,0.453364
20226,37240,false,0.615471
20226,42556,false,0.14105
20227,14391,false,0.142838
20227,24547,false,0.524097
20227,26508,false,0.326356
20227,44620,false,0.97558
20228,12416,false,0.587435
20228,49251,false,0.86253
20228,53387,false,0.628044
20229,52172,false,0.851885
20230,23909,false,0.536505
20230,41977,false,0.649965
20231,10951,false,0.134767
20231,12426,false,0.423392
20231,50329,false,0.057541
20233,44431,false,0.150352
20233,51287,false,0.267708
20233,54401,false,0.585259
20234,32849,false,0.395623
20235,4358,true,0.63644
20235,12250,false,0.564603
20235,15420,false,0.379518
20235,33669,false,0.965166
20235,36216,false,0.233891
20236,59597,false,0.686036
20237,38192,false,0.908422
20237,39572,false,0.524037
20237,57738,false,0.439901
20238,4935,true,0.063082
20238,35015,false,0.014555
20238,57954,false,0.40585
20239,4075,true,0.512959
20239,4912,true,0.789888
20240,12371,false,0.985094
20240,13803,false,0.406827
20241,14146,false,0.985512
20242,19659,false,0.764565
20242,34639,false,0.192235
20242,42558,false,0.319273
20243,4410,true,0.202823
20244,33895,false,0.826341
20244,58404,false,0.611749
20245,4222,true,0.503402
20245,14106,false,0.287818
20245,17914,false,0.758249
20245,24224,false,0.5377
20245,35546,false,0.587276
20245,38332,false,0.490893
20245,44609,false,0.896197
20246,22822,false,0.739338
20247,36206,false,0.329435
20247,48308,false,0.913186
20247,49293,false,0.747301
20248,13399,false,0.636233
20248,17078,false,0.532083
20248,46686,false,0.300801
20249,26957,false,0.958495
20250,12131,false,0.255921
20250,18898,false,0.31906
20250,21020,false,0.461336
20250,25045,false,0.792279
20250,36946,false,0.791664
20250,39882,false,0.699275
20250,50749,false,0.494872
20251,44915,false,0.069948
20252,17559,false,0.602747
20252,25116,false,0.24535
20252,44358,false,0.401456
20253,18836,false,0.391974
20253,30535,false,0.230124
20253,52406,false,0.303324
20254,11713,false,0.586209
20254,28641,false,0.581723
20255,15978,false,0.642601
20256,10176,false,0.508429
20257,4785,true,0.307827
20257,11835,false,0.694249
20257,19341,false,0.212249
20258,4558,true,1.004041
20258,16843,false,0.517313
20258,42526,false,0.988184
20259,4461,true,0.825377
20259,4971,true,0.597424
20259,14579,false,0.53384
20259,38664,false,0.611209
20260,4369,true,0.844758
20260,34506,false,0.519417
20260,50519,false,0.754283
20260,51994,false,0.504247
20261,4744,true,0.645756
20261,20528,false,0.424435
20261,28853,false,0.988638
20261,35275,false,0.646527
20261,45623,false,0.713114
20261,53087,false,0.814619
20262,15186,false,0.703895
20262,42686,false,0.847826
20262,42733,false,0.778926
20263,10327,false,0.534823
20263,30679,false,0.858586
20263,47422,false,0.451238
20265,32263,false,0.099115
20265,59508,false,0.859115
20267,21396,false,1.069198
20267,22533,false,1.019944
20267,46246,false,1.001148
20268,11021,false,0.68257
20268,22392,false,0.429707
20268,54201,false,0.861094
20269,20501,false,0.00776
20269,33533,false,0.189645
20270,13872,false,0.623297
20270,13892,false,0.020855
20270,22188,false,0.804998
20270,26291,false,0.691212
20271,25447,false,0.342871
20271,55543,false,0.858671
20272,25148,false,0.224577
20272,29463,false,0.567053
20272,33659,false,0.640491
20272,38604,false,0.88885
20272,49121,false,0.942556
20272,57540,false,0.709643
20273,48379,false,0.961713
20273,58734,false,0.135261
20274,24637,false,0.027493
20274,38072,false,0.519701
20274,40860,false,0.568734
20275,14830,false,0.811986
20275,20732,false,0.211649
20275,24970,false,0.551008
20275,40173,false,0.750555
20276,10118,false,0.193459
20277,30697,false,0.510176
20277,47641,false,0.741771
20278,55526,false,0.303489
20278,59083,false,0.879761
20279,17873,false,0.284948
20279,40197,false,0.152188
20279,41271,false,0.820826
20279,44985,false,0.212056
20279,58950,false,0.119108
20280,19416,false,0.208337
20280,54070,false,0.417161
20281,41263,false,0.599762
20281,55322,false,0.141341
20283,44954,false,0.797402
20284,36195,false,0.899115
20284,36751,false,0.587754
20284,52767,false,0.369441
20285,25134,false,0.551343
20285,35615,false,0.605253
20285,48042,false,0.750117
20285,57306,false,0.832149
20286,46726,false,0.532453
20287,49708,false,0.953681
20287,58959,false,0.569151
20287,59221,false,0.5705
20288,22207,false,0.650772
20288,28292,false,0.491902
20288,33786,false,0.663092
20288,38928,false,0.443713
20289,52258,false,0.358842
20290,56538,false,0.314965
20291,53631,false,0.356489
20292,13128,false,0.207246
20292,25141,false,0.138099
20292,34845,false,0.616681
20292,41867,false,0.172264
20292,54933,false,0.472933
20293,45089,false,0.271356
20294,31070,false,0.061998
20295,12898,false,0.363338
20295,39823,false,0.588876
20295,51826,false,0.581797
20295,55054,false,0.528412
20296,14318,false,0.656095
20297,27938,false,0.578297
20297,49648,false,0.52201
20298,26189,false,0.521544
20298,39377,false,0.046984
20298,44693,false,0.735193
20299,14769,false,0.221421
20300,22879,false,0.059043
20300,27176,false,0.309178
20301,36624,false,0.973785
20301,42606,false,0.676501
20301,42774,false,0.124623
20301,58994,false,0.510493
20301,59529,false,0.404364
20302,20802,false,0.417689
20302,47410,false,0.09336
20303,10076,false,0.770596
20303,36250,false,0.213171
20303,41411,false,0.796841
20304,20991,false,0.887021
20304,54811,false,0.74161
20304,59366,false,0.135927
20305,12853,false,0.157893
20305,34291,false,0.922897
20306,21691,false,0.203944
20306,30047,false,0.364926
20306,42507,false,0.485015
20306,55415,false,0.995022
20307,4267,true,0.972329
20308,4898,true,0.944651
20308,21230,false,0.437225
20308,36546,false,0.734819
20308,37742,false,0.845843
20309,56998,false,0.883783
20310,4318,true,0.260462
20310,52769,false,0.047625
20312,4311,true,0.855556
20312,18503,false,0.802421
20312,29001,false,0.013521
20313,10136,false,0.073895
20313,44099,false,0.601053
20314,4858,true,0.678522
20314,27216,false,0.836347
20315,31156,false,0.28701
20315,39875,false,0.243542
20315,42070,false,0.558063
20315,50948,false,0.740778
20315,54956,false,0.504753
20316,4908,true,0.841095
20316,23046,false,0.76559
20316,23678,false,0.658683
20317,4345,true,2.89E-4
20317,28187,false,0.387286
20318,37063,false,0.610738
20319,4479,true,0.362918
20320,20139,false,0.074544
20321,11028,false,0.138384
20321,11572,false,0.756096
20321,42901,false,0.5256
20321,44706,false,0.114635
20322,4285,true,0.268089
20322,19045,false,0.151825
20322,25637,false,0.092954
20322,56703,false,0.129313
20323,4719,true,0.321219
20323,45244,false,0.276931
20323,46597,false,0.33822
20325,4829,true,0.973198
20325,12271,false,0.34496
20325,17349,false,0.120538
20325,45343,false,0.272861
20326,4041,true,0.507765
20326,14001,false,0.448122
20326,48579,false,0.690832
20327,39699,false,0.235056
20329,31810,false,0.940119
20329,48397,false,0.768734
20330,26374,false,0.893622
20330,55356,false,0.943976
20331,4435,true,0.804586
20331,12736,false,0.937827
20332,4981,true,0.569246
20332,13596,false,0.35624
20332,14560,false,0.16779
20332,45840,false,0.247982
20332,48816,false,0.085715
20332,50996,false,0.21963
20332,55238,false,0.890389
20333,43961,false,0.978612
20334,4619,true,0.22617
20334,27181,false,0.351118
20334,47478,false,0.831763
20334,57869,false,0.140633
20335,4395,true,0.857705
20335,4806,true,0.898355
20335,24066,false,0.064404
20335,27358,false,0.328713
20335,56130,false,0.512527
20338,4473,true,0.479491
20338,4933,true,0.618541
20338,22830,false,0.438074
20338,32662,false,0.38408
20338,40690,false,0.960978
20339,4033,true,0.889452
20339,38872,false,0.80943
20339,40123,false,0.280197
20339,43669,false,0.338848
20339,50275,false,0.034375
20339,57558,false,0.252824
20340,4037,true,0.110205
20340,14576,false,0.50057
20340,14691,false,0.608909
20340,20614,false,0.306877
20341,4164,true,0.618243
20341,4354,true,0.223896
20341,4872,true,0.133656
20341,21382,false,0.278527
20341,42992,false,0.541494
20341,50036,false,0.051813
20342,37868,false,0.636358
20343,55996,false,0.161226
20344,16963,false,0.297056
20345,11891,false,0.805146
20345,17257,false,0.777888
20346,48533,false,0.199849
20346,59571,false,0.339818
20347,39673,false,0.764044
20347,42867,false,0.959408
20348,4384,true,0.011888
20348,26502,false,0.116028
20349,4649,true,0.936729
20349,41545,false,0.879544
20349,56969,false,1.002389
20349,57819,false,0.47581
20350,4462,true,0.389277
20351,4942,true,0.039287
20351,4997,true,0.119699
20351,19767,false,0.766672
20351,35644,false,0.436422
20351,51143,false,0.854959
20352,16228,false,0.029155
20352,26669,false,0.198061
20352,35681,false,0.898755
20352,46837,false,0.510073
20352,50117,false,0.430578
20353,4241,true,0.686124
20353,4796,true,0.307304
20354,4194,true,0.065318
20354,20846,false,0.82396
20355,42505,false,0.928618
20355,42953,false,0.515889
20355,52689,false,0.521632
20355,59829,false,0.226604
20356,28748,false,0.138805
20356,31291,false,1.00386
20356,32766,false,0.871552
20356,44909,false,0.699055
20356,55422,false,0.147528
20356,59823,false,0.664553
20357,4383,true,0.141615
20357,23608,false,0.745563
20357,29122,false,0.736496
20358,19073,false,0.300734
20358,47192,false,0.523912
20359,4871,true,0.51261
20359,18659,false,0.195778
20359,22383,false,0.494782
20359,35483,false,0.823039
20359,56419,false,0.94576
20360,36858,false,0.932713
20360,48105,false,0.811788
20361,41051,false,0.799853
20361,49300,false,0.595089
20361,50406,false,0.960557
20361,56826,false,0.603641
20362,23262,false,0.368561
20362,28117,false,0.510991
20362,44911,false,0.768679
20363,15352,false,0.026677
20363,19427,false,0.806043
20363,42000,false,0.650396
20363,42034,false,0.946591
20363,55440,false,0.731936
20364,25668,false,0.384939
20364,43337,false,0.44135
20365,14827,false,0.245401
20365,15325,false,0.328134
20365,19240,false,0.623106
20365,28083,false,0.4569
20365,38437,false,0.869916
20366,36867,false,0.13392
20367,34614,false,0.41013
20367,44785,false,0.311268
20367,57204,false,0.715144
20367,58331,false,0.73885
20368,4412,true,0.788486
20368,15378,false,0.113963
20368,16453,false,0.947008
20368,38552,false,0.85571
20368,45170,false,0.628052
20369,14699,false,0.130218
20369,15274,false,0.784344
20369,26244,false,0.078906
20369,32648,false,0.747052
20369,48486,false,0.464953
20369,56118,false,0.696874
20370,4771,true,0.143293
20370,47470,false,0.919204
20370,56656,false,1.02277
20371,11863,false,0.612063
20371,49214,false,0.619503
20371,55934,false,0.383582
20371,56594,false,0.678335
20372,4700,true,0.826198
20372,36542,false,0.590972
20372,54917,false,0.969161
20373,4283,true,0.485451
20373,11212,false,0.178827
20374,14078,false,0.552507
20374,30761,false,0.189801
20375,4074,true,0.987648
20375,28299,false,0.029142
20375,53763,false,0.904109
20376,4289,true,0.959889
20376,30618,false,0.096514
20376,38674,false,0.962768
20376,47526,false,0.674251
20377,17385,false,0.38256
20377,33060,false,0.795177
20377,42529,false,0.164289
20377,58241,false,0.827772
20378,32282,false,0.510001
20378,34564,false,0.253069
20379,22934,false,0.336004
20379,39471,false,0.510644
20380,4193,true,0.191386
20380,20842,false,0.280988
20380,35084,false,0.719326
20381,13241,false,0.59574
20381,47259,false,0.476674
20382,21991,false,0.802015
20382,24254,false,1.001499
20382,28591,false,0.025929
20382,41364,false,0.670869
20383,4795,true,0.83023
20383,40220,false,0.409474
20383,54751,false,0.250504
20384,4166,true,0.668794
20384,10052,false,0.131665
20384,12018,false,0.314927
20386,4652,true,0.647787
20386,40268,false,0.386491
20386,48928,false,0.703674
20387,10869,false,0.289162
20387,12209,false,0.55676
20388,4566,true,0.690472
20388,4813,true,0.006685
20388,37727,false,0.814258
20388,40313,false,0.120244
20389,16605,false,0.881216
20390,10348,false,0.208238
20390,19486,false,0.178338
20390,34611,false,0.767072
20390,48985,false,0.628583
20391,4917,true,0.63557
20391,14143,false,0.173138
20391,41600,false,0.466096
20392,11581,false,0.89393
20392,12121,false,0.251151
20392,18415,false,0.158554
20393,13629,false,0.842321
20393,20518,false,0.859242
20393,33693,false,0.314057
20393,34185,false,0.924804
20393,37145,false,0.419121
20393,42760,false,0.19966
20393,47150,false,0.441977
20393,57485,false,0.036825
20394,48902,false,0.895883
20394,56686,false,0.631034
20394,56838,false,0.760683
20396,22262,false,0.649038
20396,46231,false,0.579359
20397,13562,false,0.853608
20397,40074,false,0.539921
20397,42572,false,0.191042
20397,45701,false,0.226079
20397,48914,false,0.954402
20398,4310,true,0.810728
20398,4428,true,0.338265
20398,44933,false,0.436167
20399,4712,true,0.687747
20399,46683,false,0.444015
20400,26243,false,0.639773
20400,27338,false,0.914171
20400,40184,false,0.431727
20401,42894,false,0.037287
20401,46036,false,0.609449
20402,4078,true,0.435232
20402,24683,false,0.465941
20402,51523,false,0.950497
20402,53060,false,0.823381
20403,4161,true,0.280076
20404,4534,true,0.483342
20404,4851,true,0.367577
20404,14851,false,0.642199
20404,47472,false,0.79095
20404,56245,false,0.621972
20405,21526,false,0.126042
20405,50911,false,0.749871
20406,44308,false,0.432078
20407,4328,true,0.015127
20407,4982,true,0.796532
20407,19823,false,0.356536
20407,20149,false,0.158439
20407,31739,false,0.806848
20407,34818,false,0.853679
20407,40161,false,0.251502
20408,12777,false,0.346521
20408,55821,false,0.405653
20409,20919,false,0.920378
20409,23883,false,0.154642
20409,35026,false,0.42183
20409,36928,false,0.908184
20409,53077,false,0.160416
20410,10479,false,0.679582
20410,14988,false,0.442592
20410,29199,false,0.719529
20410,38850,false,0.542108
20410,53564,false,0.785702
20411,37266,false,0.204431
20411,38923,false,0.960219
20412,53507,false,0.445973
20412,57399,false,0.567835
20413,4832,true,0.81545
20413,12922,false,0.550562
20413,34424,false,0.778898
20413,47116,false,0.678518
20414,11985,false,0.866398
20414,26437,false,0.282535
20414,29901,false,0.376336
20414,34019,false,0.971266
20415,12914,false,0.417163
20416,40741,false,1.0002
20418,12096,false,0.430595
20418,28689,false,0.910629
20419,4097,true,0.174642
20419,34239,false,0.968642
20420,49146,false,0.867661
20420,52290,false,0.745397
20421,51792,false,0.447285
20422,12401,false,0.895467
20422,37444,false,0.17679
20422,40893,false,0.407593
20422,54474,false,0.769632
20423,4848,true,0.09057
20423,48438,false,0.19644
20424,4102,true,0.078652
20424,24343,false,0.350198
20424,33150,false,0.437131
20424,38518,false,0.910825
20425,4531,true,0.046097
20425,41175,false,0.342981
20425,48205,false,0.198857
20426,4739,true,0.985589
20426,10670,false,0.576092
20426,52581,false,0.121035
20427,35787,false,0.565715
20428,4688,true,0.167235
20428,21402,false,0.863937
20429,4896,true,0.669299
20429,59436,false,0.11819
20430,38519,false,0.38747
20430,44988,false,0.833397
20431,4904,true,0.964082
20431,16978,false,0.223364
20431,41041,false,0.419404
20432,44865,false,0.688151
20432,45220,false,0.565278
20433,22956,false,0.203842
20433,24061,false,0.552285
20433,25843,false,0.79357
20433,30053,false,0.332056
20433,56301,false,0.134187
20434,46642,false,0.265501
20435,20626,false,0.389367
20435,23606,false,0.191584
20435,42877,false,0.466219
20435,55251,false,0.477594
20436,4615,true,0.074048
20436,33037,false,0.089454
20436,35596,false,0.568457
20436,59957,false,0.92571
20437,4441,true,0.707356
20437,15346,false,0.833143
20437,24865,false,0.53055
20438,4787,true,0.421879
20438,59511,false,0.321314
20439,19160,false,0.41115
20439,53659,false,0.959856
20439,56294,false,0.115736
20440,24760,false,0.101371
20440,26479,false,0.729713
20440,29670,false,0.478552
20440,47277,false,0.677507
20441,4157,true,0.679944
20441,4914,true,0.031942
20441,14974,false,0.443916
20441,38263,false,0.933547
20442,4915,true,0.052704
20442,18830,false,0.40746
20443,4327,true,0.176548
20444,4188,true,0.921578
20444,4488,true,0.319324
20444,19501,false,0.535402
20444,30685,false,0.333098
20444,33501,false,0.248926
20444,55585,false,0.796691
20445,22744,false,0.815457
20445,34327,false,0.64023
20445,34687,false,0.173439
20446,41586,false,0.530248
20446,42295,false,0.62227
20447,4162,true,0.729692
20447,10222,false,0.129338
20447,14788,false,0.146524
20447,44089,false,0.86143
20447,56208,false,0.637854
20448,4335,true,0.679088
20448,4362,true,0.689159
20448,48707,false,0.363783
20448,54814,false,0.396235
20448,59918,false,0.469356
20449,4306,true,0.248176
20449,25075,false,0.904859
20449,41888,false,0.444801
20450,10622,false,0.529287
20450,18408,false,0.546356
20450,45521,false,0.762131
20450,59903,false,0.945862
20451,4591,true,0.427645
20451,38470,false,0.257585
20451,45604,false,0.833445
20452,4017,true,0.185267
20452,19232,false,0.729458
20452,28442,false,0.17185
20452,31045,false,0.956977
20452,39712,false,0.146224
20452,52001,false,0.362678
20452,59208,false,0.019895
20453,4207,true,0.234685
20453,24399,false,0.806304
20453,24611,false,0.967221
20453,25201,false,0.119307
20453,36181,false,0.541492
20453,46022,false,0.135202
20453,53733,false,0.84996
20454,38269,false,0.578679
20454,48492,false,0.025448
20455,4723,true,0.634096
20455,28392,false,0.991885
20455,33245,false,0.780987
20456,20018,false,0.270752
20456,33408,false,0.623463
20456,36039,false,0.362415
20456,44543,false,0.196614
20457,4200,true,0.97859
20457,23796,false,0.103819
20457,39270,false,0.275567
20457,39911,false,0.387665
20458,4425,true,0.232135
20458,4826,true,0.11783
20458,30325,false,0.440735
20458,35935,false,0.73645
20458,36869,false,0.492645
20459,27621,false,0.890283
20459,51722,false,0.656438
20460,14180,false,0.094306
20460,14426,false,0.501594
20461,4413,true,0.071083
20461,40209,false,0.898687
20462,4237,true,0.752556
20462,14955,false,0.620132
20462,56112,false,0.067045
20463,11886,false,0.454411
20463,54444,false,0.273355
20464,10127,false,0.784162
20464,15344,false,0.31928
20464,27742,false,1.006624
20464,53310,false,0.086347
20464,53372,false,0.482952
20466,10605,false,0.257514
20466,27255,false,0.082248
20466,34175,false,0.682314
20468,24036,false,0.974693
20468,39176,false,0.315503
20468,39940,false,0.213762
20469,42298,false,0.397206
20470,20476,false,0.152334
20470,30635,false,0.434987
20470,51917,false,0.576581
20470,55017,false,0.666175
20470,58132,false,0.32429
20471,4024,true,0.598282
20471,4927,true,0.915073
20471,58428,false,0.965463
20472,4847,true,0.366546
20472,16401,false,0.11672
20472,33080,false,0.521195
20473,4209,true,0.093848
20473,22009,false,0.187563
20473,38443,false,1.004714
20473,50830,false,0.804764
20474,18848,false,0.5973
20474,25965,false,0.242242
20474,39326,false,0.430653
20474,49419,false,0.561631
20474,49563,false,0.53335
20474,59387,false,0.375529
20475,4701,true,0.300628
20475,13456,false,0.462873
20475,49752,false,0.750177
20476,23693,false,0.531217
20477,4014,true,0.365643
20477,4050,true,0.11894
20477,4733,true,0.660822
20477,12501,false,0.003734
20478,37158,false,0.57909
20478,38406,false,0.621632
20478,44514,false,0.793316
20479,12881,false,0.69731
20479,38452,false,0.758036
20480,18563,false,0.525123
20480,19806,false,0.715304
20481,4844,true,0.541877
20481,13609,false,0.578176
20481,23078,false,0.294556
20481,24541,false,0.569146
20481,31892,false,0.4989
20481,59766,false,0.346579
20482,45006,false,0.666501
20483,33463,false,0.107374
20484,4542,true,0.230881
20484,4687,true,0.174592
20484,35435,false,0.181231
20484,49034,false,0.330129
20484,55270,false,0.593175
20485,4119,true,0.777691
20485,44547,false,0.006355
20485,55993,false,0.440645
20486,4530,true,0.96433
20486,38738,false,0.681286
20486,52889,false,0.708032
20487,19624,false,0.056988
20487,22900,false,0.734835
20487,32150,false,0.230392
20488,4670,true,0.20889
20488,12607,false,0.770975
20488,30574,false,0.560588
20488,36135,false,0.635761
20488,48193,false,0.447808
20489,4710,true,0.408057
20489,12848,false,0.108975
20489,21287,false,0.023918
20489,51222,false,0.27214
20490,4609,true,0.033308
20490,24931,false,0.01402
20490,32851,false,0.849033
20490,47897,false,0.092787
20491,4528,true,0.067785
20491,4639,true,0.222677
20491,14653,false,0.76302
20491,16341,false,0.279661
20491,21487,false,0.994713
20492,4379,true,0.004629
20492,23999,false,0.995963
20492,51197,false,0.009148
20493,12233,false,0.933177
20493,17051,false,0.407595
20493,56817,false,0.536335
20494,15993,false,0.551588
20494,31043,false,0.935389
20494,56316,false,0.292315
20495,21517,false,0.614007
20495,38419,false,0.066788
20495,39257,false,0.781601
20495,39390,false,0.57772
20495,52888,false,0.973919
20496,10173,false,0.515598
20496,53749,false,0.238501
20496,53778,false,0.401057
20497,4301,true,0.72521
20497,4994,true,0.367593
20497,11884,false,0.027445
20497,31140,false,0.039057
20497,42189,false,0.562132
20498,14190,false,0.366329
20499,11258,false,0.983948
20499,30315,false,0.460597
20499,48589,false,0.69192
20500,33015,false,0.401061
20500,40517,false,0.876913
20501,15482,false,0.399546
20501,21514,false,0.865932
20501,23710,false,0.633691
20501,24488,false,0.17963
20501,44695,false,0.518634
20501,52643,false,0.639236
20502,51743,false,0.004707
20503,4573,true,0.476749
20504,53424,false,0.775661
20505,4711,true,0.429311
20505,24395,false,0.119585
20505,34177,false,0.201495
20505,43905,false,0.845108
20505,54334,false,0.440445
20506,4420,true,0.383182
20506,4434,true,0.814422
20506,40744,false,0.793551
20506,42167,false,0.980837
20506,53303,false,0.375486
20507,4235,true,0.420485
20507,4477,true,0.116718
20507,4893,true,0.646991
20507,42365,false,0.870639
20507,58454,false,0.719698
20508,4363,true,0.337253
20508,11535,false,0.741027
20508,21237,false,0.679008
20508,25803,false,0.254805
20508,36539,false,0.871759
20508,36944,false,0.073792
20508,38819,false,0.797299
20508,42677,false,0.196695
20508,54924,false,0.102387
20509,25536,false,0.735113
20510,4705,true,0.801313
20510,31800,false,0.515702
20511,12561,false,1.018103
20512,12447,false,0.8786
20512,53033,false,0.143322
20513,13342,false,0.837625
20513,18084,false,0.495565
20513,48547,false,0.195221
20514,14506,false,0.687783
20514,26311,false,0.588103
20514,46171,false,0.604855
20515,18293,false,0.404663
20515,39500,false,0.600488
20516,13290,false,0.162765
20517,10997,false,0.917701
20517,48064,false,0.798653
20517,55899,false,0.56778
20518,14269,false,0.882266
20518,37551,false,0.092618
20518,59623,false,0.660151
20519,33160,false,0.349657
20520,54892,false,0.569021
20521,15838,false,0.598577
20521,21475,false,0.668679
20522,26066,false,0.817834
20522,54624,false,0.781714
20522,56519,false,0.3031
20524,19210,false,0.113573
20524,46618,false,0.705198
20525,46202,false,0.06143
20526,51563,false,0.221321
20527,18099,false,0.530763
20527,21710,false,0.78188
20527,49802,false,0.25281
20527,58876,false,0.385617
20528,18441,false,0.883936
20528,33455,false,0.970451
20529,43642,false,0.295658
20530,4495,true,0.260444
20531,55927,false,0.061198
20532,12286,false,0.091611
20532,23097,false,0.906148
20532,54831,false,0.939208
20533,40341,false,0.050301
20534,13511,false,0.704575
20534,44025,false,0.998995
20534,47665,false,1.140693
20535,4087,true,0.19261
20535,10547,false,0.547966
20535,20944,false,0.069379
20535,44998,false,0.267997
20535,53826,false,0.118752
20535,57095,false,0.292551
20536,18954,false,0.8457
20536,42847,false,0.764936
20537,26204,false,0.815927
20537,31605,false,0.501757
20538,4556,true,0.570794
20538,4857,true,0.760392
20538,30069,false,0.3261
20538,35641,false,0.867181
20539,19330,false,0.928063
20539,37497,false,0.781509
20539,42265,false,0.47478
20539,46883,false,0.708099
20539,54393,false,0.639534
20540,4072,true,0.698929
20540,25945,false,0.941878
20540,32866,false,0.901149
20540,57504,false,0.02284
20541,45274,false,0.135657
20542,18040,false,0.423988
20542,19606,false,0.367981
20542,23764,false,0.195457
20542,43187,false,0.841681
20543,36719,false,0.316516
20543,52878,false,0.724132
20544,4291,true,0.434574
20544,4729,true,0.033254
20544,4887,true,0.303467
20544,14675,false,0.732412
20545,4962,true,1.003567
20545,32965,false,0.758791
20545,36804,false,0.981179
20545,41103,false,0.827609
20546,34076,false,0.95811
20547,4195,true,0.967384
20547,4465,true,0.061048
20547,5001,true,0.703177
20547,17203,false,0.212222
20547,37332,false,0.665271
20547,57868,false,0.934409
20548,4452,true,0.657779
20548,18496,false,0.256543
20548,59913,false,0.559783
20549,29534,false,0.012553
20549,39057,false,0.160657
20549,45333,false,0.670195
20550,4708,true,0.516113
20550,4828,true,0.896829
20550,11406,false,0.109388
20550,19877,false,0.800209
20551,21604,false,0.829517
20551,28051,false,0.784206
20551,46155,false,0.854433
20552,13030,false,0.723626
20552,15995,false,0.073928
20552,17311,false,0.78941
20552,24859,false,0.961831
20552,58528,false,0.646216
20553,4404,true,0.009984
20553,43551,false,0.358116
20554,4827,true,0.933551
20554,53750,false,0.055927
20555,4247,true,0.31695
20555,13038,false,0.150042
20555,16005,false,0.260741
20555,26896,false,0.599775
20555,47798,false,0.463515
20556,25764,false,0.351206
20557,31185,false,0.765307
20557,48120,false,0.769536
20557,51802,false,0.900563
20557,56790,false,0.406063
20558,10197,false,0.974188
20558,12571,false,0.615994
20558,16299,false,0.35866
20558,17473,false,0.368328
20558,40452,false,0.783995
20558,49996,false,0.056822
20558,58796,false,0.201276
20559,21320,false,0.099532
20559,21376,false,0.858213
20559,53476,false,0.778724
20560,45951,false,0.322788
20561,10908,false,0.488179
20561,14038,false,0.693044
20561,28697,false,0.881549
20563,23770,false,0.905233
20563,26594,false,0.039601
20563,46804,false,0.921865
20563,53574,false,0.920288
20564,12673,false,0.20593
20564,33064,false,0.181188
20564,58727,false,0.275015
20565,4709,true,0.533695
20565,32130,false,0.985792
20566,16364,false,0.018862
20566,53761,false,0.854597
20567,4135,true,0.017646
20567,4408,true,0.224287
20567,20348,false,0.86106
20567,30983,false,0.30537
20567,42181,false,0.687454
20567,46500,false,0.028168
20568,4765,true,0.195881
20568,19626,false,0.065974
20568,20502,false,0.939993
20568,21103,false,0.263965
20568,45534,false,0.740267
20568,46874,false,0.659781
20569,20012,false,0.715673
20569,47776,false,0.82622
20570,4458,true,0.806163
20570,13043,false,0.639242
20570,22929,false,0.009322
20570,36582,false,0.96874
20570,47285,false,0.391661
20570,51036,false,0.037119
20572,11702,false,0.594102
20572,13480,false,0.599554
20572,36249,false,0.350915
20572,58818,false,0.859165
20573,20243,false,0.867612
20573,27439,false,0.743158
20573,54058,false,0.193131
20574,13468,false,0.169858
20574,16238,false,0.393264
20574,21660,false,0.223803
20574,39585,false,0.822394
20575,43161,false,0.22862
20575,46709,false,0.192158
20575,56666,false,0.802756
20576,11534,false,0.740901
20576,52518,false,0.659437
20577,4685,true,1.008775
20577,10108,false,0.123834
20577,11144,false,0.880532
20577,16133,false,0.483662
20577,49188,false,0.651354
20578,12089,false,0.556659
20578,59070,false,0.943623
20579,4364,true,0.930145
20579,16589,false,0.186884
20579,29167,false,0.974449
20579,34495,false,0.186126
20580,46282,false,0.275704
20580,46807,false,0.678252
20580,51886,false,0.412045
20580,52291,false,0.870201
20580,55673,false,0.973139
20580,56677,false,0.303249
20581,18815,false,0.903423
20581,28122,false,0.868304
20581,30378,false,0.178948
20581,32278,false,0.835128
20581,40090,false,0.572787
20582,19782,false,0.120522
20582,20058,false,0.484837
20582,28293,false,0.294316
20582,44140,false,0.564941
20583,26221,false,0.938855
20583,48168,false,0.139872
20583,57005,false,0.159239
20586,27895,false,0.13631
20586,32875,false,0.641122
20586,58419,false,0.209553
20587,31931,false,0.650681
20588,22546,false,0.291332
20588,41401,false,0.185424
20589,15013,false,0.745568
20590,19257,false,0.762129
20591,34706,false,0.269212
20592,18981,false,0.288854
20592,25834,false,0.890763
20592,34188,false,0.660006
20592,37608,false,0.239132
20592,52731,false,0.12738
20593,22739,false,0.415726
20593,27843,false,0.646663
20593,38745,false,0.465635
20593,50605,false,0.941324
20594,35181,false,0.206681
20594,49148,false,0.156945
20595,17791,false,0.737969
20595,40672,false,0.123481
20595,52418,false,0.135098
20596,42111,false,0.473009
20596,47234,false,0.544147
20597,10032,false,0.195526
20597,18901,false,0.506216
20597,44161,false,0.855633
20598,19281,false,0.102785
20599,37417,false,0.186394
20600,49743,false,0.218508
20600,59487,false,1.00669
20601,27392,false,0.404113
20601,52313,false,0.87144
20602,38400,false,0.103515
20602,42403,false,0.636365
20602,53226,false,0.020193
20605,21859,false,0.542233
20605,38066,false,0.876717
20605,40080,false,0.592397
20605,41785,false,0.634884
20606,4512,true,0.249177
20606,38549,false,0.876098
20606,52481,false,0.493916
20608,15986,false,0.651007
20608,20569,false,0.914254
20608,32462,false,0.221124
20608,41659,false,0.077217
20610,31081,false,0.180121
20611,29414,false,0.101758
20612,4582,true,0.497065
20613,23132,false,0.056028
20613,27854,false,0.967549
20613,37427,false,0.196856
20613,49476,false,0.068233
20613,50684,false,0.87712
20614,4540,true,0.710222
20614,37440,false,0.901629
20616,4152,true,0.105664
20616,4793,true,0.318027
20616,51524,false,0.908599
20616,58716,false,0.132378
20617,4167,true,0.392456
20618,46058,false,0.988049
20619,27234,false,0.059181
20619,32276,false,0.809598
20619,49585,false,0.998808
20620,14654,false,0.868914
20620,17656,false,0.126832
20620,44320,false,0.610763
20620,45973,false,0.616492
20621,36664,false,0.783206
20622,13876,false,0.902977
20622,53885,false,0.606141
20623,31203,false,0.205292
20623,57601,false,0.811267
20624,4830,true,0.906915
20624,34671,false,0.646756
20624,49714,false,0.580518
20624,56220,false,0.68107
20624,57206,false,0.909014
20625,16709,false,0.25333
20625,23716,false,0.096025
20625,55620,false,0.666196
20625,59359,false,0.622367
20626,30677,false,0.91559
20626,46189,false,0.384639
20626,58614,false,0.634055
20627,23351,false,0.7122
20627,32186,false,0.985968
20627,34846,false,0.64016
20627,50925,false,0.771898
20627,57401,false,0.834428
20628,28489,false,0.834179
20628,57110,false,1.008348
20630,21425,false,0.118498
20630,52310,false,0.386855
20631,13215,false,0.694812
20631,13340,false,0.22177
20631,43377,false,0.217528
20632,31393,false,0.649299
20632,35692,false,0.37056
20632,47942,false,0.893721
20632,59084,false,0.071955
20633,38682,false,0.726153
20633,47792,false,0.742367
20634,48933,false,0.103367
20635,33239,false,0.453175
20635,45172,false,0.889975
20636,4236,true,0.343801
20636,4950,true,0.905396
20636,22111,false,0.795144
20636,33000,false,0.441132
20636,38665,false,0.549582
20636,46534,false,0.420568
20636,48949,false,0.952597
20637,12220,false,0.735502
20637,18278,false,0.849365
20637,41871,false,1.005237
20637,50022,false,0.352584
20638,4343,true,0.268349
20638,40037,false,0.166343
20638,46224,false,0.196606
20639,4081,true,0.443678
20639,4986,true,0.717934
20639,45072,false,0.325819
20640,24266,false,0.324123
20640,32669,false,0.353921
20640,57647,false,0.27518
20641,10971,false,0.436506
20641,21485,false,0.172449
20641,45679,false,0.171762
20641,48321,false,0.724601
20641,54455,false,0.995002
20642,53234,false,0.322948
20643,12040,false,0.527255
20643,24846,false,0.120822
20643,38252,false,0.30854
20643,42811,false,0.216686
20643,56372,false,0.431548
20644,16587,false,0.819092
20644,38978,false,0.357966
20644,48189,false,0.282941
20645,37327,false,0.819023
20647,4696,true,0.650517
20647,20677,false,0.48448
20647,24289,false,0.790392
20647,52376,false,0.253351
20647,58586,false,0.667742
20648,46581,false,0.084177
20648,54992,false,0.068327
20648,57264,false,0.303966
20649,4850,true,0.440447
20649,37885,false,0.350435
20649,58202,false,0.868204
20650,37329,false,0.018809
20650,52602,false,0.68222
20651,4780,true,0.723234
20651,4854,true,0.727776
20651,18348,false,0.898894
20651,18540,false,0.31285
20652,17830,false,0.141773
20652,38546,false,0.910704
20652,40382,false,0.838429
20652,52711,false,0.759156
20653,4555,true,0.621543
20653,41153,false,0.311269
20654,14224,false,0.621387
20655,13852,false,0.712288
20655,49652,false,0.692844
20656,26155,false,0.348021
20656,44074,false,0.995505
20656,45382,false,0.128129
20656,45786,false,0.597111
20657,21519,false,0.989884
20657,37044,false,0.987492
20658,4322,true,0.226304
20658,25414,false,0.93507
20658,33629,false,0.116628
20658,52006,false,0.118916
20660,27460,false,0.170507
20660,35407,false,0.474347
20660,41247,false,0.684323
20660,53995,false,0.181422
20660,57340,false,0.392503
20662,4726,true,0.197406
20662,20782,false,0.547645
20662,30828,false,0.372432
20663,17362,false,0.231808
20663,52912,false,0.298197
20664,20843,false,0.733448
20664,44916,false,0.997761
20665,17538,false,0.424529
20665,31808,false,0.620622
20665,56360,false,0.848711
20666,4875,true,0.904686
20667,4724,true,0.523341
20667,25098,false,0.802556
20667,28906,false,0.217353
20667,52446,false,0.734788
20668,23235,false,0.512471
20668,39559,false,0.191305
20669,4029,true,0.573221
20669,14212,false,0.291414
20669,23667,false,0.896269
20670,4645,true,0.56961
20670,16077,false,0.622737
20670,19890,false,0.802853
20670,37343,false,0.786214
20670,55961,false,0.031538
20671,50273,false,0.702976
20672,4389,true,0.359019
20672,12897,false,0.35065
20672,45533,false,0.64398
20672,46478,false,0.240341
20672,55050,false,0.405333
20672,55804,false,0.424319
20673,11334,false,0.068659
20673,16418,false,0.319944
20674,11695,false,0.212562
20674,21005,false,0.24083
20674,40809,false,0.825439
20674,46879,false,0.866359
20675,4170,true,0.072691
20675,26803,false,0.958001
20675,28665,false,0.08519
20675,37310,false,0.698681
20675,47565,false,0.014057
20675,51869,false,0.43015
20676,4784,true,0.52541
20676,25600,false,0.352143
20676,41215,false,0.492764
20676,50568,false,0.202748
20676,55450,false,0.184548
20677,11419,false,0.526109
20677,19585,false,0.370985
20677,49394,false,0.477486
20678,4127,true,0.221449
20678,4459,true,0.254364
20678,22610,false,0.735649
20678,25145,false,0.671863
20678,31057,false,0.43019
20679,4791,true,0.373087
20679,38117,false,0.112202
20680,4594,true,0.155392
20680,27629,false,0.317438
20680,51580,false,0.486918
20681,4250,true,0.119398
20681,43374,false,0.007087
20682,4321,true,0.003127
20682,13743,false,0.44551
20682,14187,false,0.519355
20682,16733,false,0.864971
20682,24137,false,0.50159
20682,28700,false,0.974401
20682,29419,false,0.99652
20682,45854,false,0.785097
20683,18658,false,0.282544
20684,4571,true,0.601118
20684,4884,true,0.375291
20684,13722,false,0.99058
20684,36625,false,0.281301
20684,39820,false,0.246018
20685,4946,true,0.884751
20685,28053,false,0.58337
20685,33122,false,0.344599
20686,4181,true,0.552941
20687,25784,false,0.707371
20687,32358,false,0.663094
20687,44329,false,0.549846
20687,56935,false,0.624463
20689,4350,true,0.889808
20689,18504,false,0.679086
20690,10784,false,0.553283
20691,22969,false,0.574512
20691,40176,false,0.849473
20691,42283,false,0.095153
20692,47145,false,0.722135
20693,47868,false,0.615499
20694,4179,true,0.579956
20694,4391,true,0.420401
20694,17429,false,0.187159
20694,46640,false,0.132712
20694,48231,false,0.73744
20695,15561,false,0.358037
20695,19370,false,0.804956
20696,4123,true,0.364696
20696,4753,true,0.490688
20696,17985,false,0.8831
20696,27928,false,0.927695
20696,36179,false,0.635524
20697,22759,false,0.744699
20697,23395,false,0.534332
20698,28790,false,0.832038
20698,44774,false,0.224819
20699,23221,false,0.830031
20700,39034,false,0.078497
20700,52127,false,0.675302
20700,56772,false,1.001167
20701,4620,true,0.820046
20701,4883,true,0.346181
20701,15023,false,0.12732
20701,15509,false,0.515786
20701,27318,false,0.472756
20701,56481,false,0.575985
20702,41446,false,0.099737
20703,4817,true,0.838647
20703,13141,false,0.578201
20703,18254,false,0.162705
20703,30925,false,0.515587
20703,45167,false,0.831284
20704,20796,false,0.024918
20704,25330,false,0.141816
20704,38272,false,0.462714
20704,55538,false,0.348807
20705,4515,true,0.026004
20705,4743,true,0.437236
20705,14056,false,0.335919
20705,38895,false,0.16568
20705,48863,false,0.032679
20705,51474,false,0.780988
20706,31264,false,0.899968
20706,42519,false,0.570196
20706,44528,false,0.137949
20707,4253,true,9.89E-4
20707,16752,false,0.460272
20708,47172,false,0.21448
20709,4147,true,0.328266
20709,23721,false,0.836719
20709,28115,false,0.92991
20709,54998,false,0.573406
20710,32029,false,0.173041
20712,18259,false,0.787597
20712,44145,false,0.941845
20712,58138,false,1.009336
20713,25147,false,0.300674
20714,11929,false,0.795652
20714,33121,false,0.169461
20714,40253,false,0.225098
20715,11230,false,0.469082
20715,37966,false,0.409813
20716,42796,false,0.047481
20717,15863,false,0.009015
20717,34948,false,0.028899
20718,29667,false,1.01107
20718,29709,false,0.342735
20719,47326,false,0.928308
20720,11482,false,0.254115
20720,23021,false,0.383505
20721,15851,false,0.472488
20721,23587,false,0.231545
20721,26859,false,0.536576
20722,41460,false,0.214156
20722,59703,false,0.772465
20723,39836,false,0.709994
20723,41711,false,0.777784
20724,50019,false,0.689946
20724,50861,false,0.673032
20725,37534,false,0.232582
20725,42568,false,0.510685
20725,43183,false,0.857586
20725,53648,false,0.704019
20726,57838,false,0.616293
20727,19874,false,0.440078
20727,29446,false,0.250752
20727,49202,false,0.482038
20728,47014,false,0.389286
20728,56355,false,0.36355
20728,57621,false,0.559189
20729,4546,true,0.151791
20729,10061,false,0.1799
20729,24651,false,0.646643
20729,31815,false,0.041878
20729,40166,false,0.194025
20729,47497,false,0.170391
20729,48126,false,0.284763
20729,49664,false,0.534823
20730,15715,false,0.646926
20730,47286,false,0.880406
20730,57172,false,0.683898
20731,17920,false,0.378775
20731,27641,false,0.446035
20731,48085,false,1.005762
20732,4520,true,0.769183
20732,4660,true,0.907955
20732,45919,false,0.761899
20732,59691,false,0.515969
20733,4278,true,0.682238
20734,4309,true,0.059189
20734,19248,false,0.455823
20734,42942,false,0.100373
20735,33696,false,0.608899
20735,41670,false,0.130351
20735,43577,false,0.373742
20736,4478,true,0.75833
20736,13119,false,0.254515
20736,47863,false,0.313537
20737,4275,true,0.801727
20737,4747,true,0.127471
20737,4852,true,0.188212
20737,50606,false,0.333361
20738,4681,true,0.472904
20738,14639,false,0.321898
20738,23917,false,0.15919
20738,48674,false,0.610298
20738,50666,false,0.47663
20738,52527,false,0.148852
20739,4244,true,0.266567
20740,4128,true,0.915048
20740,4612,true,0.557625
20740,13789,false,0.391097
20740,16317,false,0.607376
20740,20191,false,0.61563
20740,59970,false,0.169186
20741,23025,false,0.524535
20741,30809,false,0.117897
20741,40425,false,0.411163
20743,31592,false,0.142664
20743,52537,false,0.605703
20743,55211,false,0.563813
20743,55520,false,0.310784
20744,4282,true,0.216833
20744,4482,true,0.131397
20744,4943,true,0.735131
20744,50427,false,0.961338
20745,4676,true,0.424216
20746,32930,false,0.253829
20746,48130,false,0.537189
20747,4192,true,0.971472
20748,4794,true,0.708879
20748,27267,false,0.41458
20749,19631,false,0.676092
20751,4136,true,1.011771
20751,20593,false,0.296145
20751,26280,false,0.518642
20751,26561,false,0.895519
20751,45488,false,0.730126
20751,45509,false,0.109562
20751,56786,false,0.28152
20752,4106,true,0.984117
20752,10192,false,0.15555
20753,4678,true,0.673199
20753,27912,false,0.914248
20753,32512,false,0.220935
20754,59732,false,0.055181
20755,11546,false,1.000473
20755,54263,false,0.679461
20756,4929,true,0.019034
20756,37887,false,0.513036
20756,45386,false,0.92381
20757,4679,true,0.373146
20757,29197,false,0.795561
20757,56860,false,0.962428
20757,59791,false,0.029362
20758,14075,false,0.245895
20758,24877,false,0.407163
20758,41476,false,0.052859
20759,4877,true,0.510886
20759,19241,false,0.951178
20759,43130,false,0.526316
20759,45344,false,0.027875
20759,59038,false,0.260969
20760,42517,false,0.009948
20760,52682,false,0.166119
20760,57016,false,0.672118
20760,57842,false,0.716226
20761,4970,true,0.751745
20763,13815,false,0.267648
20763,20489,false,0.851216
20764,28789,false,0.738049
20765,59244,false,0.286285
20766,25545,false,0.375684
20766,45665,false,0.462251
20766,54384,false,0.874416
20767,33626,false,0.856601
20768,25562,false,0.530704
20768,40971,false,0.312941
20768,48257,false,0.74949
20768,54697,false,0.55325
20768,59672,false,0.047935
20769,27768,false,0.477968
20769,34412,false,0.248976
20769,40170,false,0.828975
20769,47437,false,0.116107
20770,16560,false,1.04452
20770,21948,false,0.994563
20770,31603,false,0.855156
20770,48340,false,0.862534
20770,58154,false,0.583918
20771,37405,false,0.219684
20771,57566,false,0.979683
20772,33888,false,0.646604
20772,44452,false,0.378804
20773,18116,false,0.80382
20773,33492,false,0.442632
20773,38840,false,0.420059
20773,49186,false,0.030773
20774,14455,false,1.00819
20774,15906,false,0.972368
20774,17234,false,0.56606
20774,37481,false,0.109929
20774,41687,false,0.295917
20774,46652,false,0.572866
20775,47176,false,0.031723
20776,35570,false,0.636026
20776,38789,false,0.079243
20776,40743,false,0.334148
20777,42058,false,0.054711
20777,55290,false,0.647439
20779,41651,false,0.747046
20779,56902,false,0.075841
20780,40293,false,0.938545
20780,43774,false,0.68789
20780,49180,false,0.646244
20781,11009,false,0.627666
20781,48172,false,0.167024
20781,49246,false,0.577196
20782,31814,false,0.433498
20782,38759,false,1.004934
20782,58521,false,0.82808
20783,30749,false,0.798463
20784,15379,false,0.294538
20784,30793,false,0.950806
20784,39524,false,0.381069
20784,48208,false,0.662029
20784,53322,false,0.06091
20784,58196,false,0.973008
20784,58918,false,0.039165
20785,29198,false,0.255853
20785,37200,false,0.017251
20785,56853,false,0.70931
20787,21464,false,0.369953
20787,30968,false,0.892937
20787,36425,false,0.980004
20788,25710,false,0.554819
20788,38260,false,0.641352
20789,28164,false,0.040925
20789,28551,false,0.42744
20791,50503,false,0.585826
20791,56725,false,0.108435
20792,33955,false,0.343952
20793,15218,false,0.007192
20793,24657,false,0.590607
20793,41380,false,1.014564
20794,17754,false,0.213844
20794,30965,false,0.156155
20794,35966,false,0.213043
20794,41429,false,0.157908
20794,59200,false,0.065998
20795,13599,false,0.013314
20795,52039,false,0.13786
20796,28314,false,0.882779
20797,45369,false,0.944546
20798,32566,false,0.865634
20798,43679,false,1.022841
20799,33694,false,0.850567
20799,55849,false,0.816544
20799,55910,false,0.938525
20800,36417,false,0.359989
20800,41813,false,0.976222
20801,19459,false,0.335932
20801,29660,false,0.210355
20801,50770,false,0.730783
20801,51229,false,0.414168
20801,55150,false,0.081329
20802,13530,false,0.482019
20802,22316,false,0.717841
20802,33425,false,0.199233
20802,52194,false,0.998001
20803,24805,false,0.646908
20803,58030,false,0.084419
20804,19987,false,0.024737
20804,47660,false,0.687069
20805,10048,false,0.364122
20805,32640,false,0.35659
20806,18390,false,0.669113
20806,33588,false,0.95567
20806,38024,false,0.15859
20807,21911,false,0.557667
20808,4974,true,0.104613
20809,14672,false,0.502953
20809,32635,false,0.460337
20809,41646,false,0.010036
20809,45225,false,0.409473
20810,57917,false,0.613959
20811,4271,true,0.881461
20811,23070,false,0.521045
20811,29258,false,1.011489
20812,27596,false,0.168132
20813,21426,false,0.733419
20814,47668,false,0.826347
20814,50248,false,0.008625
20815,43708,false,0.456273
20815,46930,false,0.682961
20815,58204,false,0.01507
20816,16786,false,0.546396
20816,17366,false,0.314918
20816,32757,false,0.434437
20816,41268,false,0.32592
20817,4760,true,0.877383
20817,14470,false,0.936489
20817,44275,false,0.192966
20817,46582,false,0.280619
20817,48081,false,0.779058
20818,4457,true,0.260966
20818,4503,true,0.19679
20818,15487,false,0.01466
20818,34440,false,0.481133
20819,32621,false,0.776522
20819,45440,false,0.72609
20819,46077,false,0.11856
20819,55812,false,0.93346
20820,14023,false,0.261358
20820,31315,false,0.386371
20821,23323,false,0.158907
20821,27461,false,0.118845
20822,29889,false,0.432506
20823,28526,false,0.670108
20823,35399,false,0.52099
20823,36444,false,0.23463
20823,40145,false,0.394021
20823,59997,false,0.483659
20824,11881,false,0.649996
20824,27371,false,0.813927
20824,50411,false,0.043056
20825,4567,true,0.90808
20825,49468,false,0.184707
20826,4672,true,0.116819
20826,23340,false,0.948177
20828,14472,false,0.602495
20828,20964,false,0.514435
20828,25369,false,0.477861
20828,35995,false,0.794113
20829,21940,false,0.694057
20831,28453,false,0.654332
20831,39197,false,0.443147
20831,41437,false,0.791711
20831,51611,false,1.001709
20831,54845,false,0.7302
20832,38233,false,0.433016
20832,39469,false,0.320759
20833,21667,false,0.4697
20834,23245,false,0.053495
20834,24994,false,0.139636
20834,25780,false,0.137352
20834,34585,false,0.515325
20835,55364,false,0.813798
20836,32690,false,0.719823
20836,51297,false,0.630611
20838,25724,false,0.694426
20838,38097,false,0.956209
20838,42612,false,0.672829
20838,46416,false,0.382912
20839,22955,false,0.731349
20839,41749,false,0.501174
20839,48893,false,0.738718
20839,49405,false,0.405555
20839,55494,false,0.926416
20840,11373,false,0.864518
20840,33441,false,0.568641
20841,36596,false,0.159911
20842,4964,true,0.283054
20842,38948,false,0.357764
20842,45368,false,0.938734
20843,4754,true,0.712951
20843,31354,false,0.429306
20844,4172,true,0.930264
20844,15566,false,0.600243
20844,29690,false,0.992553
20844,38824,false,0.130334
20844,39856,false,0.052602
20844,49443,false,0.479708
20844,50907,false,0.917149
20845,20983,false,0.74452
20845,29398,false,0.970132
20845,42930,false,0.361438
20845,47995,false,0.912675
20846,24303,false,0.1938
20846,25358,false,0.502177
20846,28300,false,0.63928
20847,18835,false,0.809048
20847,18857,false,0.283772
20847,38091,false,0.35242
20847,47929,false,0.740463
20848,31645,false,0.578358
20848,50047,false,0.641833
20849,4201,true,0.781617
20849,30560,false,0.638487
20849,31210,false,0.978712
20849,59959,false,0.479087
20850,4575,true,0.680378
20850,47300,false,0.567013
20851,4042,true,0.037304
20851,4347,true,0.459891
20851,40282,false,0.659686
20851,58405,false,0.126408
20852,4578,true,0.773903
20852,4947,true,0.46194
20852,16577,false,0.499441
20852,34521,false,0.087734
20853,33856,false,0.374298
20854,11696,false,0.3943
20854,17884,false,0.936617
20854,22163,false,0.992012
20854,38174,false,0.895538
20855,17919,false,0.517616
20855,19846,false,0.562209
20855,52798,false,0.153958
20857,4256,true,0.521247
20858,21530,false,0.454581
20858,55039,false,0.138625
20858,58506,false,0.40053
20859,4129,true,0.742942
20859,23154,false,0.360671
20859,29815,false,0.437895
20859,52947,false,0.474815
20859,55380,false,0.937678
20860,48265,false,0.339989
20861,25505,false,0.01653
20861,52429,false,0.307898
20862,4264,true,0.989556
20862,5000,true,0.950026
20862,11681,false,0.296851
20862,12948,false,0.450837
20862,28092,false,0.772856
20862,33482,false,0.799116
20862,40304,false,0.53887
20862,57765,false,0.374308
20862,58431,false,0.941783
20863,4046,true,0.191787
20863,44365,false,0.635046
20864,4196,true,0.183391
20864,4485,true,0.129473
20865,10746,false,0.92691
20865,13679,false,0.832595
20865,17596,false,0.744343
20865,59179,false,0.934817
20866,49356,false,0.123429
20867,4592,true,0.809396
20867,18550,false,0.79687
20867,54684,false,0.158398
20868,4238,true,0.419546
20868,19990,false,0.277911
20868,56955,false,0.857889
20869,42276,false,0.453154
20869,55188,false,0.239131
20870,12724,false,0.048881
20870,14573,false,0.768819
20870,54760,false,0.321095
20871,4501,true,0.948486
20872,37788,false,0.151261
20873,15885,false,0.464761
20873,52983,false,0.862615
20873,54743,false,0.294678
20874,28173,false,0.303349
20874,40036,false,0.939184
20874,45545,false,0.900032
20875,30060,false,0.790156
20875,56101,false,0.968022
20877,31887,false,0.637216
20877,40378,false,0.026754
20877,55858,false,0.099338
20878,41815,false,0.408737
20879,4163,true,0.477516
20879,29173,false,0.105917
20879,29621,false,0.999984
20880,4443,true,0.77764
20880,10895,false,0.183828
20880,12034,false,0.401416
20880,16304,false,0.199296
20880,30437,false,0.187755
20880,34004,false,0.469195
20880,44029,false,0.900942
20881,4490,true,0.20293
20881,4799,true,0.923442
20881,48073,false,0.268766
20881,48287,false,0.692892
20882,22676,false,0.23693
20882,26523,false,0.188558
20882,46280,false,0.735487
20882,54264,false,0.243527
20882,59685,false,0.772077
20883,33074,false,0.569214
20884,12301,false,0.489805
20884,25995,false,0.599363
20884,43164,false,0.869842
20884,44749,false,0.221652
20885,38378,false,0.339953
20885,45213,false,0.373403
20885,56393,false,0.921067
20886,13738,false,0.878145
20886,30263,false,0.530671
20886,48550,false,5.5E-4
20886,52410,false,0.317674
20886,56458,false,0.189644
20886,59314,false,0.04713
20887,13654,false,0.821896
20887,46615,false,0.625013
20888,32324,false,0.106382
20888,52094,false,0.074182
20888,55285,false,0.79999
20889,17133,false,0.737751
20889,23087,false,0.625419
20889,49776,false,0.004222
20890,4056,true,0.323442
20890,22303,false,0.135831
20890,29483,false,0.671026
20890,41139,false,0.085163
20891,4500,true,0.023238
20891,4992,true,0.883386
20892,11262,false,0.714854
20892,22773,false,0.378178
20892,27265,false,0.905232
20892,34970,false,0.3965
20892,36461,false,0.839557
20892,51638,false,0.599117
20893,29054,false,0.168551
20893,38479,false,0.682142
20893,51269,false,0.736891
20894,4337,true,0.867327
20894,19716,false,0.233526
20895,4885,true,0.551487
20895,14419,false,0.929668
20895,15134,false,0.357594
20895,36105,false,0.595595
20895,45331,false,0.195853
20895,51652,false,0.967747
20896,20870,false,0.47256
20896,29846,false,0.450279
20896,49871,false,0.002709
20897,21343,false,0.021835
20898,27847,false,0.146333
20898,51836,false,0.063907
20898,54897,false,0.932741
20898,58055,false,0.673692
20899,4248,true,0.439995
20899,22328,false,0.957831
20899,35659,false,0.704867
20899,36429,false,0.516695
20899,56306,false,0.228631
20900,12752,false,0.056378
20900,25695,false,0.958098
20900,56749,false,0.18298
20901,4016,true,0.353301
20901,4406,true,0.329651
20901,23003,false,0.115356
20901,33520,false,0.761121
20902,4647,true,0.955974
20902,40441,false,0.213588
20902,45109,false,0.77166
20903,21452,false,0.068883
20903,25833,false,0.49585
20903,31321,false,0.303503
20903,53596,false,0.962073
20903,59107,false,0.195047
20904,12769,false,0.902125
20904,32032,false,0.913154
20904,36381,false,0.838468
20905,4018,true,0.584779
20905,37142,false,0.872405
20906,14312,false,0.372045
20906,16463,false,0.580357
20906,48377,false,0.657278
20907,27734,false,0.180242
20908,4120,true,0.773841
20908,4811,true,0.645213
20908,21592,false,0.741648
20908,25490,false,0.978243
20908,29301,false,0.48388
20908,32707,false,0.807012
20908,40286,false,0.920208
20909,42320,false,0.76391
20910,55789,false,0.59653
20911,16586,false,0.798131
20912,19498,false,0.831424
20912,29783,false,0.690052
20912,39907,false,0.742031
20913,34324,false,0.949008
20913,46206,false,0.250108
20914,13572,false,0.983844
20915,12750,false,0.581804
20915,13402,false,0.447485
20915,41119,false,0.66738
20915,42048,false,0.598606
20916,10843,false,0.600205
20916,15964,false,0.810463
20916,16757,false,0.700425
20916,22265,false,0.589992
20916,24333,false,0.479428
20917,12762,false,0.207075
20918,4894,true,0.612628
20918,18804,false,0.488541
20918,39501,false,0.285164
20918,59746,false,0.06868
20919,44263,false,0.966455
20919,48588,false,0.12738
20920,24131,false,0.652003
20921,4365,true,0.103052
20921,4393,true,0.98699
20921,18772,false,0.73715
20921,29088,false,0.78352
20921,30708,false,0.776435
20921,51368,false,0.782185
20921,54082,false,0.717515
20921,56335,false,0.535582
20922,53016,false,0.90525
20923,19276,false,0.9009
20923,51461,false,0.545407
20924,4198,true,0.683714
20924,4732,true,0.037968
20924,19816,false,0.929189
20924,27389,false,0.733032
20924,32743,false,0.363676
20924,52319,false,0.186082
20925,4385,true,0.582027
20925,21126,false,0.878412
20926,4622,true,0.767089
20926,20016,false,0.390192
20927,38561,false,0.88921
20927,50829,false,0.028801
20927,58516,false,0.560016
20928,4886,true,0.2921
20928,13908,false,0.954791
20928,32551,false,0.093666
20928,38708,false,0.117181
20929,4180,true,0.386009
20929,5002,true,0.712097
20929,56326,false,0.12846
20929,59497,false,0.402023
20930,4472,true,0.888058
20930,4586,true,0.325267
20931,16008,false,0.469362
20931,18314,false,0.986764
20931,39674,false,0.655329
20932,4632,true,0.364415
20932,44009,false,0.306788
20932,45413,false,0.283584
20933,34209,false,0.818877
20934,4028,true,0.649324
20934,56076,false,0.776013
20935,11090,false,0.99335
20935,48798,false,0.031115
20935,49709,false,0.322299
20936,26215,false,0.310828
20936,54715,false,0.015649
20937,17567,false,0.863979
20937,45301,false,0.067866
20939,45781,false,0.649191
20939,57589,false,0.48762
20940,4626,true,0.444045
20940,16450,false,0.415942
20940,24163,false,0.060442
20940,28934,false,0.161167
20940,51631,false,0.283517
20940,55668,false,0.307951
20941,4333,true,0.043525
20941,39783,false,0.591789
20941,41436,false,0.494826
20941,51634,false,0.114146
20941,57548,false,0.663437
20942,4386,true,0.004244
20942,4868,true,0.693944
20942,41194,false,0.388596
20942,46186,false,0.872415
20942,49068,false,0.016824
20943,4186,true,0.510456
20943,45157,false,0.253621
20943,45169,false,0.743579
20944,11356,false,0.818237
20944,17393,false,0.75519
20944,19352,false,0.873301
20944,33218,false,0.697634
20944,56823,false,0.684293
20945,4798,true,0.791074
20946,4020,true,0.946469
20946,24295,false,0.200603
20946,27916,false,0.741984
20946,29836,false,0.072806
20946,37079,false,0.45847
20946,45960,false,0.858613
20947,29187,false,0.715485
20948,4405,true,0.377399
20948,14172,false,0.948164
20948,45105,false,0.692603
20948,53336,false,0.152297
20950,11451,false,0.582247
20950,58059,false,0.828949
20951,4572,true,0.102562
20951,29451,false,0.550786
20951,38851,false,0.41526
20951,44887,false,0.906097
20952,4031,true,0.847285
20952,14085,false,0.935627
20953,14932,false,0.644805
20953,31129,false,0.088726
20953,36692,false,0.495074
20954,11155,false,0.593251
20954,19284,false,0.88272
20954,53358,false,0.403375
20955,14763,false,0.288743
20955,21946,false,0.9324
20955,25409,false,0.883456
20955,35662,false,0.537553
20955,40216,false,0.611324
20955,56278,false,0.048581
20956,37964,false,0.029993
20956,41279,false,0.032478
20957,28022,false,0.18579
20957,42245,false,0.979735
20957,48252,false,0.739727
20957,50255,false,0.051801
20958,24282,false,0.538559
20958,27398,false,0.047874
20958,30557,false,0.919975
20960,56872,false,0.023872
20960,58700,false,0.305904
20961,27579,false,0.246882
20961,32346,false,0.679176
20962,4082,true,0.288325
20962,4151,true,0.090359
20962,15722,false,0.867063
20962,29335,false,0.421753
20962,29645,false,0.241463
20962,48054,false,0.011863
20962,50760,false,0.556576
20963,27752,false,0.442494
20963,36798,false,0.042306
20963,40762,false,0.122112
20963,50839,false,0.949055
20964,43306,false,0.852974
20964,45277,false,0.687844
20965,4836,true,0.768997
20965,23639,false,0.446862
20965,26629,false,0.562518
20965,48958,false,0.530659
20965,49934,false,0.073164
20966,4372,true,0.313931
20968,4925,true,0.034136
20968,53542,false,0.114766
20969,31753,false,0.837954
20970,4436,true,0.940471
20970,17682,false,0.833313
20970,52980,false,0.784231
20971,26214,false,0.299272
20971,54415,false,0.926682
20972,22178,false,0.461795
20972,49964,false,0.496201
20973,4808,true,0.983544
20973,15146,false,0.661784
20973,24097,false,0.394376
20973,43153,false,0.635885
20973,59624,false,0.091232
20974,4332,true,0.664045
20974,11077,false,0.12226
20974,18258,false,0.951593
20974,28021,false,0.638676
20974,46333,false,0.599148
20975,4355,true,0.619391
20975,13748,false,0.257772
20975,18477,false,0.146464
20976,4114,true,0.709389
20976,53065,false,0.696859
20977,31091,false,0.774302
20978,4312,true,0.867758
20978,4737,true,0.068345
20978,59523,false,0.800557
20979,31767,false,0.946371
20980,15596,false,0.210299
20980,16469,false,0.435742
20980,18952,false,0.830449
20980,34946,false,0.154113
20980,44553,false,0.788036
20980,45496,false,0.005216
20980,58424,false,0.293242
20981,4089,true,0.641394
20981,24249,false,0.222883
20982,4991,true,0.836251
20982,18147,false,0.5497
20982,23406,false,0.122586
20982,50130,false,0.103831
20983,29679,false,0.154337
20985,30374,false,0.319713
20987,29079,false,0.692557
20987,36236,false,0.628496
20987,45166,false,0.868384
20987,46838,false,0.554186
20987,56517,false,0.184032
20988,20542,false,0.971985
20988,22549,false,0.765933
20988,31741,false,0.971184
20988,47663,false,0.171679
20988,57641,false,0.026832
20989,29165,false,1.010316
20990,35182,false,0.381202
20990,40615,false,0.688362
20990,57501,false,0.002419
20990,57592,false,0.952325
20991,4469,true,0.963667
20991,18938,false,0.429914
20992,4155,true,0.844647
20992,14320,false,0.949053
20992,16873,false,0.841358
20992,33216,false,0.738325
20993,41472,false,0.775281
20993,54605,false,0.458673
20994,24688,false,0.69462
20994,42206,false,0.173694
20994,54667,false,0.047136
20994,56400,false,0.206606
20995,26867,false,0.856336
20995,27376,false,0.901147
20995,36760,false,0.229688
20995,47202,false,0.489899
20995,52999,false,1.015289
20996,4019,true,0.805531
20996,4755,true,0.027349
20997,23694,false,0.240792
20997,24780,false,0.386673
20997,34182,false,0.663661
20997,57787,false,0.665425
20998,54093,false,0.218607
20999,11308,false,0.366017
20999,12249,false,0.299873
20999,41945,false,0.10562
21000,11823,false,0.245805
21000,20472,false,0.012629
21000,45500,false,0.904098
21000,58175,false,0.028499
21001,4044,true,0.176162
21001,22447,false,0.020691
21001,33081,false,0.071724
21002,16548,false,0.009366
21002,19118,false,0.325891
21003,29091,false,0.875242
21003,33011,false,0.651438
21004,23763,false,0.163
21004,28663,false,0.5778
21004,54563,false,0.961789
21005,4298,true,0.753634
21006,47554,false,0.101049
21007,4471,true,0.004827
21007,4614,true,0.181719
21007,43167,false,0.801777
21008,18580,false,0.608691
21008,32111,false,0.580656
21009,4052,true,0.122297
21009,4934,true,0.202292
21009,11049,false,0.081987
21009,19528,false,0.854838
21009,25423,false,0.789259
21009,34353,false,0.079173
21010,22302,false,0.462274
21010,41284,false,0.392652
21010,57237,false,0.018899
21011,15671,false,0.366585
21012,42204,false,0.929344
21012,54158,false,0.109508
21014,4353,true,0.606421
21014,14807,false,0.546189
21014,24080,false,0.772739
21014,45935,false,0.210418
21014,53623,false,0.465961
21015,4818,true,0.969691
21015,16330,false,0.947157
21015,36251,false,0.68904
21016,14478,false,0.497372
21016,17057,false,0.221502
21017,13018,false,0.207073
21017,23445,false,0.770718
21017,56808,false,0.368164
21018,4357,true,0.676479
21018,33013,false,0.820149
21018,34036,false,0.004272
21018,50386,false,0.184931
21019,4324,true,0.66023
21019,16230,false,0.680506
21020,22828,false,0.639674
21020,43716,false,0.59241
21021,22078,false,0.67842
21021,22725,false,0.527224
21022,14064,false,0.774974
21022,25016,false,0.747673
21022,52021,false,0.515431
21023,22826,false,0.978346
21023,40536,false,0.147727
21024,21690,false,0.539757
21024,57046,false,0.504215
21025,4245,true,0.092315
21025,17916,false,0.847795
21025,41658,false,0.225693
21025,48173,false,0.258569
21026,30109,false,0.913887
21027,4126,true,0.566098
21027,4613,true,0.577202
21027,14808,false,0.699181
21027,40543,false,0.12654
21027,47370,false,0.781433
21028,19708,false,0.120381
21028,23066,false,0.926939
21028,35642,false,0.395734
21028,42541,false,0.808847
21028,50065,false,0.598995
21029,27412,false,0.120279
21030,4516,true,0.965088
21030,14645,false,0.782167
21030,17024,false,0.553472
21031,12359,false,0.881057
21032,27490,false,0.614521
21032,34350,false,0.824299
21032,35780,false,0.818605
21033,16446,false,0.432725
21033,45206,false,0.008159
21034,4036,true,0.248953
21034,28966,false,0.20772
21034,35784,false,0.616711
21034,45754,false,0.044113
21035,12774,false,0.80817
21035,27462,false,0.72306
21035,45200,false,0.367083
21036,33853,false,0.972981
21036,49679,false,0.200053
21037,14237,false,0.173731
21038,4532,true,0.481026
21038,23228,false,0.792839
21038,34497,false,0.609259
21038,44750,false,0.330155
21038,54616,false,0.761753
21038,59141,false,0.286531
21039,20604,false,0.160747
21039,47799,false,0.020832
21040,4423,true,0.85139
21040,4693,true,0.612598
21040,14476,false,0.805008
21040,17887,false,0.205912
21040,29570,false,0.208231
21040,57263,false,0.887249
21041,59944,false,0.091377
21042,4125,true,0.883809
21042,27243,false,0.740644
21042,29337,false,0.703823
21042,39625,false,0.602309
21043,31969,false,0.455596
21043,38346,false,0.932195
21043,50005,false,0.270755
21043,56117,false,0.187423
21044,4841,true,0.76057
21044,37890,false,0.766442
21045,25815,false,0.357253
21045,29309,false,0.142555
21046,4801,true,0.938628
21046,39880,false,0.743569
21047,4957,true,0.344151
21047,4969,true,0.727308
21047,41229,false,0.278758
21048,4867,true,0.25569
21048,4918,true,0.314632
21048,13326,false,0.463519
21048,46775,false,0.199573
21048,51592,false,0.863059
21049,18778,false,0.011565
21049,31184,false,0.392686
21049,44650,false,0.642054
21050,4734,true,0.153649
21050,50129,false,0.002561
21051,18263,false,0.712047
21051,37758,false,0.294314
21051,42170,false,0.72052
21052,4143,true,0.351076
21052,4257,true,1.012269
21052,18790,false,0.134989
21052,51361,false,0.728582
21052,58579,false,0.555347
21053,52857,false,0.683891
21054,23857,false,0.624115
21055,10396,false,0.715852
21055,17736,false,0.51099
21055,25064,false,0.416759
21055,35841,false,0.894424
21055,41578,false,0.583203
21055,48406,false,0.315164
21056,38049,false,0.011045
21056,46495,false,0.635393
21057,4631,true,0.895412
21058,4331,true,0.515984
21058,21804,false,0.457871
21058,25981,false,0.001509
21058,49364,false,0.252753
21059,4924,true,0.673437
21059,48355,false,0.011016
21060,20305,false,0.888988
21060,36119,false,0.227374
21060,41433,false,0.762127
21061,4281,true,0.816402
21062,4954,true,0.126507
21062,56080,false,0.473266
21063,54120,false,0.096304
21065,10290,false,0.809078
21065,55978,false,0.772998
21066,43810,false,0.18333
21067,16158,false,0.967558
21067,24283,false,0.564324
21067,27732,false,0.018236
21067,30735,false,0.459197
21067,43200,false,0.787204
21068,4116,true,0.470049
21068,4707,true,0.980928
21068,44879,false,0.319466
21068,54031,false,0.913644
21068,58968,false,0.505787
21069,4240,true,0.654882
21069,4484,true,0.662221
21069,28105,false,0.285992
21069,41009,false,0.942183
21070,21967,false,0.824064
21070,59400,false,0.391805
21071,17129,false,0.420003
21071,35342,false,0.308278
21072,21305,false,0.474142
21072,43039,false,0.464665
21074,4394,true,0.857587
21074,28477,false,0.904452
21075,4759,true,0.22563
21076,31747,false,0.114953
21076,45391,false,0.12313
21076,45757,false,0.116099
21076,48323,false,0.890471
21077,4651,true,0.352498
21077,15711,false,0.908978
21078,4535,true,0.237342
21078,42605,false,0.590865
21078,44509,false,0.746159
21078,59574,false,0.834059
21079,22619,false,0.533478
21080,4349,true,0.499635
21080,16743,false,0.192763
21080,33735,false,0.462613
21080,56829,false,0.995889
21081,27493,false,0.764302
21081,44956,false,0.9441
21082,15295,false,0.715667
21082,30508,false,0.140058
21082,31686,false,0.25832
21082,57662,false,0.326702
21083,20288,false,0.724481
21083,28693,false,0.017127
21083,40478,false,0.463822
21085,10922,false,0.194807
21085,35552,false,0.466685
21085,39230,false,0.67812
21085,41964,false,0.904695
21086,41807,false,0.055354
21086,59430,false,0.648737
21087,16620,false,0.816163
21087,38387,false,0.478755
21088,27625,false,0.384524
21089,47168,false,0.793662
21090,18411,false,0.078029
21090,41283,false,0.612701
21091,10028,false,0.607876
21091,28025,false,0.371204
21091,58568,false,0.325761
21092,11700,false,0.670987
21092,31820,false,0.687217
21092,40344,false,0.666999
21092,47061,false,0.568276
21093,51438,false,0.259423
21094,25768,false,0.539938
21094,31128,false,0.188278
21094,37645,false,0.894067
21094,38205,false,0.736606
21094,50521,false,0.044645
21095,54987,false,0.997824
21096,13713,false,0.379799
21096,18344,false,0.830875
21096,26158,false,0.897022
21096,50463,false,0.908299
21097,46277,false,0.21989
21097,54036,false,0.122322
21098,21976,false,0.946283
21098,25386,false,0.379312
21099,39001,false,0.081568
21099,54793,false,0.59063
21101,11120,false,0.327197
21102,36235,false,0.30179
21102,40655,false,0.117736
21102,41294,false,0.72729
21102,45895,false,0.162602
21103,19380,false,0.755002
21103,27857,false,0.157618
21103,30615,false,0.755446
21103,31604,false,0.054381
21103,45030,false,0.834716
21103,45350,false,0.81032
21103,56928,false,0.413704
21104,39283,false,0.777296
21106,17676,false,0.935566
21106,43910,false,0.440992
21107,11232,false,0.58316
21107,22181,false,0.63088
21107,46895,false,0.43681
21107,58620,false,0.203255
21109,17376,false,0.41543
21109,48262,false,0.723903
21110,36773,false,0.558383
21110,48204,false,0.925337
21111,19409,false,0.150812
21111,27173,false,0.191485
21111,34643,false,0.508581
21111,37000,false,0.316688
21112,56344,false,0.960203
21113,32183,false,0.278398
21113,37299,false,0.301341
21113,41096,false,0.29633
21113,47529,false,0.891182
21113,55591,false,0.070177
21114,39312,false,0.648477
21115,37942,false,0.887539
21115,42622,false,0.303284
21116,27517,false,0.042053
21116,50915,false,0.50192
21116,51290,false,0.724265
21116,51751,false,0.120082
21117,13217,false,0.39494
21117,14464,false,0.37167
21117,49112,false,0.383248
21117,49705,false,0.542873
21119,21374,false,0.521222
21119,26246,false,0.563603
21119,35303,false,0.743517
21120,59315,false,0.107642
21121,22591,false,0.98934
21121,40667,false,0.614699
21122,22635,false,0.100903
21122,27961,false,0.799966
21122,46721,false,0.659738
21124,22332,false,0.927844
21125,19635,false,0.174435
21125,36982,false,0.089646
21125,56909,false,0.638316
21127,22840,false,0.318675
21127,24024,false,0.275384
21127,52209,false,0.867531
21128,12909,false,0.588346
21128,14646,false,0.213913
21128,40781,false,0.782999
21128,51349,false,0.23466
21129,23295,false,0.75526
21129,28684,false,0.047498
21129,30007,false,0.190392
21129,57484,false,0.756896
21130,11813,false,0.656397
21130,55051,false,0.524352
21131,5,true,0.41194
21131,4255,true,0.516133
21131,27779,false,0.917633
21131,35487,false,0.284205
21131,54032,false,0.355525
21131,58481,false,0.700392
21132,4069,true,0.845065
21133,24048,false,0.424322
21133,36355,false,0.202448
21134,15917,false,0.079098
21135,25166,false,0.018686
21135,49153,false,0.813183
21136,15390,false,0.766141
21136,57425,false,0.101239
21138,4284,true,0.764126
21138,4752,true,0.348253
21138,11285,false,0.683691
21139,34678,false,0.804287
21139,48140,false,0.736749
21140,19080,false,0.452744
21140,30586,false,0.913321
21140,48724,false,0.197386
21141,28757,false,0.990868
21141,56484,false,0.457191
21141,56655,false,0.403776
21142,4401,true,1.007651
21142,18168,false,0.571921
21142,36427,false,0.273652
21142,42278,false,0.885077
21143,4010,true,0.407583
21143,47934,false,0.863928
21144,4522,true,0.177443
21144,34711,false,0.110114
21145,4260,true,0.577313
21145,4552,true,0.068257
21145,28205,false,0.324462
21145,28257,false,0.203905
21145,52641,false,0.067327
21146,18666,false,0.236181
21146,34053,false,0.397727
21146,45867,false,0.945736
21146,55958,false,0.969084
21147,18196,false,0.558732
21147,42876,false,0.19693
21148,10601,false,0.003216
21148,20196,false,0.753019
21149,13891,false,0.599632
21151,4439,true,0.172564
21151,50352,false,0.962305
21152,39452,false,0.685295
21153,26503,false,0.816758
21153,33242,false,0.194688
21153,47900,false,0.604428
21154,4563,true,0.09802
21154,16969,false,0.687058
21155,4175,true,0.46372
21155,18713,false,0.033672
21155,46310,false,0.014484
21156,11812,false,0.521855
21156,53662,false,0.350469
21157,29551,false,0.669604
21157,32675,false,0.605261
21157,54081,false,0.736797
21158,12243,false,0.84883
21158,16645,false,0.920584
21158,44448,false,0.740412
21159,18809,false,0.644736
21160,15670,false,0.748615
21160,42562,false,0.496286
21160,47894,false,0.702515
21161,29818,false,0.882346
21161,41498,false,0.519757
21162,43387,false,0.749453
21162,44893,false,0.055591
21162,46510,false,0.738935
21162,50177,false,0.873381
21162,54049,false,0.568459
21163,55139,false,0.868007
21164,33674,false,0.234412
21165,10642,false,0.289001
21165,46286,false,0.295586
21165,52168,false,0.238126
21165,58602,false,0.250274
21167,15550,false,0.451725
21167,39893,false,0.723723
21167,40523,false,0.357319
21168,10225,false,0.81893
21168,17722,false,0.023171
21168,39762,false,0.720865
21168,44848,false,0.759386
21169,19672,false,0.378741
21169,39119,false,0.628214
21169,50180,false,0.795843
21170,44920,false,0.600817
21171,41768,false,0.07055
21172,21240,false,0.962928
21172,27678,false,0.49512
21173,14092,false,0.321518
21173,45396,false,0.260353
21174,48676,false,0.681819
21175,17747,false,0.912236
21176,4669,true,0.704001
21176,4952,true,0.394343
21176,12355,false,0.026804
21176,43405,false,0.934574
21176,59886,false,0.234322
21177,21524,false,0.919538
21177,23725,false,0.84993
21178,17477,false,0.790185
21178,31890,false,0.677199
21179,53532,false,0.168354
21179,58083,false,0.618805
21181,4524,true,0.652058
21181,4570,true,0.828812
21181,10305,false,0.385122
21182,58787,false,0.216698
21183,4584,true,0.309142
21183,52735,false,0.074759
21184,4153,true,0.492221
21184,4662,true,0.132232
21184,42334,false,0.197807
21185,30408,false,0.83278
21185,44999,false,0.885379
21185,53717,false,0.922994
21186,4225,true,0.147821
21186,4295,true,0.540898
21186,17964,false,0.497653
21186,41083,false,0.51518
21187,17183,false,0.100626
21187,17845,false,0.717299
21187,44736,false,0.11197
21188,10443,false,0.828465
21188,16342,false,0.838466
21188,20404,false,0.337279
21188,25564,false,0.34779
21188,49430,false,0.391226
21188,52493,false,0.293521
21189,19188,false,0.046008
21189,35694,false,0.680119
21189,52628,false,0.627843
21190,44338,false,0.660536
21190,49442,false,0.469453
21191,17842,false,0.747836
21191,23779,false,0.568172
21191,50598,false,0.486647
21191,53223,false,0.978389
21191,58273,false,0.868086
21192,19019,false,0.227097
21192,40858,false,0.304837
21192,47875,false,0.012697
21193,4449,true,0.12929
21193,29155,false,0.523868
21193,29919,false,0.108417
21193,47349,false,0.200854
21194,56292,false,0.578323
21195,50896,false,0.122325
21195,53100,false,0.007995
21196,4911,true,0.660498
21196,20197,false,0.680872
21196,44175,false,0.417817
21196,44903,false,0.771155
21196,49066,false,0.89847
21197,41358,false,0.382182
21197,42651,false,0.417209
21197,44098,false,0.400413
21197,59750,false,0.30261
21198,35950,false,0.430495
21198,37374,false,0.037336
21198,50334,false,0.535746
21199,21937,false,0.463184
21199,33028,false,0.024456
21199,37798,false,0.857402
21200,20939,false,0.517912
21200,50728,false,0.435879
21202,4456,true,0.696164
21202,55906,false,0.867924
21203,10626,false,0.428373
21203,11160,false,0.91042
21203,42152,false,0.076574
21203,42203,false,0.019821
21204,53328,false,0.087069
21206,4276,true,0.608034
21206,15595,false,0.200969
21206,20253,false,0.193009
21206,20683,false,0.433872
21206,21225,false,0.351436
21206,59380,false,0.493158
21207,25227,false,0.485578
21207,29158,false,0.949292
21207,41278,false,0.389124
21208,12822,false,0.55012
21208,13416,false,0.933181
21208,15989,false,0.708673
21209,17265,false,0.948126
21209,20347,false,0.960827
21209,52910,false,0.500996
21210,4021,true,0.038769
21210,41799,false,0.829867
21210,44299,false,0.369298
21210,45119,false,0.160238
21211,20749,false,0.185027
21212,37416,false,0.283567
21213,16780,false,0.583766
21214,4467,true,0.406929
21214,47800,false,0.938644
21215,10489,false,0.997128
21215,49279,false,0.768977
21216,24944,false,0.122107
21217,4897,true,0.489167
21217,13106,false,0.808943
21217,17328,false,0.993144
21218,4103,true,0.817283
21218,4781,true,0.537849
21218,55799,false,0.508467
21219,32810,false,0.722856
21220,4507,true,0.063702
21220,22973,false,0.458255
21221,23091,false,0.938136
21221,32823,false,0.739628
21221,41671,false,0.204843
21221,57013,false,0.182728
21223,23185,false,0.284404
21223,56342,false,0.243207
21223,58119,false,0.157714
21223,59426,false,0.02912
21224,11362,false,0.671253
21224,45002,false,0.671991
21224,50712,false,1.027764
21224,58674,false,0.471363
21226,18403,false,0.032629
21226,21066,false,0.707621
21226,29550,false,0.768539
21226,51868,false,0.5398
21226,56098,false,0.045604
21227,49848,false,0.460465
21228,13497,false,0.159282
21228,33504,false,0.179316
21229,13612,false,0.101404
21229,17413,false,0.358102
21229,18694,false,0.532904
21229,22403,false,0.8921
21230,54823,false,0.028289
21231,25598,false,0.815226
21231,31464,false,0.19286
21233,19900,false,0.319481
21233,39833,false,0.056721
21234,13104,false,0.469978
21234,14667,false,0.05271
21234,24767,false,0.338016
21234,48091,false,0.566831
21235,13307,false,0.44445
21235,34318,false,0.155422
21236,13904,false,0.735634
21236,22888,false,0.177879
21236,29834,false,0.554649
21236,30803,false,0.119831
21236,56846,false,0.779572
21237,31276,false,0.275812
21237,40932,false,0.688767
21237,54970,false,0.848805
21238,19867,false,0.328446
21238,32060,false,0.509365
21238,44930,false,0.937557
21238,48614,false,0.588519
21239,32447,false,0.237107
21240,18638,false,0.848753
21240,31500,false,0.429379
21240,38913,false,0.9559
21241,15402,false,0.339929
21241,34482,false,0.197282
21242,32412,false,0.441152
21242,58618,false,0.219569
21243,24754,false,0.323383
21243,36191,false,0.053132
21243,53508,false,0.036368
21244,23265,false,0.87737
21244,28791,false,0.628997
21244,47050,false,0.22176
21245,18071,false,0.717954
21245,52244,false,0.771286
21246,20862,false,0.217828
21246,37318,false,0.230703
21246,58312,false,0.045394
21249,19412,false,0.521419
21249,35006,false,0.479816
21250,28536,false,0.11452
21250,41968,false,0.176405
21251,14644,false,0.977495
21251,21295,false,0.400088
21251,38524,false,0.856531
21252,15515,false,0.993328
21252,21360,false,0.667962
21252,25991,false,0.072875
21252,34736,false,0.214362
21252,43055,false,0.028087
21252,48714,false,0.679215
21253,12755,false,0.776309
21253,31322,false,0.704645
21253,38712,false,0.607368
21254,54269,false,0.066601
21255,50394,false,0.129881
21255,50932,false,0.181254
21256,11601,false,0.682317
21257,13463,false,0.387749
21258,46531,false,0.200196
21259,40702,false,0.321922
21260,26342,false,0.48688
21260,41759,false,0.691511
21260,43675,false,1.00665
21260,45732,false,0.760808
21262,30250,false,0.589108
21263,14260,false,0.029777
21263,27436,false,0.494824
21263,51597,false,0.213421
21264,28764,false,0.535064
21264,38467,false,0.683757
21266,10110,false,0.705663
21266,31232,false,0.268319
21266,41150,false,0.234252
21266,42319,false,0.060071
21266,57567,false,1.039125
21267,32989,false,0.007121
21267,35905,false,0.269056
21267,58118,false,0.064313
21268,4975,true,0.461865
21268,23898,false,0.687313
21268,44602,false,0.200763
21268,50124,false,0.5375
21268,56035,false,0.974286
21268,59966,false,0.131218
21269,13986,false,0.902761
21269,14677,false,0.395208
21269,19122,false,0.861347
21269,50848,false,0.690237
21270,34436,false,0.514825
21270,40755,false,0.457054
21271,11252,false,0.290145
21271,14021,false,0.935308
21271,57571,false,0.804879
21272,15687,false,0.040112
21272,39874,false,0.150012
21273,4702,true,0.248604
21273,19181,false,0.347218
21273,29296,false,0.295297
21273,40832,false,0.808971
21273,50576,false,0.750976
21273,50950,false,0.476432
21274,22514,false,0.068844
21274,28324,false,0.351622
21275,14888,false,0.621383
21275,25919,false,0.319933
21275,41181,false,0.057426
21275,59606,false,0.924423
21276,22289,false,0.355904
21276,29948,false,0.259715
21276,45972,false,0.427802
21276,57218,false,0.537993
21277,4011,true,0.154628
21277,16472,false,0.99272
21277,24590,false,0.625453
21277,26550,false,0.44921
21277,51639,false,0.988795
21277,56162,false,0.917687
21277,57772,false,0.01308
21278,4623,true,0.149459
21278,32366,false,0.565879
21279,29421,false,0.395756
21279,40854,false,0.352437
21281,33373,false,0.436459
21281,37844,false,0.436617
21281,53199,false,0.656731
21281,55765,false,0.0941
21282,12213,false,0.327264
21282,52341,false,0.247737
21283,19075,false,0.812112
21283,22159,false,0.125257
21283,23271,false,0.923068
21283,59696,false,0.096895
21284,27474,false,0.215497
21284,31802,false,0.013467
21286,19271,false,0.636242
21286,21123,false,0.791772
21287,4773,true,0.938821
21287,11301,false,0.990567
21287,12449,false,0.54369
21288,4302,true,0.852487
21288,4330,true,0.175385
21288,11145,false,0.418092
21288,21481,false,0.72866
21288,45638,false,0.314083
21288,46234,false,0.727581
21288,57039,false,0.287255
21289,14896,false,0.104749
21289,25770,false,0.793698
21290,15034,false,0.239543
21290,28079,false,0.196066
21290,32764,false,0.284464
21292,37295,false,0.700714
21294,38922,false,0.262847
21294,39886,false,0.503215
21295,14838,false,0.722587
21295,40938,false,0.067222
21295,43678,false,0.458895
21296,21309,false,0.621084
21297,17560,false,0.483188
21297,22318,false,0.408278
21297,32131,false,0.215533
21297,36403,false,0.993947
21297,44824,false,0.782609
21297,56296,false,0.801055
21298,55308,false,0.543978
21299,23027,false,0.256749
21299,35965,false,0.339176
21299,36602,false,0.421179
21300,11650,false,0.635048
21300,15405,false,0.516864
21300,25586,false,0.865025
21301,16438,false,0.828568
21301,19895,false,0.840713
21301,23093,false,0.747126
21301,45071,false,0.228283
21302,27411,false,0.608282
21302,41623,false,0.573617
21303,12681,false,0.65334
21303,18484,false,0.729783
21303,19761,false,0.392785
21303,23603,false,0.258122
21304,17475,false,0.60491
21304,26278,false,0.897957
21304,39675,false,0.349395
21304,49328,false,0.975805
21305,17347,false,0.295502
21305,52004,false,0.90841
21306,40861,false,0.564037
21307,54405,false,0.158052
21308,11604,false,0.998113
21308,49559,false,0.064432
21308,53168,false,0.001983
21309,16310,false,0.350281
21309,19104,false,0.162037
21309,34366,false,0.955342
21309,38171,false,0.397357
21309,54463,false,0.365871
21311,24966,false,0.90045
21311,29344,false,0.206626
21311,33774,false,0.582909
21311,51701,false,0.905417
21312,18034,false,0.535844
21312,18425,false,0.382377
21312,19773,false,0.569851
21312,33648,false,0.666928
21313,20781,false,0.480447
21313,39550,false,0.937864
21313,52489,false,0.465546
21314,4842,true,0.112868
21314,21814,false,0.431846
21314,22833,false,0.431501
21314,48023,false,0.829558
21314,59091,false,0.61979
21315,42927,false,0.973515
21316,18590,false,0.290976
21316,19549,false,0.557606
21316,36009,false,0.734626
21316,37891,false,0.470449
21317,10160,false,0.709382
21317,37918,false,0.529034
21317,45912,false,0.936309
21318,16581,false,0.962474
21318,33145,false,0.329398
21318,53224,false,0.476473
21318,54651,false,0.292213
21318,57248,false,0.431335
21319,11856,false,0.69433
21319,28504,false,0.737527
21319,32895,false,0.392364
21319,38726,false,0.447832
21319,51791,false,0.119717
21319,51921,false,0.063288
21320,4113,true,0.499186
21320,41958,false,0.916716
21320,57181,false,0.310997
21321,4230,true,0.049152
21321,13785,false,0.724525
21322,4736,true,0.687947
21322,17182,false,0.629916
21322,43518,false,0.413324
21322,47265,false,0.363109
21323,28755,false,0.248602
21324,10659,false,0.54812
21324,26367,false,0.437647
21324,27162,false,0.215238
21325,25654,false,0.923811
21325,28055,false,0.989039
21325,33418,false,0.910929
21325,36951,false,0.088343
21325,38339,false,0.279411
21326,39106,false,0.454412
21326,53340,false,0.124412
21327,4169,true,0.044438
21328,22637,false,0.566877
21328,28380,false,0.818904
21328,39179,false,0.862928
21328,52426,false,0.746284
21328,54975,false,0.719909
21329,4261,true,0.853995
21329,24270,false,0.638908
21330,11540,false,0.618518
21330,17558,false,0.774207
21330,59470,false,0.284316
21331,4454,true,0.728196
21331,17180,false,0.950414
21331,31538,false,0.881709
21331,33117,false,0.116191
21331,45341,false,0.009971
21332,15162,false,0.737617
21332,28118,false,0.336385
21332,44584,false,0.757995
21332,46422,false,0.255114
21333,12725,false,0.315436
21333,13824,false,0.538999
21334,17684,false,0.851211
21334,47182,false,0.933098
21334,58730,false,0.86646
21335,4675,true,0.815626
21335,12409,false,0.010203
21335,14516,false,0.053617
21335,17834,false,0.23416
21335,25272,false,0.37045
21335,31221,false,0.104803
21335,32314,false,0.539796
21335,35122,false,0.035126
21335,39486,false,0.610061
21335,51970,false,0.998828
21337,54872,false,0.7809
21338,4627,true,0.645805
21338,49225,false,0.485091
21338,50803,false,0.886096
21338,54776,false,0.551382
21339,4834,true,0.141447
21339,27532,false,0.833305
21339,41095,false,0.998208
21340,26239,false,0.009215
21340,41486,false,0.995623
21340,43240,false,0.716728
21340,44312,false,0.002079
21340,53380,false,0.802805
21340,54316,false,0.666163
21340,54950,false,1.008841
21341,4341,true,0.979164
21341,4831,true,0.475312
21341,27069,false,0.380983
21342,42268,false,0.854094
21342,44993,false,0.478857
21343,12400,false,0.743348
21343,25388,false,0.470934
21343,27856,false,0.324581
21344,15434,false,0.452204
21344,22880,false,0.643979
21344,34103,false,0.714276
21344,47160,false,0.43917
21345,11761,false,0.027988
21346,4481,true,0.05718
21346,23335,false,0.44872
21346,50900,false,0.720773
21347,55905,false,0.736802
21348,35879,false,0.984542
21349,24950,false,0.004078
21350,4107,true,0.501423
21350,19231,false,0.895983
21351,4101,true,0.672091
21351,4124,true,0.541057
21351,12200,false,0.36678
21351,24603,false,0.180832
21351,28318,false,0.452307
21352,13984,false,0.131197
21353,4509,true,0.513556
21353,19026,false,0.47543
21353,47747,false,0.359117
21354,4597,true,0.680029
21354,50536,false,0.718269
21354,53725,false,0.230487
21355,10463,false,0.688168
21355,12849,false,0.676942
21355,17427,false,0.086199
21355,25763,false,0.098499
21355,38249,false,1.022656
21356,4265,true,0.185314
21356,4909,true,0.366788
21356,11461,false,0.75854
21356,15741,false,0.807462
21356,20591,false,0.674826
21356,45606,false,0.559046
21357,36914,false,0.333078
21358,4403,true,0.246853
21358,14939,false,0.599603
21359,4959,true,0.410894
21359,13863,false,0.351376
21360,13693,false,0.198921
21360,37822,false,0.608685
21360,49477,false,0.058175
21361,4774,true,0.336201
21361,27419,false,0.591825
21362,16127,false,0.446776
21363,4227,true,0.73205
21363,10329,false,0.269118
21363,39995,false,0.942383
21364,4514,true,0.069607
21364,14855,false,0.023333
21364,23304,false,0.329696
21364,30524,false,0.148154
21364,45272,false,1.019377
21364,55155,false,0.302964
21365,4112,true,0.855865
21365,14309,false,0.999057
21365,24363,false,0.513719
21365,28085,false,0.558774
21365,40519,false,0.111872
21366,4525,true,0.41766
21366,50986,false,0.359793
21367,4023,true,0.066608
21367,23722,false,0.29449
21367,29522,false,0.873688
21367,31063,false,0.720278
21368,12775,false,0.982311
21368,47649,false,0.645025
21369,11326,false,0.371871
21369,39738,false,0.12743
21369,48143,false,0.131665
21369,57104,false,0.062338
21370,14633,false,0.306759
21370,52960,false,0.520351
21371,4407,true,0.902704
21371,4667,true,0.266438
21371,35160,false,0.913993
21372,4951,true,0.962816
21372,20865,false,0.601295
21372,25300,false,0.161845
21372,43547,false,0.328086
21372,56676,false,0.237806
21373,21137,false,0.607423
21373,45879,false,0.171816
21374,4845,true,0.85593
21374,12484,false,0.989102
21374,23363,false,0.448869
21374,34604,false,0.641485
21374,35727,false,0.579151
21375,4319,true,0.114339
21376,13650,false,0.204246
21376,27784,false,0.625123
21376,31522,false,0.857217
21376,35159,false,0.583836
21376,41376,false,0.311834
21376,55505,false,0.725071
21377,14595,false,0.551677
21378,18604,false,0.883224
21378,21574,false,0.744218
21378,22036,false,0.28282
21378,55681,false,0.237485
21379,52456,false,0.895086
21380,20403,false,0.882447
21381,4177,true,0.720022
21381,4690,true,0.988016
21382,4835,true,0.037325
21382,20378,false,1.009152
21382,26587,false,0.796286
21382,35145,false,0.525032
21382,49314,false,0.523682
21383,18693,false,0.87196
21383,27838,false,0.258299
21383,49810,false,0.042183
21384,4303,true,0.762165
21384,17999,false,0.512411
21384,32534,false,0.356452
21384,58773,false,0.395855
21385,26050,false,0.824515
21385,46506,false,0.695173
21386,4892,true,0.459904
21386,53691,false,0.750878
21387,17549,false,0.035571
21387,49483,false,0.120475
21388,34400,false,0.725731
21389,4197,true,0.21238
21389,14821,false,0.205885
21389,41539,false,0.852426
21390,4967,true,0.762148
21390,27452,false,0.340604
21391,4585,true,0.30575
21391,22809,false,0.285637
21391,34149,false,0.912538
21392,13178,false,0.836957
21392,46300,false,0.859522
21393,4978,true,0.981426
21393,11017,false,0.784718
21393,23159,false,0.383392
21393,54922,false,0.465814
21394,34593,false,0.026934
21395,27210,false,0.010617
21395,31254,false,0.122696
21396,13371,false,0.105972
21396,20995,false,0.538436
21396,31266,false,0.094071
21396,52164,false,0.489021
21396,54097,false,0.939432
21397,30447,false,0.095537
21397,39557,false,0.221737
21397,44991,false,0.424474
21398,13000,false,0.791013
21398,21801,false,0.932417
21398,29965,false,0.721328
21398,32853,false,0.686951
21398,45319,false,0.993697
21398,50529,false,0.77627
21399,4888,true,0.866563
21399,14630,false,0.932902
21399,48535,false,0.964414
21399,51842,false,0.555087
21400,4496,true,0.789549
21401,4109,true,0.086806
21401,4348,true,0.783115
21401,20056,false,0.262824
21401,27331,false,0.120152
21402,41335,false,0.774682
21402,44335,false,0.991476
21403,13373,false,0.505371
21404,12584,false,0.807972
21404,43230,false,0.841807
21405,27047,false,0.44999
21405,35810,false,0.385529
21405,41627,false,0.797343
21405,45477,false,0.033227
21405,48275,false,0.525658
21406,4269,true,0.029735
21406,16770,false,0.628565
21406,47711,false,0.89858
21407,4519,true,0.394918
21407,28749,false,0.588726
21407,31152,false,0.271361
21407,41088,false,0.999215
21408,24993,false,0.234059
21408,35893,false,0.676576
21409,34295,false,0.836202
21410,17484,false,0.67653
21410,58509,false,0.303988
21411,25566,false,0.301072
21411,29951,false,0.467729
21412,4543,true,0.49509
21412,4601,true,0.711922
21412,30340,false,0.292614
21412,56827,false,0.502707
21414,23523,false,0.63031
21414,49745,false,0.300682
21415,26609,false,0.188452
21416,4880,true,0.00766
21416,11126,false,0.027236
21416,19446,false,0.913544
21416,28912,false,0.278985
21416,42104,false,0.778237
21416,57850,false,0.43291
21417,20858,false,0.710787
21417,21112,false,0.319697
21417,28412,false,0.241285
21417,28463,false,0.619434
21417,34834,false,0.886222
21417,36513,false,0.38273
21417,57743,false,0.496772
21418,27018,false,0.476307
21418,28093,false,0.853552
21418,31280,false,0.976065
21418,33687,false,0.193455
21418,44833,false,0.532286
21418,53787,false,0.225327
21419,18673,false,0.596144
21419,22336,false,0.680772
21420,18870,false,0.535355
21421,13749,false,0.417281
21421,18057,false,0.073813
21421,24690,false,0.627533
21421,54079,false,0.226995
21422,10647,false,0.227463
21422,14954,false,0.480361
21422,16784,false,0.200017
21422,35269,false,0.039176
21422,53096,false,0.590801
21424,38186,false,0.782513
21424,40699,false,0.591304
21424,52582,false,0.863927
21424,55633,false,0.012546
21424,57517,false,0.474619
21425,19153,false,0.292168
21426,17942,false,0.776264
21426,18760,false,0.855864
21426,35781,false,0.57675
21426,54810,false,0.211697
21427,4489,true,0.999935
21427,4797,true,0.391484
21427,13442,false,0.833732
21427,21337,false,0.608049
21428,15968,false,0.088263
21428,19278,false,0.143141
21428,38994,false,0.212052
21428,54927,false,0.478492
21429,23712,false,0.624766
21429,50385,false,0.074159
21429,50675,false,0.384772
21429,57810,false,0.603017
21430,32545,false,1.019933
21430,36585,false,0.430921
21430,41136,false,0.420257
21430,44215,false,0.293521
21431,10640,false,0.128493
21431,13265,false,0.589072
21431,37828,false,0.702859
21431,56015,false,0.974713
21432,19522,false,0.922416
21432,27906,false,0.145502
21432,53147,false,0.459807
21432,58306,false,0.907179
21433,30624,false,0.951262
21433,45249,false,0.79056
21434,42720,false,0.744585
21435,28811,false,0.241646
21435,45499,false,0.604503
21435,51342,false,0.746176
21435,55136,false,0.38816
21436,4148,true,0.687674
21436,11407,false,0.347351
21436,41969,false,0.788989
21437,4833,true,0.986434
21437,10594,false,0.955282
21437,24168,false,0.826217
21437,29822,false,0.548327
21438,22571,false,0.618735
21438,42502,false,0.686697
21438,52668,false,0.144965
21439,24090,false,0.307889
21440,37407,false,0.510059
21440,57476,false,0.439939
21441,4104,true,0.525925
21441,11888,false,0.958971
21441,31706,false,0.271011
21441,34962,false,0.601946
21442,4706,true,0.834632
21442,4881,true,0.533095
21442,18383,false,0.65288
21442,23389,false,0.218368
21442,27675,false,0.809737
21443,4158,true,0.609796
21443,31598,false,0.044379
21443,36531,false,0.154441
21443,56852,false,0.675644
21444,4955,true,0.413787
21444,21476,false,0.011875
21444,22680,false,0.070713
21445,15118,false,0.320752
21445,15255,false,0.971965
21445,23684,false,0.135831
21445,31411,false,0.026665
21445,32647,false,0.754458
21447,10771,false,0.157766
21447,19296,false,0.340529
21447,28559,false,0.838234
21447,38704,false,0.528906
21447,46298,false,0.381073
21448,34623,false,0.39738
21449,12704,false,0.299587
21449,13248,false,0.352647
21449,35016,false,0.736933
21449,51607,false,0.786544
21450,10248,false,0.508425
21450,39888,false,0.303427
21450,55379,false,0.862999
21451,4059,true,0.324986
21451,4697,true,0.212186
21451,32656,false,0.575091
21451,42106,false,0.018839
21451,48810,false,0.432099
21452,4989,true,0.221503
21452,4996,true,0.117109
21452,13455,false,0.497744
21453,4624,true,0.18733
21453,13039,false,0.444006
21453,48009,false,0.060489
21453,48316,false,0.259102
21454,30989,false,0.538847
21455,20636,false,0.615501
21455,57067,false,0.743508
21456,14986,false,0.460924
21456,32876,false,0.333977
21456,47140,false,0.123456
21457,10657,false,0.640443
21457,57856,false,0.156913
21457,59572,false,0.216721
21458,19062,false,0.072203
21458,35742,false,0.730037
21458,39774,false,0.914293
21458,51918,false,0.500733
21459,29439,false,0.630709
21459,32343,false,0.638138
21459,58936,false,0.704389
21460,27302,false,0.068736
21460,33518,false,0.534772
21460,37701,false,0.070764
21460,49886,false,0.853331
21461,39687,false,0.504252
21461,47742,false,0.310385
21461,47923,false,0.384329
21462,24601,false,0.973614
21462,43226,false,0.871976
21462,43870,false,0.896705
21464,10620,false,0.714096
21464,12643,false,0.217788
21464,50887,false,0.719494
21465,37371,false,1.014345
21466,5004,true,0.345427
21466,12685,false,0.999552
21466,38885,false,0.093142
21466,51028,false,0.660073
21466,56888,false,0.250867
21466,57299,false,0.875399
21468,28451,false,0.370225
21468,43065,false,0.426328
21469,41075,false,0.24655
21470,18086,false,0.826508
21471,30145,false,0.286615
21471,49344,false,0.353111
21471,56246,false,0.560599
21472,35723,false,0.317182
21472,49294,false,0.559741
21473,19653,false,0.324634
21473,37361,false,0.08145
21474,16967,false,0.840948
21474,24324,false,0.82188
21474,52697,false,0.499821
21474,54878,false,0.412243
21475,46624,false,0.127979
21476,11617,false,0.316121
21476,40843,false,0.782798
21477,11310,false,0.505825
21477,44983,false,0.860423
21478,31251,false,0.860856
21479,30084,false,0.152452
21479,42371,false,0.011164
21479,42779,false,0.418086
21480,52387,false,0.340029
21480,54293,false,0.576055
21482,16006,false,0.204974
21482,16566,false,0.467364
21482,29554,false,0.133142
21482,50111,false,0.555946
21482,57693,false,0.683075
21483,44579,false,0.930087
21483,45989,false,0.773608
21484,26757,false,0.067691
21484,34413,false,0.087238
21484,38619,false,0.656135
21484,57935,false,0.492632
21485,19750,false,0.585831
21485,34994,false,0.975119
21485,36573,false,0.516727
21485,36769,false,0.048027
21485,40347,false,0.50472
21486,17628,false,0.22589
21486,39438,false,0.622004
21486,40454,false,0.631012
21486,48136,false,0.549955
21486,51275,false,0.722044
21487,37169,false,0.548423
21488,32074,false,0.609145
21489,14785,false,0.741186
21489,48299,false,0.089084
21489,58722,false,0.035696
21490,37319,false,0.922738
21492,31621,false,0.199345
21492,53099,false,0.849709
21492,53663,false,0.119772
21493,15936,false,0.105466
21493,46718,false,0.097917
21494,15604,false,0.124888
21494,49171,false,0.815939
21494,50259,false,0.79952
21494,57027,false,0.704308
21495,30056,false,0.614127
21496,4568,true,0.648347
21497,29927,false,0.287522
21497,48764,false,0.194646
21498,22410,false,0.555925
21498,29040,false,0.343458
21498,50891,false,0.891191
21498,56157,false,0.506678
21499,4030,true,0.944157
21499,27643,false,0.928472
21500,4370,true,0.711506
21500,4487,true,0.610294
21502,40116,false,0.97977
21503,14484,false,0.849979
21503,29678,false,0.028819
21504,14518,false,0.682971
21504,47845,false,0.825436
21505,30756,false,0.194916
21507,38724,false,0.085847
21508,12744,false,0.748707
21508,43817,false,0.015429
21509,23539,false,0.859927
21509,58601,false,0.861386
21511,20930,false,0.21734
21511,54738,false,0.8568
21512,10177,false,0.589388
21512,23816,false,0.452042
21512,42878,false,0.965404
21512,53282,false,0.979792
21513,15492,false,0.245977
21513,31848,false,0.945326
21513,40954,false,0.436567
21514,36656,false,0.448485
21514,50331,false,0.388551
21514,51984,false,0.235248
21515,32124,false,0.038258
21515,38462,false,0.335369
21515,51009,false,0.3154
21515,54254,false,0.837294
21516,34109,false,0.333498
21517,13279,false,0.341244
21517,44494,false,0.04646
21517,48043,false,0.002568
21518,27828,false,0.307524
21518,47532,false,0.578256
21519,38128,false,0.717789
21519,44942,false,0.485323
21519,48767,false,0.4899
21520,15909,false,0.854724
21521,14869,false,0.194276
21521,51494,false,0.095656
21521,54379,false,0.977305
21521,58801,false,0.966249
21522,28957,false,0.674232
21522,57637,false,0.196317
21523,21375,false,0.072282
21523,40960,false,0.633219
21524,24580,false,0.76547
21524,53462,false,0.208678
21524,56490,false,0.75087
21525,4229,true,0.930715
21525,24213,false,0.995476
21525,29193,false,0.451554
21525,59599,false,0.290679
21526,39031,false,0.861366
21526,59330,false,0.673219
21527,15727,false,0.208682
21527,32296,false,0.989265
21527,57250,false,0.506082
21528,36924,false,0.59889
21528,58751,false,0.286798
21529,11458,false,0.358863
21529,33836,false,0.859199
21529,51008,false,0.118886
21530,13115,false,0.810519
21530,35350,false,0.054398
21531,53194,false,0.98337
21531,56202,false,0.66396
21532,4061,true,0.36597
21532,26849,false,0.820496
21532,47078,false,0.17917
21533,21141,false,0.064467
21533,24127,false,0.97771
21534,4536,true,0.418139
21534,16315,false,0.748288
21534,30747,false,0.671005
21535,4891,true,0.58148
21535,45091,false,0.159622
21535,52867,false,0.774983
21535,58482,false,0.037659
21536,20619,false,0.011281
21536,41616,false,0.72708
21536,41960,false,0.770704
21536,54096,false,0.183885
21537,17960,false,0.626881
21537,43332,false,0.578738
21537,56793,false,0.365451
21538,34406,false,1.02176
21538,35378,false,0.745242
21538,41950,false,0.224664
21538,44623,false,0.819399
21538,45222,false,0.330912
21539,14294,false,0.891933
21539,41699,false,0.381442
21540,23851,false,0.833185
21540,59274,false,0.09541
21541,24942,false,0.379355
21541,49701,false,0.957354
21542,4007,true,0.720096
21542,4463,true,0.015751
21542,25891,false,0.380552
21542,57581,false,0.168022
21543,39927,false,0.770643
21544,14010,false,0.244393
21544,17033,false,0.883375
21544,31197,false,0.195018
21545,44874,false,0.459625
21546,10106,false,0.65771
21546,23239,false,0.447952
21546,49013,false,0.953038
21547,25508,false,0.482554
21547,44827,false,0.638619
21547,52450,false,0.879075
21548,42823,false,0.766441
21549,14471,false,0.490375
21549,18997,false,0.91718
21549,24264,false,0.244745
21550,4541,true,0.317458
21550,16170,false,0.782297
21550,56595,false,0.415295
21551,4399,true,0.204127
21551,4684,true,0.52701
21552,27283,false,0.626367
21552,28401,false,0.143869
21553,4012,true,0.195324
21553,20244,false,0.750377
21553,39124,false,0.799583
21556,48034,false,0.218163
21556,48291,false,0.681157
21557,15437,false,0.453301
21557,25460,false,0.164449
21557,31679,false,0.912538
21558,4812,true,0.479685
21558,48325,false,0.031538
21559,4561,true,0.83294
21559,4604,true,0.138
21559,35983,false,0.271977
21559,55158,false,0.590796
21560,36122,false,0.303255
21560,43532,false,0.131537
21561,19883,false,0.632812
21561,29209,false,0.603629
21561,30488,false,0.948929
21561,46918,false,0.611913
21561,52375,false,0.209981
21562,33646,false,0.045649
21562,50772,false,0.713031
21563,32205,false,0.736398
21563,36885,false,0.93752
21564,4093,true,0.910741
21564,4390,true,0.695659
21564,19515,false,0.960362
21564,33612,false,0.399638
21564,59296,false,0.421036
21565,15395,false,0.050454
21565,40670,false,0.513759
21565,52913,false,0.122661
21566,4783,true,0.251333
21566,27044,false,0.792834
21566,39412,false,0.40341
21566,46513,false,0.667086
21567,13506,false,0.181131
21567,13883,false,0.019844
21567,20223,false,0.972245
21567,21117,false,0.99344
21568,4274,true,0.418217
21568,19169,false,0.421102
21568,25944,false,0.991167
21568,26799,false,0.428979
21568,30306,false,0.646869
21568,41031,false,0.235619
21569,4098,true,0.988614
21569,14277,false,0.759124
21569,28837,false,0.970249
21569,40112,false,0.510139
21569,42885,false,0.234452
21570,4498,true,0.793358
21571,4171,true,0.703269
21571,43372,false,0.873192
21571,44102,false,0.787297
21572,38289,false,0.987906
21572,58183,false,0.249296
21572,59010,false,0.374528
21573,4810,true,0.686045
21573,19325,false,0.372374
21573,53709,false,0.102296
21574,21386,false,0.790911
21574,48722,false,0.954901
21575,4958,true,0.745081
21575,15531,false,0.513162
21575,52685,false,0.870286
21576,13658,false,0.439782
21576,14594,false,0.560398
21576,20442,false,0.48936
21576,33299,false,0.588883
21578,33120,false,0.569015
21580,4968,true,0.094669
21580,12135,false,0.947059
21580,19928,false,0.84901
21580,22453,false,0.218903
21580,22558,false,0.607656
21581,38440,false,0.937928
21582,4961,true,0.750323
21582,21459,false,0.959438
21582,39705,false,0.742195
21582,58142,false,0.031384
21583,4730,true,0.767312
21583,4839,true,1.003314
21583,14849,false,0.514993
21583,29800,false,0.993552
21583,32207,false,0.079429
21584,23290,false,0.432356
21584,35212,false,0.224084
21584,55111,false,0.58383
21585,4338,true,0.931771
21585,4937,true,0.063475
21585,11427,false,0.868861
21585,24951,false,0.847526
21585,26617,false,0.964438
21585,47816,false,0.93429
21586,18257,false,0.33739
21586,28174,false,0.152893
21587,37833,false,0.721933
21587,52749,false,0.409457
21587,54732,false,0.604883
21588,4305,true,0.748879
21588,24191,false,0.760917
21588,34705,false,0.077075
21588,36683,false,0.176619
21588,41468,false,0.309964
21588,55406,false,0.94472
21589,12582,false,0.015057
21589,25402,false,0.428838
21590,15460,false,0.570398
21590,22192,false,0.314809
21590,47501,false,0.29066
21590,58554,false,0.534904
21591,15593,false,0.996946
21591,31844,false,0.022234
21591,52923,false,0.230553
21592,17646,false,0.481534
21592,25022,false,0.573485
21592,28296,false,0.849467
21593,22003,false,0.004413
21593,52216,false,0.377166
21594,14121,false,0.09033
21594,15540,false,0.155828
21594,20026,false,0.554902
21594,49568,false,0.763968
21595,4138,true,0.203639
21595,30659,false,0.256628
21595,57270,false,0.463701
21596,15233,false,0.287533
21596,24630,false,0.976066
21596,36635,false,0.345929
21596,42074,false,0.340818
21596,56045,false,0.307807
21597,16844,false,0.786552
21597,19386,false,0.784035
21597,31189,false,0.677393
21597,46505,false,0.543339
21597,59447,false,0.612304
21598,12496,false,0.684539
21598,23701,false,0.886958
21598,27701,false,0.730642
21598,52656,false,0.489924
21600,4071,true,0.856584
21601,13926,false,0.429437
21601,14952,false,0.006439
21601,37933,false,0.842158
21601,40195,false,0.620604
21601,44315,false,0.584389
21601,48693,false,1.000369
21602,14047,false,0.202822
21602,19948,false,0.683852
21602,26466,false,0.822051
21602,30643,false,0.49728
21602,37392,false,0.687464
21603,54698,false,0.055422
21604,22037,false,0.458778
21604,33452,false,0.809849
21604,36058,false,0.307506
21604,39092,false,0.355245
21605,4027,true,1.014645
21605,31463,false,1.013378
21605,35074,false,0.145353
21605,38754,false,0.577017
21605,43883,false,0.301934
21606,44718,false,0.691488
21607,4277,true,0.631879
21607,34798,false,0.961305
21607,59340,false,0.149409
21608,33033,false,0.476088
21608,49128,false,0.661127
21608,53915,false,0.007514
21609,18038,false,0.285963
21609,20672,false,0.094365
21609,49732,false,0.317105
21609,53073,false,0.897068
21609,58766,false,0.12381
21610,4058,true,1.003443
21610,4505,true,0.290384
21610,47181,false,0.837503
21610,54622,false,0.239125
21612,4392,true,0.952398
21612,33472,false,0.287382
21612,59479,false,0.794768
21613,4142,true,0.84374
21613,4671,true,0.259094
21613,4800,true,0.49768
21613,4866,true,0.738328
21613,11514,false,0.594278
21613,38900,false,0.910414
21613,41431,false,0.752446
21613,48879,false,0.166842
21613,50378,false,0.854308
21613,53902,false,0.175648
21614,29062,false,0.016073
21614,57101,false,0.74389
21615,17604,false,0.704518
21615,33467,false,0.19608
21616,4258,true,0.483198
21616,38475,false,0.224104
21616,49842,false,0.14544
21617,20818,false,0.860186
21617,21990,false,0.38216
21617,51210,false,0.053989
21618,19885,false,0.909302
21618,28666,false,0.904049
21618,46827,false,0.16006
21619,4246,true,0.121401
21619,18524,false,0.307055
21619,22004,false,0.313305
21619,37061,false,0.189682
21620,4692,true,0.444632
21620,4906,true,0.879588
21620,11973,false,0.104265
21620,36864,false,0.9409
21620,59114,false,0.461978
21621,12307,false,0.315989
21621,48106,false,0.124987
21622,4203,true,0.242545
21622,4654,true,0.033888
21622,10821,false,0.187544
21622,14558,false,0.044561
21622,16406,false,0.951697
21622,33919,false,0.262939
21622,47306,false,0.51356
21622,57410,false,0.684072
21623,13460,false,0.143762
21623,36629,false,0.407114
21624,4608,true,0.912632
21624,15163,false,0.430119
21624,16381,false,0.167623
21624,17377,false,0.316133
21624,23330,false,0.744469
21624,26037,false,0.669916
21624,38393,false,0.8537
21625,4735,true,0.787303
21625,10484,false,0.376961
21626,47748,false,0.101701
21627,15548,false,0.75692
21627,55361,false,0.362829
21628,4740,true,0.35025
21628,37410,false,0.532243
21629,47581,false,0.048602
21630,4176,true,0.267076
21630,41006,false,0.305941
21630,46613,false,0.444614
21630,55856,false,0.986406
21632,30205,false,0.100181
21632,38766,false,0.861217
21632,43625,false,0.389117
21632,59059,false,0.758657
21633,4224,true,0.026239
21633,16241,false,0.619725
21633,17906,false,0.168914
21633,38990,false,1.010411
21633,45752,false,0.500771
21633,50733,false,0.929654
21635,4334,true,0.931389
21635,10328,false,0.011176
21635,11828,false,0.522758
21635,37282,false,0.783766
21636,4816,true,0.442233
21636,31410,false,0.991883
21636,43038,false,0.754907
21636,56319,false,0.305079
21637,24268,false,0.676277
21637,33190,false,0.537079
21637,48705,false,0.82031
21639,10774,false,0.860268
21639,25847,false,0.854414
21639,49350,false,0.488843
21640,22581,false,0.174046
21640,51995,false,0.413161
21641,20752,false,0.818804
21641,20763,false,0.946441
21641,34007,false,0.996552
21642,27820,false,0.365759
21642,40475,false,1.01339
21642,57356,false,0.034749
21643,22395,false,0.537785
21643,34659,false,0.414493
21643,52979,false,1.001203
21644,21934,false,0.379558
21644,29957,false,0.284387
21644,55313,false,0.739394
21645,33882,false,0.2535
21645,50121,false,0.264003
21646,4088,true,0.912854
21646,4320,true,0.98603
21646,4648,true,0.473139
21646,32850,false,0.172725
21646,48526,false,0.636683
21646,56172,false,0.787446
21647,4521,true,0.896221
21647,4928,true,0.322656
21647,55646,false,0.090768
21648,10243,false,0.439359
21648,11766,false,0.303813
21648,14995,false,0.706893
21650,4013,true,0.156466
21650,12767,false,0.188971
21650,13123,false,0.25138
21650,25787,false,0.694765
21650,47100,false,0.607905
21650,49917,false,0.730169
21651,4178,true,0.878861
21651,4210,true,0.562181
21651,30193,false,0.090612
21651,38660,false,0.240969
21651,49132,false,0.151678
21651,49885,false,0.96419
21652,33633,false,0.270804
21652,42430,false,0.431551
21652,44177,false,0.959549
21652,45204,false,0.270847
21652,59568,false,0.657905
21653,20234,false,0.351843
21653,30260,false,0.405693
21653,30641,false,0.447571
21654,50138,false,0.358732
21655,21874,false,0.574177
21655,43327,false,0.341374
21656,18087,false,0.110237
21656,35516,false,0.775955
21657,38579,false,0.87127
21657,47084,false,0.329548
21658,4132,true,0.883768
21658,4890,true,0.887811
21659,30645,false,0.772805
21659,52777,false,0.310075
21660,4118,true,0.19752
21660,31692,false,0.3425
21660,38976,false,0.97799
21660,46529,false,0.093643
21660,49661,false,0.285833
21661,4656,true,0.121681
21661,42772,false,0.853472
21661,43081,false,0.745508
21661,43311,false,0.037885
21662,17146,false,0.401871
21662,17329,false,0.945966
21662,24351,false,0.695004
21662,28690,false,0.468546
21662,46524,false,0.113284
21663,4145,true,0.15903
21663,4445,true,0.276187
21664,23396,false,0.192766
21664,45186,false,0.716721
21665,36873,false,0.565128
21666,4356,true,0.032135
21666,16262,false,0.449331
21667,4698,true,0.047127
21667,11631,false,0.483589
21667,14879,false,0.430008
21667,37315,false,0.422584
21667,38373,false,0.302376
21667,51412,false,0.277606
21667,54607,false,0.639089
21667,55375,false,0.067971
21668,4371,true,0.657886
21668,32803,false,0.909479
21669,26432,false,0.674305
21670,4154,true,0.414757
21670,10270,false,0.342904
21670,11093,false,0.421195
21670,19487,false,0.587369
21670,20481,false,0.842847
21670,44618,false,0.120989
21670,52633,false,0.372116
21671,4429,true,0.105964
21671,42231,false,0.034592
21672,4352,true,0.940149
21672,4973,true,0.117473
21672,28431,false,0.417797
21672,50551,false,0.483974
21673,15294,false,0.997162
21673,43179,false,0.465627
21673,46594,false,0.468213
21674,13773,false,0.712099
21674,15461,false,0.397963
21674,49322,false,0.104123
21674,56456,false,0.722565
21676,4819,true,0.049293
21676,10797,false,0.657992
21676,18152,false,0.84375
21676,18913,false,0.43901
21677,4137,true,0.835852
21677,4486,true,0.291071
21677,34909,false,0.703727
21677,52632,false,0.554886
21678,43740,false,0.04797
21678,55294,false,0.28614
21679,24204,false,0.438789
21679,46953,false,0.399291
21680,4664,true,0.939261
21680,37426,false,0.705386
21680,40825,false,0.194989
21680,51337,false,0.275465
21680,55366,false,0.955197
21682,14559,false,0.210621
21682,15900,false,0.164417
21682,19674,false,0.30315
21682,22507,false,0.528372
21682,29429,false,0.683832
21682,42801,false,0.117941
21683,27509,false,0.845637
21683,29169,false,0.287097
21683,35131,false,0.722859
21683,37351,false,0.72556
21684,4583,true,0.982121
21684,15474,false,0.607749
21684,17006,false,0.713058
21684,26527,false,0.295709
21684,34389,false,0.647503
21684,47354,false,0.391291
21684,57145,false,0.405125
21685,10353,false,0.297015
21685,55918,false,0.054403
21685,58103,false,0.103006
21686,16311,false,0.191338
21686,38011,false,0.781876
21686,50850,false,0.731305
21687,34460,false,0.466019
21687,41987,false,0.716896
21687,56282,false,0.339177
21688,22723,false,0.211321
21688,41345,false,0.22623
21689,45707,false,0.026413
21690,34373,false,0.935148
21690,36452,false,0.450254
21690,43752,false,0.656585
21691,18481,false,0.247456
21691,26618,false,0.470025
21691,40505,false,0.569167
21691,51047,false,0.409363
